3.689999999999999858e+01
3.679999999999999716e+01
4.489999999999999858e+01
2.910000000000000142e+01
6.160000000000000142e+01
1.240000000000000036e+01
1.639999999999999858e+01
4.410000000000000142e+01
2.830000000000000071e+01
3.529999999999999716e+01
3.119999999999999929e+01
4.489999999999999858e+01
2.760000000000000142e+01
4.120000000000000284e+01
2.630000000000000071e+01
8.270000000000000284e+01
6.260000000000000142e+01
3.529999999999999716e+01
3.119999999999999929e+01
4.489999999999999858e+01
2.760000000000000142e+01
4.120000000000000284e+01
2.630000000000000071e+01
8.270000000000000284e+01
6.260000000000000142e+01
4.489999999999999858e+01
2.189999999999999858e+01
3.400000000000000000e+01
3.470000000000000284e+01
4.489999999999999858e+01
2.710000000000000142e+01
2.830000000000000071e+01
3.650000000000000000e+01
4.870000000000000284e+01
3.160000000000000142e+01
3.700000000000000000e+01
2.850000000000000000e+01
2.389999999999999858e+01
6.279999999999999716e+01
4.270000000000000284e+01
2.789999999999999858e+01
3.600000000000000000e+01
3.010000000000000142e+01
3.570000000000000284e+01
3.970000000000000284e+01
3.760000000000000142e+01
4.860000000000000142e+01
4.239999999999999858e+01
5.989999999999999858e+01
5.020000000000000284e+01
4.489999999999999858e+01
5.179999999999999716e+01
3.220000000000000284e+01
5.179999999999999716e+01
2.850000000000000000e+01
2.389999999999999858e+01
6.279999999999999716e+01
4.270000000000000284e+01
2.789999999999999858e+01
3.600000000000000000e+01
3.010000000000000142e+01
3.570000000000000284e+01
3.970000000000000284e+01
3.760000000000000142e+01
3.700000000000000000e+01
