1.710000000000000142e+01
2.760000000000000142e+01
2.539999999999999858e+01
5.360000000000000142e+01
2.310000000000000142e+01
3.579999999999999716e+01
3.770000000000000284e+01
2.769999999999999929e+01
3.570000000000000284e+01
2.969999999999999929e+01
2.010000000000000142e+01
6.260000000000000142e+01
3.579999999999999716e+01
3.770000000000000284e+01
2.769999999999999929e+01
3.570000000000000284e+01
2.969999999999999929e+01
6.260000000000000142e+01
2.030000000000000071e+01
4.389999999999999858e+01
4.110000000000000142e+01
5.270000000000000284e+01
2.639999999999999858e+01
4.050000000000000000e+01
6.320000000000000284e+01
3.250000000000000000e+01
2.780000000000000071e+01
6.000000000000000000e+01
6.260000000000000142e+01
4.389999999999999858e+01
3.660000000000000142e+01
3.400000000000000000e+01
2.250000000000000000e+01
2.910000000000000142e+01
3.610000000000000142e+01
4.439999999999999858e+01
3.850000000000000000e+01
2.410000000000000142e+01
4.450000000000000000e+01
2.839999999999999858e+01
2.400000000000000000e+01
3.450000000000000000e+01
6.210000000000000142e+01
6.260000000000000142e+01
4.389999999999999858e+01
3.660000000000000142e+01
3.400000000000000000e+01
2.250000000000000000e+01
2.910000000000000142e+01
