3.529999999999999716e+01
3.789999999999999858e+01
4.050000000000000000e+01
2.310000000000000142e+01
3.810000000000000142e+01
3.810000000000000142e+01
1.430000000000000071e+01
1.419999999999999929e+01
4.010000000000000142e+01
3.019999999999999929e+01
4.689999999999999858e+01
4.779999999999999716e+01
4.010000000000000142e+01
3.019999999999999929e+01
4.689999999999999858e+01
4.779999999999999716e+01
4.339999999999999858e+01
4.510000000000000142e+01
3.879999999999999716e+01
4.060000000000000142e+01
2.619999999999999929e+01
2.100000000000000000e+01
2.819999999999999929e+01
3.870000000000000284e+01
3.900000000000000000e+01
2.219999999999999929e+01
3.379999999999999716e+01
4.479999999999999716e+01
2.789999999999999858e+01
2.930000000000000071e+01
4.729999999999999716e+01
4.610000000000000142e+01
2.739999999999999858e+01
2.489999999999999858e+01
4.310000000000000142e+01
4.079999999999999716e+01
3.850000000000000000e+01
2.219999999999999929e+01
3.379999999999999716e+01
4.479999999999999716e+01
2.789999999999999858e+01
2.930000000000000071e+01
4.729999999999999716e+01
4.610000000000000142e+01
3.900000000000000000e+01
