2.539999999999999858e+01
4.729999999999999716e+01
3.130000000000000071e+01
3.439999999999999858e+01
4.229999999999999716e+01
3.510000000000000142e+01
3.679999999999999716e+01
3.560000000000000142e+01
4.460000000000000142e+01
2.200000000000000000e+01
3.910000000000000142e+01
3.379999999999999716e+01
3.600000000000000000e+01
4.050000000000000000e+01
4.779999999999999716e+01
3.189999999999999858e+01
2.289999999999999858e+01
3.570000000000000284e+01
3.570000000000000284e+01
2.319999999999999929e+01
3.370000000000000284e+01
6.740000000000000568e+01
7.700000000000000178e+00
9.000000000000000000e+00
7.500000000000000000e+00
5.599999999999999645e+00
7.700000000000000178e+00
6.099999999999999645e+00
4.779999999999999716e+01
8.900000000000000355e+00
6.400000000000000355e+00
3.189999999999999858e+01
2.289999999999999858e+01
3.570000000000000284e+01
3.570000000000000284e+01
2.319999999999999929e+01
3.370000000000000284e+01
6.740000000000000568e+01
3.879999999999999716e+01
3.220000000000000284e+01
9.800000000000000711e+00
3.660000000000000142e+01
1.069999999999999929e+01
0.000000000000000000e+00
0.000000000000000000e+00
0.000000000000000000e+00
0.000000000000000000e+00
0.000000000000000000e+00
0.000000000000000000e+00
0.000000000000000000e+00
0.000000000000000000e+00
0.000000000000000000e+00
0.000000000000000000e+00
0.000000000000000000e+00
5.039999999999999858e+01
3.439999999999999858e+01
2.410000000000000142e+01
2.810000000000000142e+01
6.220000000000000284e+01
1.069999999999999929e+01
1.109999999999999964e+01
1.400000000000000000e+01
1.769999999999999929e+01
1.069999999999999929e+01
2.810000000000000142e+01
5.320000000000000284e+01
1.259999999999999964e+01
2.119999999999999929e+01
2.350000000000000000e+01
3.829999999999999716e+01
3.069999999999999929e+01
6.220000000000000284e+01
2.910000000000000142e+01
1.550000000000000000e+01
8.279999999999999716e+01
7.359999999999999432e+01
2.150000000000000000e+01
1.309999999999999964e+01
2.230000000000000071e+01
2.389999999999999858e+01
4.800000000000000000e+01
3.829999999999999716e+01
3.069999999999999929e+01
