3.479999999999999716e+01
1.980000000000000071e+01
4.029999999999999716e+01
3.689999999999999858e+01
3.520000000000000284e+01
3.610000000000000142e+01
2.830000000000000071e+01
3.710000000000000142e+01
3.180000000000000071e+01
4.150000000000000000e+01
3.810000000000000142e+01
4.379999999999999716e+01
1.689999999999999858e+01
4.160000000000000142e+01
3.470000000000000284e+01
3.779999999999999716e+01
3.000000000000000000e+01
3.250000000000000000e+01
5.700000000000000178e+00
6.099999999999999645e+00
8.599999999999999645e+00
7.599999999999999645e+00
7.400000000000000355e+00
5.500000000000000000e+00
3.810000000000000142e+01
4.379999999999999716e+01
6.500000000000000000e+00
1.689999999999999858e+01
4.160000000000000142e+01
3.470000000000000284e+01
3.779999999999999716e+01
3.000000000000000000e+01
3.250000000000000000e+01
2.119999999999999929e+01
5.379999999999999716e+01
3.379999999999999716e+01
2.750000000000000000e+01
5.320000000000000284e+01
7.859999999999999432e+01
8.099999999999999645e+00
3.529999999999999716e+01
3.960000000000000142e+01
2.469999999999999929e+01
8.099999999999999645e+00
3.960000000000000142e+01
2.830000000000000071e+01
3.229999999999999716e+01
3.810000000000000142e+01
4.379999999999999716e+01
4.160000000000000142e+01
3.470000000000000284e+01
3.779999999999999716e+01
3.000000000000000000e+01
3.250000000000000000e+01
2.119999999999999929e+01
5.379999999999999716e+01
3.379999999999999716e+01
2.750000000000000000e+01
5.320000000000000284e+01
7.859999999999999432e+01
3.529999999999999716e+01
3.960000000000000142e+01
2.469999999999999929e+01
3.960000000000000142e+01
2.830000000000000071e+01
3.229999999999999716e+01
2.580000000000000071e+01
3.760000000000000142e+01
3.160000000000000142e+01
3.000000000000000000e+01
3.800000000000000000e+01
3.960000000000000142e+01
3.000000000000000000e+01
3.000000000000000000e+01
3.289999999999999858e+01
2.580000000000000071e+01
1.689999999999999858e+01
1.669999999999999929e+01
3.160000000000000142e+01
3.000000000000000000e+01
3.800000000000000000e+01
1.950000000000000000e+01
3.960000000000000142e+01
3.000000000000000000e+01
1.550000000000000000e+01
1.509999999999999964e+01
3.000000000000000000e+01
3.289999999999999858e+01
2.580000000000000071e+01
4.429999999999999716e+01
4.160000000000000142e+01
2.969999999999999929e+01
2.989999999999999858e+01
2.810000000000000142e+01
3.000000000000000000e+01
