4.460000000000000142e+01
3.720000000000000284e+01
2.939999999999999858e+01
5.079999999999999716e+01
4.270000000000000284e+01
3.620000000000000284e+01
2.900000000000000000e+01
3.030000000000000071e+01
4.539999999999999858e+01
6.239999999999999858e+01
3.030000000000000071e+01
2.739999999999999858e+01
4.450000000000000000e+01
3.030000000000000071e+01
3.620000000000000284e+01
2.739999999999999858e+01
1.069999999999999929e+01
3.620000000000000284e+01
2.739999999999999858e+01
4.970000000000000284e+01
2.830000000000000071e+01
2.030000000000000071e+01
3.660000000000000142e+01
4.160000000000000142e+01
2.260000000000000142e+01
3.989999999999999858e+01
6.239999999999999858e+01
2.039999999999999858e+01
5.189999999999999858e+01
5.120000000000000284e+01
5.479999999999999716e+01
2.130000000000000071e+01
4.439999999999999858e+01
6.239999999999999858e+01
3.030000000000000071e+01
3.550000000000000000e+01
6.239999999999999858e+01
3.639999999999999858e+01
5.189999999999999858e+01
5.120000000000000284e+01
5.479999999999999716e+01
