3.960000000000000142e+01
3.579999999999999716e+01
4.450000000000000000e+01
5.370000000000000284e+01
4.989999999999999858e+01
1.769999999999999929e+01
4.810000000000000142e+01
3.929999999999999716e+01
1.689999999999999858e+01
4.520000000000000284e+01
2.739999999999999858e+01
4.110000000000000142e+01
2.760000000000000142e+01
3.700000000000000000e+01
2.789999999999999858e+01
1.530000000000000071e+01
9.800000000000000711e+00
7.799999999999999822e+00
8.099999999999999645e+00
2.789999999999999858e+01
1.530000000000000071e+01
5.900000000000000355e+00
4.329999999999999716e+01
2.739999999999999858e+01
0.000000000000000000e+00
0.000000000000000000e+00
0.000000000000000000e+00
0.000000000000000000e+00
0.000000000000000000e+00
0.000000000000000000e+00
0.000000000000000000e+00
0.000000000000000000e+00
1.739999999999999858e+01
1.080000000000000071e+01
4.029999999999999716e+01
2.980000000000000071e+01
3.689999999999999858e+01
4.889999999999999858e+01
1.109999999999999964e+01
2.980000000000000071e+01
2.589999999999999858e+01
4.100000000000000000e+01
3.750000000000000000e+01
3.000000000000000000e+01
2.739999999999999858e+01
2.980000000000000071e+01
