2.530000000000000071e+01
1.639999999999999858e+01
2.510000000000000142e+01
1.710000000000000142e+01
4.089999999999999858e+01
4.200000000000000000e+01
5.750000000000000000e+01
2.169999999999999929e+01
3.579999999999999716e+01
1.430000000000000071e+01
3.820000000000000284e+01
4.539999999999999858e+01
1.989999999999999858e+01
3.579999999999999716e+01
3.820000000000000284e+01
4.539999999999999858e+01
4.239999999999999858e+01
3.050000000000000000e+01
3.300000000000000000e+01
3.479999999999999716e+01
3.370000000000000284e+01
3.130000000000000071e+01
2.069999999999999929e+01
2.519999999999999929e+01
2.850000000000000000e+01
3.800000000000000000e+01
3.270000000000000284e+01
2.700000000000000000e+01
4.589999999999999858e+01
2.919999999999999929e+01
4.200000000000000000e+01
3.670000000000000284e+01
2.269999999999999929e+01
3.689999999999999858e+01
3.289999999999999858e+01
2.539999999999999858e+01
2.510000000000000142e+01
2.989999999999999858e+01
6.310000000000000142e+01
3.939999999999999858e+01
3.670000000000000284e+01
3.500000000000000000e+01
0.000000000000000000e+00
3.370000000000000284e+01
0.000000000000000000e+00
1.430000000000000071e+01
0.000000000000000000e+00
2.510000000000000142e+01
0.000000000000000000e+00
0.000000000000000000e+00
0.000000000000000000e+00
4.170000000000000284e+01
3.050000000000000000e+01
3.820000000000000284e+01
4.539999999999999858e+01
4.239999999999999858e+01
3.050000000000000000e+01
3.300000000000000000e+01
3.479999999999999716e+01
3.370000000000000284e+01
3.130000000000000071e+01
2.519999999999999929e+01
2.850000000000000000e+01
3.800000000000000000e+01
3.270000000000000284e+01
2.700000000000000000e+01
4.589999999999999858e+01
2.919999999999999929e+01
4.200000000000000000e+01
3.670000000000000284e+01
2.269999999999999929e+01
3.689999999999999858e+01
3.289999999999999858e+01
2.539999999999999858e+01
2.510000000000000142e+01
2.989999999999999858e+01
3.820000000000000284e+01
4.539999999999999858e+01
4.239999999999999858e+01
3.050000000000000000e+01
3.300000000000000000e+01
3.479999999999999716e+01
3.370000000000000284e+01
3.130000000000000071e+01
2.519999999999999929e+01
2.850000000000000000e+01
3.800000000000000000e+01
3.270000000000000284e+01
2.700000000000000000e+01
4.589999999999999858e+01
2.919999999999999929e+01
