2.639999999999999858e+01
1.150000000000000000e+01
1.930000000000000071e+01
2.830000000000000071e+01
5.260000000000000142e+01
8.400000000000000000e+01
4.179999999999999716e+01
7.150000000000000000e+01
6.279999999999999716e+01
4.450000000000000000e+01
5.220000000000000284e+01
4.560000000000000142e+01
5.700000000000000000e+01
6.310000000000000142e+01
5.700000000000000000e+01
6.310000000000000142e+01
6.289999999999999858e+01
5.010000000000000142e+01
3.829999999999999716e+01
3.589999999999999858e+01
3.000000000000000000e+01
6.270000000000000284e+01
3.589999999999999858e+01
6.079999999999999716e+01
2.580000000000000071e+01
4.429999999999999716e+01
3.229999999999999716e+01
2.689999999999999858e+01
2.019999999999999929e+01
3.950000000000000000e+01
3.779999999999999716e+01
3.100000000000000000e+01
4.210000000000000142e+01
2.430000000000000071e+01
2.750000000000000000e+01
3.220000000000000284e+01
4.320000000000000284e+01
2.989999999999999858e+01
4.460000000000000142e+01
2.180000000000000071e+01
3.229999999999999716e+01
2.689999999999999858e+01
2.019999999999999929e+01
3.950000000000000000e+01
3.779999999999999716e+01
3.100000000000000000e+01
4.210000000000000142e+01
