1.900000000000000000e+01
4.450000000000000000e+01
2.550000000000000000e+01
3.289999999999999858e+01
4.060000000000000142e+01
3.180000000000000071e+01
1.109999999999999964e+01
3.429999999999999716e+01
2.369999999999999929e+01
3.810000000000000142e+01
5.989999999999999858e+01
2.789999999999999858e+01
3.220000000000000284e+01
4.120000000000000284e+01
2.880000000000000071e+01
2.969999999999999929e+01
4.200000000000000000e+01
2.769999999999999929e+01
2.300000000000000000e+01
2.780000000000000071e+01
3.379999999999999716e+01
1.559999999999999964e+01
2.789999999999999858e+01
3.960000000000000142e+01
2.750000000000000000e+01
4.200000000000000000e+01
3.450000000000000000e+01
2.100000000000000000e+01
2.730000000000000071e+01
3.750000000000000000e+01
2.830000000000000071e+01
3.750000000000000000e+01
7.700000000000000178e+00
6.400000000000000355e+00
6.400000000000000355e+00
6.700000000000000178e+00
5.000000000000000000e+00
6.400000000000000355e+00
8.500000000000000000e+00
6.500000000000000000e+00
5.400000000000000355e+00
5.200000000000000178e+00
6.099999999999999645e+00
8.099999999999999645e+00
5.500000000000000000e+00
6.099999999999999645e+00
6.900000000000000355e+00
6.400000000000000355e+00
1.559999999999999964e+01
2.789999999999999858e+01
3.960000000000000142e+01
2.750000000000000000e+01
9.500000000000000000e+00
5.099999999999999645e+00
6.099999999999999645e+00
4.200000000000000000e+01
3.450000000000000000e+01
2.100000000000000000e+01
2.730000000000000071e+01
3.750000000000000000e+01
7.599999999999999645e+00
2.830000000000000071e+01
3.750000000000000000e+01
2.160000000000000142e+01
1.919999999999999929e+01
3.760000000000000142e+01
9.099999999999999645e+00
2.910000000000000142e+01
5.599999999999999645e+00
3.450000000000000000e+01
3.260000000000000142e+01
4.610000000000000142e+01
2.089999999999999858e+01
3.910000000000000142e+01
3.339999999999999858e+01
8.800000000000000711e+00
2.919999999999999929e+01
3.589999999999999858e+01
1.900000000000000000e+01
5.500000000000000000e+00
3.429999999999999716e+01
5.539999999999999858e+01
2.060000000000000142e+01
3.500000000000000000e+01
2.789999999999999858e+01
1.880000000000000071e+01
7.200000000000000178e+00
1.419999999999999929e+01
2.130000000000000071e+01
8.500000000000000000e+00
2.460000000000000142e+01
3.139999999999999858e+01
3.820000000000000284e+01
5.400000000000000355e+00
3.729999999999999716e+01
1.409999999999999964e+01
6.500000000000000000e+00
1.719999999999999929e+01
2.389999999999999858e+01
6.900000000000000355e+00
5.200000000000000178e+00
3.960000000000000142e+01
4.160000000000000142e+01
8.099999999999999645e+00
4.450000000000000000e+01
2.589999999999999858e+01
6.700000000000000178e+00
2.939999999999999858e+01
1.090000000000000036e+01
3.189999999999999858e+01
2.650000000000000000e+01
5.500000000000000000e+01
4.229999999999999716e+01
8.000000000000000000e+00
6.400000000000000355e+00
2.789999999999999858e+01
3.960000000000000142e+01
2.750000000000000000e+01
4.200000000000000000e+01
3.450000000000000000e+01
2.100000000000000000e+01
2.730000000000000071e+01
3.750000000000000000e+01
2.830000000000000071e+01
3.750000000000000000e+01
2.160000000000000142e+01
3.760000000000000142e+01
2.910000000000000142e+01
3.450000000000000000e+01
3.260000000000000142e+01
4.610000000000000142e+01
2.089999999999999858e+01
3.910000000000000142e+01
3.339999999999999858e+01
2.919999999999999929e+01
3.589999999999999858e+01
3.429999999999999716e+01
5.539999999999999858e+01
2.060000000000000142e+01
3.500000000000000000e+01
2.789999999999999858e+01
2.130000000000000071e+01
2.460000000000000142e+01
3.139999999999999858e+01
3.820000000000000284e+01
3.729999999999999716e+01
2.389999999999999858e+01
3.960000000000000142e+01
4.160000000000000142e+01
4.450000000000000000e+01
2.589999999999999858e+01
2.939999999999999858e+01
3.189999999999999858e+01
2.650000000000000000e+01
5.500000000000000000e+01
4.229999999999999716e+01
2.450000000000000000e+01
2.789999999999999858e+01
6.409999999999999432e+01
3.139999999999999858e+01
3.520000000000000284e+01
2.310000000000000142e+01
2.860000000000000142e+01
4.660000000000000142e+01
2.700000000000000000e+01
2.489999999999999858e+01
3.550000000000000000e+01
3.760000000000000142e+01
2.350000000000000000e+01
3.770000000000000284e+01
3.770000000000000284e+01
3.650000000000000000e+01
3.089999999999999858e+01
4.160000000000000142e+01
3.450000000000000000e+01
3.550000000000000000e+01
3.479999999999999716e+01
3.030000000000000071e+01
4.000000000000000000e+01
2.910000000000000142e+01
1.559999999999999964e+01
1.919999999999999929e+01
1.900000000000000000e+01
1.880000000000000071e+01
1.419999999999999929e+01
1.409999999999999964e+01
1.719999999999999929e+01
1.090000000000000036e+01
1.230000000000000071e+01
1.009999999999999964e+01
1.230000000000000071e+01
3.139999999999999858e+01
3.520000000000000284e+01
2.310000000000000142e+01
2.860000000000000142e+01
4.660000000000000142e+01
2.700000000000000000e+01
2.489999999999999858e+01
3.550000000000000000e+01
3.760000000000000142e+01
2.350000000000000000e+01
1.930000000000000071e+01
3.770000000000000284e+01
3.770000000000000284e+01
3.650000000000000000e+01
3.089999999999999858e+01
4.160000000000000142e+01
3.450000000000000000e+01
3.550000000000000000e+01
3.479999999999999716e+01
3.030000000000000071e+01
4.000000000000000000e+01
2.910000000000000142e+01
4.139999999999999858e+01
3.220000000000000284e+01
3.789999999999999858e+01
3.010000000000000142e+01
3.760000000000000142e+01
6.450000000000000000e+01
3.270000000000000284e+01
3.979999999999999716e+01
1.789999999999999858e+01
2.960000000000000142e+01
1.319999999999999929e+01
4.250000000000000000e+01
