1.409999999999999964e+01
5.260000000000000142e+01
4.589999999999999858e+01
7.340000000000000568e+01
4.260000000000000142e+01
1.530000000000000071e+01
4.170000000000000284e+01
3.989999999999999858e+01
3.460000000000000142e+01
2.180000000000000071e+01
3.460000000000000142e+01
2.180000000000000071e+01
3.920000000000000284e+01
4.470000000000000284e+01
3.739999999999999858e+01
3.939999999999999858e+01
3.229999999999999716e+01
4.100000000000000000e+01
3.879999999999999716e+01
3.960000000000000142e+01
2.289999999999999858e+01
3.239999999999999858e+01
2.980000000000000071e+01
3.700000000000000000e+01
5.720000000000000284e+01
2.330000000000000071e+01
2.789999999999999858e+01
5.089999999999999858e+01
3.389999999999999858e+01
3.529999999999999716e+01
3.189999999999999858e+01
3.939999999999999858e+01
2.289999999999999858e+01
3.130000000000000071e+01
2.960000000000000142e+01
0.000000000000000000e+00
0.000000000000000000e+00
1.490000000000000036e+01
2.910000000000000142e+01
0.000000000000000000e+00
8.099999999999999645e+00
4.850000000000000000e+01
5.299999999999999822e+00
0.000000000000000000e+00
5.299999999999999822e+00
0.000000000000000000e+00
5.850000000000000000e+01
2.000000000000000000e+00
4.089999999999999858e+01
3.229999999999999716e+01
0.000000000000000000e+00
0.000000000000000000e+00
5.799999999999999822e+00
7.099999999999999645e+00
2.689999999999999858e+01
3.229999999999999716e+01
0.000000000000000000e+00
3.229999999999999716e+01
4.160000000000000142e+01
3.460000000000000142e+01
2.180000000000000071e+01
3.920000000000000284e+01
4.470000000000000284e+01
3.739999999999999858e+01
3.939999999999999858e+01
3.229999999999999716e+01
4.100000000000000000e+01
3.879999999999999716e+01
3.960000000000000142e+01
3.239999999999999858e+01
2.980000000000000071e+01
3.700000000000000000e+01
5.720000000000000284e+01
2.330000000000000071e+01
2.789999999999999858e+01
3.389999999999999858e+01
3.529999999999999716e+01
3.189999999999999858e+01
3.939999999999999858e+01
3.460000000000000142e+01
2.180000000000000071e+01
3.920000000000000284e+01
4.470000000000000284e+01
3.739999999999999858e+01
3.939999999999999858e+01
3.229999999999999716e+01
4.100000000000000000e+01
3.879999999999999716e+01
3.960000000000000142e+01
3.239999999999999858e+01
2.980000000000000071e+01
3.700000000000000000e+01
5.720000000000000284e+01
2.330000000000000071e+01
