2.280000000000000071e+01
2.789999999999999858e+01
3.729999999999999716e+01
4.739999999999999858e+01
3.870000000000000284e+01
3.470000000000000284e+01
1.409999999999999964e+01
4.279999999999999716e+01
5.299999999999999822e+00
8.300000000000000711e+00
3.870000000000000284e+01
6.900000000000000355e+00
3.470000000000000284e+01
1.409999999999999964e+01
4.279999999999999716e+01
6.000000000000000000e+00
4.720000000000000284e+01
3.389999999999999858e+01
3.739999999999999858e+01
2.169999999999999929e+01
2.910000000000000142e+01
2.780000000000000071e+01
2.910000000000000142e+01
3.650000000000000000e+01
2.980000000000000071e+01
7.990000000000000568e+01
4.379999999999999716e+01
2.739999999999999858e+01
8.500000000000000000e+00
4.629999999999999716e+01
2.260000000000000142e+01
4.170000000000000284e+01
3.169999999999999929e+01
2.110000000000000142e+01
3.870000000000000284e+01
3.470000000000000284e+01
4.279999999999999716e+01
4.720000000000000284e+01
3.389999999999999858e+01
3.739999999999999858e+01
2.169999999999999929e+01
2.910000000000000142e+01
2.780000000000000071e+01
2.910000000000000142e+01
3.650000000000000000e+01
2.980000000000000071e+01
7.990000000000000568e+01
4.379999999999999716e+01
2.739999999999999858e+01
4.629999999999999716e+01
2.260000000000000142e+01
4.170000000000000284e+01
3.169999999999999929e+01
2.110000000000000142e+01
2.430000000000000071e+01
2.980000000000000071e+01
2.010000000000000142e+01
3.689999999999999858e+01
2.450000000000000000e+01
3.470000000000000284e+01
1.409999999999999964e+01
2.430000000000000071e+01
2.980000000000000071e+01
2.010000000000000142e+01
3.689999999999999858e+01
1.269999999999999929e+01
2.450000000000000000e+01
3.470000000000000284e+01
3.039999999999999858e+01
1.219999999999999929e+01
