4.320000000000000284e+01
2.610000000000000142e+01
2.769999999999999929e+01
4.160000000000000142e+01
2.750000000000000000e+01
2.780000000000000071e+01
2.210000000000000142e+01
1.550000000000000000e+01
3.479999999999999716e+01
4.479999999999999716e+01
3.800000000000000000e+01
2.669999999999999929e+01
1.509999999999999964e+01
3.239999999999999858e+01
5.500000000000000000e+00
9.000000000000000000e+00
8.099999999999999645e+00
2.210000000000000142e+01
1.550000000000000000e+01
3.479999999999999716e+01
4.479999999999999716e+01
3.800000000000000000e+01
2.669999999999999929e+01
1.509999999999999964e+01
3.239999999999999858e+01
2.260000000000000142e+01
5.070000000000000284e+01
2.080000000000000071e+01
3.529999999999999716e+01
0.000000000000000000e+00
0.000000000000000000e+00
0.000000000000000000e+00
0.000000000000000000e+00
0.000000000000000000e+00
0.000000000000000000e+00
3.600000000000000089e+00
0.000000000000000000e+00
0.000000000000000000e+00
0.000000000000000000e+00
0.000000000000000000e+00
1.250000000000000000e+01
1.910000000000000142e+01
2.239999999999999858e+01
4.160000000000000142e+01
6.450000000000000000e+01
3.610000000000000142e+01
2.419999999999999929e+01
3.610000000000000142e+01
6.450000000000000000e+01
3.589999999999999858e+01
4.350000000000000000e+01
1.430000000000000071e+01
1.350000000000000000e+01
2.119999999999999929e+01
2.489999999999999858e+01
6.379999999999999716e+01
3.189999999999999858e+01
3.970000000000000284e+01
2.539999999999999858e+01
3.589999999999999858e+01
