4.189999999999999858e+01
3.820000000000000284e+01
2.880000000000000071e+01
2.600000000000000000e+01
3.660000000000000142e+01
3.900000000000000000e+01
4.420000000000000284e+01
3.510000000000000142e+01
4.789999999999999858e+01
3.439999999999999858e+01
1.610000000000000142e+01
3.439999999999999858e+01
4.839999999999999858e+01
2.400000000000000000e+01
3.610000000000000142e+01
3.160000000000000142e+01
2.989999999999999858e+01
3.870000000000000284e+01
6.260000000000000142e+01
2.780000000000000071e+01
3.160000000000000142e+01
2.450000000000000000e+01
2.839999999999999858e+01
4.110000000000000142e+01
4.950000000000000000e+01
4.960000000000000142e+01
2.119999999999999929e+01
5.039999999999999858e+01
2.269999999999999929e+01
3.210000000000000142e+01
3.529999999999999716e+01
4.310000000000000142e+01
3.710000000000000142e+01
4.489999999999999858e+01
4.620000000000000284e+01
2.960000000000000142e+01
2.919999999999999929e+01
4.910000000000000142e+01
2.119999999999999929e+01
5.039999999999999858e+01
2.269999999999999929e+01
3.210000000000000142e+01
3.529999999999999716e+01
4.310000000000000142e+01
3.710000000000000142e+01
