3.910000000000000142e+01
2.710000000000000142e+01
3.030000000000000071e+01
2.830000000000000071e+01
5.350000000000000000e+01
3.660000000000000142e+01
3.620000000000000284e+01
1.309999999999999964e+01
6.260000000000000142e+01
3.030000000000000071e+01
2.880000000000000071e+01
2.739999999999999858e+01
4.570000000000000284e+01
3.030000000000000071e+01
3.030000000000000071e+01
3.579999999999999716e+01
2.739999999999999858e+01
4.570000000000000284e+01
3.030000000000000071e+01
3.030000000000000071e+01
3.579999999999999716e+01
4.339999999999999858e+01
4.060000000000000142e+01
3.250000000000000000e+01
6.250000000000000000e+01
3.089999999999999858e+01
4.750000000000000000e+01
3.600000000000000000e+01
3.039999999999999858e+01
2.410000000000000142e+01
4.479999999999999716e+01
3.400000000000000000e+01
3.650000000000000000e+01
2.839999999999999858e+01
4.729999999999999716e+01
2.039999999999999858e+01
4.489999999999999858e+01
2.410000000000000142e+01
4.479999999999999716e+01
3.400000000000000000e+01
3.650000000000000000e+01
2.839999999999999858e+01
4.729999999999999716e+01
3.039999999999999858e+01
