4.420000000000000284e+01
2.460000000000000142e+01
3.550000000000000000e+01
4.160000000000000142e+01
4.029999999999999716e+01
2.760000000000000142e+01
2.989999999999999858e+01
4.170000000000000284e+01
3.679999999999999716e+01
4.189999999999999858e+01
1.819999999999999929e+01
3.589999999999999858e+01
2.880000000000000071e+01
3.679999999999999716e+01
4.189999999999999858e+01
3.589999999999999858e+01
2.880000000000000071e+01
2.689999999999999858e+01
3.489999999999999858e+01
2.960000000000000142e+01
4.170000000000000284e+01
4.889999999999999858e+01
6.420000000000000284e+01
3.010000000000000142e+01
3.220000000000000284e+01
4.900000000000000000e+01
2.569999999999999929e+01
4.729999999999999716e+01
3.939999999999999858e+01
3.910000000000000142e+01
4.170000000000000284e+01
2.410000000000000142e+01
2.689999999999999858e+01
2.989999999999999858e+01
3.589999999999999858e+01
4.329999999999999716e+01
3.779999999999999716e+01
3.429999999999999716e+01
4.529999999999999716e+01
2.150000000000000000e+01
4.110000000000000142e+01
3.450000000000000000e+01
3.610000000000000142e+01
4.400000000000000000e+01
3.779999999999999716e+01
3.939999999999999858e+01
3.220000000000000284e+01
4.900000000000000000e+01
3.939999999999999858e+01
3.670000000000000284e+01
2.000000000000000111e-01
0.000000000000000000e+00
6.079999999999999716e+01
0.000000000000000000e+00
5.220000000000000284e+01
1.100000000000000089e+00
0.000000000000000000e+00
0.000000000000000000e+00
4.550000000000000000e+01
3.629999999999999716e+01
0.000000000000000000e+00
3.770000000000000284e+01
4.500000000000000000e+00
0.000000000000000000e+00
3.329999999999999716e+01
0.000000000000000000e+00
9.900000000000000355e+00
0.000000000000000000e+00
3.679999999999999716e+01
3.589999999999999858e+01
2.689999999999999858e+01
2.960000000000000142e+01
4.170000000000000284e+01
4.889999999999999858e+01
6.420000000000000284e+01
3.010000000000000142e+01
3.220000000000000284e+01
2.569999999999999929e+01
3.939999999999999858e+01
3.910000000000000142e+01
4.170000000000000284e+01
2.689999999999999858e+01
4.329999999999999716e+01
3.779999999999999716e+01
3.429999999999999716e+01
4.529999999999999716e+01
2.150000000000000000e+01
4.400000000000000000e+01
3.220000000000000284e+01
3.679999999999999716e+01
3.589999999999999858e+01
2.689999999999999858e+01
2.960000000000000142e+01
4.170000000000000284e+01
4.889999999999999858e+01
6.420000000000000284e+01
3.010000000000000142e+01
3.220000000000000284e+01
2.569999999999999929e+01
3.939999999999999858e+01
3.910000000000000142e+01
4.170000000000000284e+01
2.689999999999999858e+01
4.329999999999999716e+01
