3.939999999999999858e+01
3.810000000000000142e+01
3.069999999999999929e+01
4.450000000000000000e+01
2.489999999999999858e+01
3.279999999999999716e+01
4.160000000000000142e+01
3.529999999999999716e+01
2.030000000000000071e+01
3.900000000000000000e+01
1.040000000000000036e+01
3.900000000000000000e+01
2.739999999999999858e+01
4.210000000000000142e+01
3.860000000000000142e+01
2.800000000000000000e+01
3.729999999999999716e+01
3.429999999999999716e+01
3.270000000000000284e+01
4.579999999999999716e+01
3.239999999999999858e+01
4.370000000000000284e+01
3.870000000000000284e+01
3.220000000000000284e+01
2.800000000000000000e+01
4.370000000000000284e+01
3.870000000000000284e+01
