2.630000000000000071e+01
2.519999999999999929e+01
2.319999999999999929e+01
5.350000000000000000e+01
4.339999999999999858e+01
1.290000000000000036e+01
3.629999999999999716e+01
2.110000000000000142e+01
4.279999999999999716e+01
2.969999999999999929e+01
5.450000000000000000e+01
2.969999999999999929e+01
2.850000000000000000e+01
3.139999999999999858e+01
3.100000000000000000e+01
2.510000000000000142e+01
2.680000000000000071e+01
3.450000000000000000e+01
3.820000000000000284e+01
3.180000000000000071e+01
3.019999999999999929e+01
2.919999999999999929e+01
5.610000000000000142e+01
2.310000000000000142e+01
2.880000000000000071e+01
3.779999999999999716e+01
3.760000000000000142e+01
4.029999999999999716e+01
2.239999999999999858e+01
2.819999999999999929e+01
4.200000000000000000e+01
2.000000000000000000e+01
5.300000000000000000e+01
3.779999999999999716e+01
3.760000000000000142e+01
4.029999999999999716e+01
