2.010000000000000142e+01
3.920000000000000284e+01
4.339999999999999858e+01
3.450000000000000000e+01
5.310000000000000142e+01
1.140000000000000036e+01
2.830000000000000071e+01
2.830000000000000071e+01
4.439999999999999858e+01
3.710000000000000142e+01
3.879999999999999716e+01
3.030000000000000071e+01
3.169999999999999929e+01
3.870000000000000284e+01
3.610000000000000142e+01
3.360000000000000142e+01
3.989999999999999858e+01
3.339999999999999858e+01
3.639999999999999858e+01
2.080000000000000071e+01
2.780000000000000071e+01
3.000000000000000000e+01
3.389999999999999858e+01
3.800000000000000000e+01
3.150000000000000000e+01
3.810000000000000142e+01
2.750000000000000000e+01
4.689999999999999858e+01
5.850000000000000000e+01
3.000000000000000000e+01
2.780000000000000071e+01
