3.189999999999999858e+01
3.310000000000000142e+01
1.130000000000000071e+01
3.770000000000000284e+01
1.519999999999999929e+01
1.459999999999999964e+01
3.210000000000000142e+01
3.760000000000000142e+01
3.379999999999999716e+01
2.089999999999999858e+01
2.039999999999999858e+01
4.600000000000000000e+01
4.600000000000000000e+01
1.550000000000000000e+01
5.389999999999999858e+01
8.000000000000000000e+00
7.000000000000000000e+00
4.600000000000000000e+01
4.600000000000000000e+01
1.550000000000000000e+01
5.389999999999999858e+01
3.389999999999999858e+01
2.510000000000000142e+01
5.000000000000000000e+00
3.800000000000000000e+01
2.989999999999999858e+01
2.619999999999999929e+01
3.770000000000000284e+01
2.119999999999999929e+01
4.179999999999999716e+01
5.299999999999999822e+00
6.000000000000000000e+00
1.680000000000000071e+01
3.050000000000000000e+01
6.500000000000000000e+00
1.689999999999999858e+01
3.689999999999999858e+01
4.350000000000000000e+01
7.700000000000000178e+00
4.970000000000000284e+01
4.600000000000000000e+01
4.600000000000000000e+01
5.389999999999999858e+01
3.389999999999999858e+01
2.510000000000000142e+01
3.800000000000000000e+01
2.989999999999999858e+01
2.619999999999999929e+01
3.770000000000000284e+01
2.119999999999999929e+01
4.179999999999999716e+01
3.050000000000000000e+01
3.689999999999999858e+01
4.350000000000000000e+01
4.970000000000000284e+01
3.379999999999999716e+01
2.160000000000000142e+01
2.439999999999999858e+01
4.600000000000000000e+01
4.600000000000000000e+01
5.389999999999999858e+01
3.389999999999999858e+01
2.510000000000000142e+01
3.800000000000000000e+01
2.989999999999999858e+01
2.619999999999999929e+01
3.770000000000000284e+01
2.119999999999999929e+01
4.179999999999999716e+01
3.050000000000000000e+01
3.689999999999999858e+01
4.350000000000000000e+01
4.970000000000000284e+01
3.379999999999999716e+01
2.439999999999999858e+01
4.600000000000000000e+01
4.600000000000000000e+01
5.389999999999999858e+01
3.389999999999999858e+01
2.510000000000000142e+01
3.800000000000000000e+01
2.989999999999999858e+01
2.619999999999999929e+01
3.770000000000000284e+01
2.119999999999999929e+01
4.179999999999999716e+01
3.050000000000000000e+01
3.689999999999999858e+01
4.350000000000000000e+01
4.970000000000000284e+01
