1.789999999999999858e+01
3.729999999999999716e+01
2.950000000000000000e+01
3.320000000000000284e+01
4.310000000000000142e+01
2.519999999999999929e+01
4.329999999999999716e+01
2.719999999999999929e+01
1.860000000000000142e+01
4.570000000000000284e+01
1.819999999999999929e+01
3.250000000000000000e+01
1.080000000000000071e+01
2.380000000000000071e+01
2.580000000000000071e+01
2.580000000000000071e+01
3.250000000000000000e+01
2.380000000000000071e+01
2.580000000000000071e+01
2.580000000000000071e+01
6.279999999999999716e+01
3.510000000000000142e+01
4.270000000000000284e+01
3.789999999999999858e+01
4.610000000000000142e+01
4.439999999999999858e+01
3.489999999999999858e+01
3.920000000000000284e+01
5.300000000000000000e+01
2.780000000000000071e+01
4.010000000000000142e+01
3.779999999999999716e+01
3.700000000000000000e+01
2.139999999999999858e+01
3.750000000000000000e+01
3.110000000000000142e+01
2.860000000000000142e+01
2.410000000000000142e+01
4.329999999999999716e+01
5.300000000000000000e+01
6.350000000000000000e+01
2.919999999999999929e+01
3.870000000000000284e+01
3.239999999999999858e+01
3.110000000000000142e+01
3.320000000000000284e+01
2.789999999999999858e+01
4.439999999999999858e+01
5.300000000000000000e+01
2.889999999999999858e+01
2.489999999999999858e+01
2.950000000000000000e+01
2.310000000000000142e+01
4.420000000000000284e+01
4.529999999999999716e+01
5.750000000000000000e+01
5.700000000000000000e+01
5.300000000000000000e+01
3.910000000000000142e+01
3.250000000000000000e+01
2.380000000000000071e+01
2.580000000000000071e+01
2.580000000000000071e+01
6.279999999999999716e+01
3.510000000000000142e+01
4.270000000000000284e+01
3.789999999999999858e+01
4.610000000000000142e+01
4.439999999999999858e+01
3.489999999999999858e+01
3.920000000000000284e+01
5.300000000000000000e+01
2.780000000000000071e+01
4.010000000000000142e+01
3.779999999999999716e+01
3.700000000000000000e+01
2.139999999999999858e+01
3.750000000000000000e+01
3.110000000000000142e+01
2.860000000000000142e+01
2.410000000000000142e+01
4.329999999999999716e+01
5.300000000000000000e+01
6.350000000000000000e+01
2.919999999999999929e+01
3.870000000000000284e+01
3.239999999999999858e+01
3.110000000000000142e+01
3.320000000000000284e+01
2.789999999999999858e+01
4.439999999999999858e+01
5.300000000000000000e+01
2.889999999999999858e+01
2.489999999999999858e+01
2.950000000000000000e+01
2.310000000000000142e+01
4.420000000000000284e+01
4.529999999999999716e+01
5.750000000000000000e+01
5.700000000000000000e+01
5.300000000000000000e+01
3.910000000000000142e+01
3.250000000000000000e+01
2.380000000000000071e+01
2.580000000000000071e+01
2.580000000000000071e+01
6.279999999999999716e+01
3.510000000000000142e+01
4.270000000000000284e+01
3.789999999999999858e+01
4.610000000000000142e+01
4.439999999999999858e+01
3.489999999999999858e+01
3.920000000000000284e+01
5.300000000000000000e+01
2.780000000000000071e+01
4.010000000000000142e+01
3.779999999999999716e+01
3.700000000000000000e+01
2.139999999999999858e+01
3.750000000000000000e+01
3.110000000000000142e+01
2.410000000000000142e+01
3.250000000000000000e+01
2.380000000000000071e+01
2.580000000000000071e+01
2.580000000000000071e+01
6.279999999999999716e+01
3.510000000000000142e+01
4.270000000000000284e+01
3.789999999999999858e+01
4.610000000000000142e+01
4.439999999999999858e+01
3.489999999999999858e+01
3.920000000000000284e+01
5.300000000000000000e+01
2.780000000000000071e+01
4.010000000000000142e+01
