1.530000000000000071e+01
4.189999999999999858e+01
3.710000000000000142e+01
1.269999999999999929e+01
2.989999999999999858e+01
3.879999999999999716e+01
3.100000000000000000e+01
2.100000000000000000e+01
4.270000000000000284e+01
5.229999999999999716e+01
3.750000000000000000e+01
3.489999999999999858e+01
3.629999999999999716e+01
2.569999999999999929e+01
3.030000000000000071e+01
2.610000000000000142e+01
2.569999999999999929e+01
3.030000000000000071e+01
2.030000000000000071e+01
2.810000000000000142e+01
2.889999999999999858e+01
4.339999999999999858e+01
3.879999999999999716e+01
3.239999999999999858e+01
3.770000000000000284e+01
2.200000000000000000e+01
3.189999999999999858e+01
2.230000000000000071e+01
2.269999999999999929e+01
2.780000000000000071e+01
2.950000000000000000e+01
4.660000000000000142e+01
2.210000000000000142e+01
4.260000000000000142e+01
2.780000000000000071e+01
3.910000000000000142e+01
2.230000000000000071e+01
2.269999999999999929e+01
2.780000000000000071e+01
2.950000000000000000e+01
4.660000000000000142e+01
