5.750000000000000000e+01
5.360000000000000142e+01
3.320000000000000284e+01
3.620000000000000284e+01
3.620000000000000284e+01
2.110000000000000142e+01
4.900000000000000000e+01
3.420000000000000284e+01
4.289999999999999858e+01
1.989999999999999858e+01
1.869999999999999929e+01
3.620000000000000284e+01
3.069999999999999929e+01
4.020000000000000284e+01
4.879999999999999716e+01
7.799999999999999822e+00
7.099999999999999645e+00
9.699999999999999289e+00
9.599999999999999645e+00
9.000000000000000000e+00
1.989999999999999858e+01
1.869999999999999929e+01
8.300000000000000711e+00
8.099999999999999645e+00
3.620000000000000284e+01
3.069999999999999929e+01
4.020000000000000284e+01
4.879999999999999716e+01
9.800000000000000711e+00
1.630000000000000071e+01
1.040000000000000036e+01
3.270000000000000284e+01
4.370000000000000284e+01
6.400000000000000000e+01
1.550000000000000000e+01
0.000000000000000000e+00
0.000000000000000000e+00
0.000000000000000000e+00
0.000000000000000000e+00
0.000000000000000000e+00
4.500000000000000000e+00
0.000000000000000000e+00
0.000000000000000000e+00
0.000000000000000000e+00
0.000000000000000000e+00
0.000000000000000000e+00
0.000000000000000000e+00
0.000000000000000000e+00
0.000000000000000000e+00
0.000000000000000000e+00
0.000000000000000000e+00
0.000000000000000000e+00
0.000000000000000000e+00
1.689999999999999858e+01
1.430000000000000071e+01
1.939999999999999858e+01
2.210000000000000142e+01
3.810000000000000142e+01
1.850000000000000000e+01
3.529999999999999716e+01
4.210000000000000142e+01
3.239999999999999858e+01
6.000000000000000000e+01
3.560000000000000142e+01
1.450000000000000000e+01
