5.470000000000000284e+01
3.900000000000000000e+01
3.670000000000000284e+01
4.810000000000000142e+01
2.830000000000000071e+01
4.120000000000000284e+01
3.770000000000000284e+01
3.050000000000000000e+01
3.450000000000000000e+01
2.810000000000000142e+01
2.480000000000000071e+01
3.000000000000000000e+01
2.810000000000000142e+01
2.480000000000000071e+01
3.000000000000000000e+01
5.300000000000000000e+01
3.910000000000000142e+01
4.279999999999999716e+01
3.139999999999999858e+01
3.739999999999999858e+01
2.260000000000000142e+01
2.139999999999999858e+01
2.880000000000000071e+01
3.879999999999999716e+01
2.669999999999999929e+01
9.890000000000000568e+01
2.669999999999999929e+01
4.179999999999999716e+01
4.329999999999999716e+01
2.450000000000000000e+01
2.819999999999999929e+01
2.819999999999999929e+01
3.550000000000000000e+01
4.029999999999999716e+01
2.780000000000000071e+01
2.669999999999999929e+01
4.179999999999999716e+01
4.329999999999999716e+01
2.450000000000000000e+01
2.819999999999999929e+01
2.819999999999999929e+01
