4.050000000000000000e+01
1.109999999999999964e+01
5.320000000000000284e+01
2.310000000000000142e+01
4.400000000000000000e+01
4.300000000000000000e+01
3.220000000000000284e+01
2.400000000000000000e+01
3.620000000000000284e+01
1.800000000000000000e+01
2.689999999999999858e+01
1.530000000000000071e+01
3.989999999999999858e+01
3.760000000000000142e+01
2.530000000000000071e+01
3.189999999999999858e+01
4.800000000000000000e+01
5.700000000000000178e+00
7.000000000000000000e+00
3.760000000000000142e+01
7.500000000000000000e+00
8.599999999999999645e+00
2.530000000000000071e+01
3.189999999999999858e+01
4.800000000000000000e+01
4.100000000000000000e+01
3.189999999999999858e+01
8.000000000000000000e+00
2.980000000000000071e+01
2.030000000000000071e+01
3.820000000000000284e+01
2.680000000000000071e+01
2.810000000000000142e+01
3.470000000000000284e+01
3.250000000000000000e+01
3.960000000000000142e+01
3.180000000000000071e+01
2.880000000000000071e+01
3.979999999999999716e+01
1.300000000000000000e+01
1.059999999999999964e+01
3.760000000000000142e+01
2.530000000000000071e+01
3.189999999999999858e+01
4.800000000000000000e+01
4.100000000000000000e+01
3.189999999999999858e+01
2.980000000000000071e+01
2.030000000000000071e+01
3.820000000000000284e+01
2.680000000000000071e+01
2.810000000000000142e+01
3.470000000000000284e+01
3.250000000000000000e+01
3.960000000000000142e+01
3.180000000000000071e+01
2.880000000000000071e+01
3.979999999999999716e+01
2.989999999999999858e+01
3.510000000000000142e+01
2.930000000000000071e+01
4.020000000000000284e+01
3.510000000000000142e+01
2.280000000000000071e+01
3.820000000000000284e+01
3.260000000000000142e+01
2.389999999999999858e+01
2.650000000000000000e+01
5.320000000000000284e+01
1.300000000000000000e+01
1.059999999999999964e+01
1.839999999999999858e+01
3.510000000000000142e+01
2.930000000000000071e+01
4.020000000000000284e+01
3.510000000000000142e+01
2.280000000000000071e+01
3.820000000000000284e+01
3.260000000000000142e+01
2.389999999999999858e+01
2.650000000000000000e+01
5.320000000000000284e+01
4.089999999999999858e+01
2.100000000000000000e+01
1.009999999999999964e+01
4.450000000000000000e+01
1.850000000000000000e+01
3.870000000000000284e+01
3.239999999999999858e+01
