3.180000000000000071e+01
3.900000000000000000e+01
3.670000000000000284e+01
3.529999999999999716e+01
2.989999999999999858e+01
2.560000000000000142e+01
3.429999999999999716e+01
3.910000000000000142e+01
3.820000000000000284e+01
2.989999999999999858e+01
2.539999999999999858e+01
4.039999999999999858e+01
2.850000000000000000e+01
3.539999999999999858e+01
4.439999999999999858e+01
3.560000000000000142e+01
5.339999999999999858e+01
3.760000000000000142e+01
4.560000000000000142e+01
5.229999999999999716e+01
2.369999999999999929e+01
6.920000000000000284e+01
3.320000000000000284e+01
2.869999999999999929e+01
5.620000000000000284e+01
2.960000000000000142e+01
3.820000000000000284e+01
4.560000000000000142e+01
4.439999999999999858e+01
3.210000000000000142e+01
2.069999999999999929e+01
4.410000000000000142e+01
2.580000000000000071e+01
5.350000000000000000e+01
4.439999999999999858e+01
2.439999999999999858e+01
2.389999999999999858e+01
4.170000000000000284e+01
3.529999999999999716e+01
2.989999999999999858e+01
2.560000000000000142e+01
3.429999999999999716e+01
3.910000000000000142e+01
3.820000000000000284e+01
2.989999999999999858e+01
2.539999999999999858e+01
4.039999999999999858e+01
2.850000000000000000e+01
3.539999999999999858e+01
4.439999999999999858e+01
3.560000000000000142e+01
5.339999999999999858e+01
3.760000000000000142e+01
4.560000000000000142e+01
5.229999999999999716e+01
2.369999999999999929e+01
6.920000000000000284e+01
3.320000000000000284e+01
2.869999999999999929e+01
5.620000000000000284e+01
2.960000000000000142e+01
3.820000000000000284e+01
4.560000000000000142e+01
4.439999999999999858e+01
3.210000000000000142e+01
2.069999999999999929e+01
4.410000000000000142e+01
2.580000000000000071e+01
5.350000000000000000e+01
4.439999999999999858e+01
2.439999999999999858e+01
2.389999999999999858e+01
4.170000000000000284e+01
4.270000000000000284e+01
3.529999999999999716e+01
2.989999999999999858e+01
2.560000000000000142e+01
3.429999999999999716e+01
3.910000000000000142e+01
3.820000000000000284e+01
2.989999999999999858e+01
2.539999999999999858e+01
2.850000000000000000e+01
3.539999999999999858e+01
4.439999999999999858e+01
3.560000000000000142e+01
5.339999999999999858e+01
3.529999999999999716e+01
2.989999999999999858e+01
2.560000000000000142e+01
3.429999999999999716e+01
3.910000000000000142e+01
3.820000000000000284e+01
2.989999999999999858e+01
2.539999999999999858e+01
2.850000000000000000e+01
3.539999999999999858e+01
