3.610000000000000142e+01
2.410000000000000142e+01
3.770000000000000284e+01
1.930000000000000071e+01
3.539999999999999858e+01
4.150000000000000000e+01
2.889999999999999858e+01
1.850000000000000000e+01
2.100000000000000000e+01
3.960000000000000142e+01
3.800000000000000000e+01
1.530000000000000071e+01
2.000000000000000000e+01
1.109999999999999964e+01
1.159999999999999964e+01
4.070000000000000284e+01
3.110000000000000142e+01
3.000000000000000000e+01
6.000000000000000000e+00
6.799999999999999822e+00
5.900000000000000355e+00
7.500000000000000000e+00
9.099999999999999645e+00
3.110000000000000142e+01
3.000000000000000000e+01
7.700000000000000178e+00
2.889999999999999858e+01
3.939999999999999858e+01
2.889999999999999858e+01
4.079999999999999716e+01
3.939999999999999858e+01
3.000000000000000000e+01
3.000000000000000000e+01
2.160000000000000142e+01
3.089999999999999858e+01
4.379999999999999716e+01
3.160000000000000142e+01
2.830000000000000071e+01
2.069999999999999929e+01
3.470000000000000284e+01
2.160000000000000142e+01
3.089999999999999858e+01
4.379999999999999716e+01
3.160000000000000142e+01
2.830000000000000071e+01
2.069999999999999929e+01
3.470000000000000284e+01
1.269999999999999929e+01
3.679999999999999716e+01
4.379999999999999716e+01
3.400000000000000000e+01
2.069999999999999929e+01
2.780000000000000071e+01
3.289999999999999858e+01
