3.110000000000000142e+01
2.000000000000000000e+01
3.910000000000000142e+01
2.519999999999999929e+01
1.209999999999999964e+01
1.159999999999999964e+01
3.289999999999999858e+01
3.169999999999999929e+01
4.160000000000000142e+01
3.789999999999999858e+01
6.440000000000000568e+01
3.670000000000000284e+01
2.410000000000000142e+01
2.989999999999999858e+01
3.989999999999999858e+01
2.900000000000000000e+01
2.850000000000000000e+01
3.950000000000000000e+01
5.620000000000000284e+01
3.110000000000000142e+01
2.739999999999999858e+01
1.939999999999999858e+01
4.439999999999999858e+01
1.380000000000000071e+01
3.910000000000000142e+01
3.150000000000000000e+01
1.090000000000000036e+01
8.099999999999999645e+00
8.199999999999999289e+00
8.199999999999999289e+00
8.300000000000000711e+00
8.300000000000000711e+00
5.299999999999999822e+00
6.099999999999999645e+00
5.500000000000000000e+00
9.099999999999999645e+00
8.900000000000000355e+00
9.000000000000000000e+00
3.110000000000000142e+01
2.739999999999999858e+01
1.939999999999999858e+01
4.439999999999999858e+01
1.380000000000000071e+01
3.910000000000000142e+01
3.150000000000000000e+01
1.090000000000000036e+01
2.950000000000000000e+01
4.010000000000000142e+01
3.260000000000000142e+01
1.509999999999999964e+01
3.050000000000000000e+01
3.050000000000000000e+01
2.950000000000000000e+01
2.660000000000000142e+01
3.550000000000000000e+01
3.650000000000000000e+01
3.360000000000000142e+01
3.650000000000000000e+01
3.910000000000000142e+01
3.839999999999999858e+01
3.889999999999999858e+01
3.400000000000000000e+01
3.550000000000000000e+01
2.439999999999999858e+01
4.060000000000000142e+01
4.239999999999999858e+01
1.140000000000000036e+01
1.780000000000000071e+01
1.680000000000000071e+01
1.359999999999999964e+01
1.150000000000000000e+01
3.910000000000000142e+01
3.839999999999999858e+01
1.130000000000000071e+01
3.889999999999999858e+01
3.400000000000000000e+01
3.550000000000000000e+01
2.439999999999999858e+01
4.060000000000000142e+01
4.239999999999999858e+01
4.539999999999999858e+01
1.109999999999999964e+01
2.380000000000000071e+01
5.350000000000000000e+01
2.330000000000000071e+01
2.439999999999999858e+01
4.060000000000000142e+01
