3.110000000000000142e+01
1.040000000000000036e+01
3.229999999999999716e+01
1.939999999999999858e+01
1.960000000000000142e+01
1.660000000000000142e+01
3.779999999999999716e+01
4.450000000000000000e+01
7.299999999999999822e+00
9.000000000000000000e+00
1.660000000000000142e+01
3.779999999999999716e+01
8.500000000000000000e+00
5.500000000000000000e+00
4.450000000000000000e+01
1.610000000000000142e+01
2.869999999999999929e+01
4.000000000000000000e+01
4.060000000000000142e+01
2.650000000000000000e+01
8.599999999999999645e+00
3.520000000000000284e+01
3.289999999999999858e+01
3.370000000000000284e+01
3.720000000000000284e+01
6.079999999999999716e+01
4.079999999999999716e+01
2.139999999999999858e+01
2.060000000000000142e+01
7.299999999999999822e+00
3.779999999999999716e+01
4.450000000000000000e+01
2.869999999999999929e+01
4.000000000000000000e+01
4.060000000000000142e+01
2.650000000000000000e+01
3.520000000000000284e+01
3.289999999999999858e+01
3.370000000000000284e+01
3.720000000000000284e+01
6.079999999999999716e+01
4.079999999999999716e+01
2.139999999999999858e+01
2.060000000000000142e+01
4.189999999999999858e+01
3.470000000000000284e+01
4.610000000000000142e+01
5.810000000000000142e+01
4.789999999999999858e+01
2.769999999999999929e+01
3.110000000000000142e+01
4.239999999999999858e+01
3.260000000000000142e+01
3.679999999999999716e+01
4.329999999999999716e+01
2.400000000000000000e+01
1.660000000000000142e+01
1.610000000000000142e+01
4.610000000000000142e+01
5.810000000000000142e+01
4.789999999999999858e+01
2.769999999999999929e+01
3.110000000000000142e+01
4.239999999999999858e+01
3.260000000000000142e+01
3.679999999999999716e+01
4.329999999999999716e+01
2.400000000000000000e+01
4.420000000000000284e+01
4.450000000000000000e+01
3.960000000000000142e+01
1.730000000000000071e+01
4.489999999999999858e+01
3.260000000000000142e+01
