3.960000000000000142e+01
4.489999999999999858e+01
3.589999999999999858e+01
4.489999999999999858e+01
6.260000000000000142e+01
3.220000000000000284e+01
2.910000000000000142e+01
4.489999999999999858e+01
6.260000000000000142e+01
3.220000000000000284e+01
2.910000000000000142e+01
6.310000000000000142e+01
3.220000000000000284e+01
3.900000000000000000e+01
3.460000000000000142e+01
3.620000000000000284e+01
4.539999999999999858e+01
4.489999999999999858e+01
3.000000000000000000e+01
5.279999999999999716e+01
4.060000000000000142e+01
6.279999999999999716e+01
6.829999999999999716e+01
2.730000000000000071e+01
2.639999999999999858e+01
3.080000000000000071e+01
4.489999999999999858e+01
3.639999999999999858e+01
6.279999999999999716e+01
