2.260000000000000142e+01
2.869999999999999929e+01
3.539999999999999858e+01
1.590000000000000036e+01
2.839999999999999858e+01
3.470000000000000284e+01
7.470000000000000284e+01
4.460000000000000142e+01
4.489999999999999858e+01
3.320000000000000284e+01
4.489999999999999858e+01
3.320000000000000284e+01
8.359999999999999432e+01
3.019999999999999929e+01
3.610000000000000142e+01
5.270000000000000284e+01
2.900000000000000000e+01
3.019999999999999929e+01
7.170000000000000284e+01
6.250000000000000000e+01
2.200000000000000000e+01
3.150000000000000000e+01
5.300000000000000000e+01
5.329999999999999716e+01
2.530000000000000071e+01
4.320000000000000284e+01
3.900000000000000000e+01
2.039999999999999858e+01
6.260000000000000142e+01
3.900000000000000000e+01
5.710000000000000142e+01
6.260000000000000142e+01
6.250000000000000000e+01
4.320000000000000284e+01
3.900000000000000000e+01
2.039999999999999858e+01
6.260000000000000142e+01
3.900000000000000000e+01
