1.340000000000000036e+01
2.869999999999999929e+01
2.139999999999999858e+01
3.539999999999999858e+01
1.680000000000000071e+01
4.329999999999999716e+01
3.639999999999999858e+01
3.320000000000000284e+01
4.389999999999999858e+01
2.100000000000000000e+01
2.239999999999999858e+01
3.710000000000000142e+01
1.630000000000000071e+01
3.270000000000000284e+01
3.810000000000000142e+01
4.010000000000000142e+01
8.900000000000000355e+00
6.799999999999999822e+00
8.000000000000000000e+00
7.799999999999999822e+00
3.270000000000000284e+01
3.810000000000000142e+01
4.010000000000000142e+01
5.000000000000000000e+00
4.089999999999999858e+01
9.400000000000000355e+00
2.969999999999999929e+01
3.739999999999999858e+01
1.789999999999999858e+01
2.750000000000000000e+01
4.260000000000000142e+01
2.360000000000000142e+01
1.930000000000000071e+01
2.750000000000000000e+01
3.279999999999999716e+01
7.299999999999999822e+00
3.989999999999999858e+01
7.599999999999999645e+00
2.280000000000000071e+01
3.270000000000000284e+01
3.810000000000000142e+01
4.010000000000000142e+01
4.089999999999999858e+01
2.969999999999999929e+01
3.739999999999999858e+01
2.750000000000000000e+01
4.260000000000000142e+01
2.360000000000000142e+01
2.750000000000000000e+01
3.279999999999999716e+01
3.989999999999999858e+01
2.280000000000000071e+01
4.070000000000000284e+01
3.489999999999999858e+01
4.910000000000000142e+01
3.250000000000000000e+01
3.100000000000000000e+01
2.339999999999999858e+01
2.469999999999999929e+01
1.789999999999999858e+01
1.930000000000000071e+01
1.480000000000000071e+01
4.910000000000000142e+01
3.250000000000000000e+01
3.100000000000000000e+01
2.339999999999999858e+01
2.469999999999999929e+01
3.879999999999999716e+01
2.339999999999999858e+01
