6.400000000000000000e+01
3.080000000000000071e+01
5.589999999999999858e+01
4.220000000000000284e+01
3.030000000000000071e+01
3.989999999999999858e+01
6.250000000000000000e+01
4.160000000000000142e+01
4.170000000000000284e+01
5.910000000000000142e+01
6.210000000000000142e+01
3.030000000000000071e+01
6.829999999999999716e+01
6.210000000000000142e+01
3.030000000000000071e+01
6.829999999999999716e+01
4.489999999999999858e+01
3.500000000000000000e+01
3.030000000000000071e+01
3.030000000000000071e+01
5.620000000000000284e+01
5.710000000000000142e+01
4.100000000000000000e+01
4.179999999999999716e+01
3.529999999999999716e+01
5.700000000000000000e+01
3.429999999999999716e+01
5.420000000000000284e+01
3.429999999999999716e+01
3.030000000000000071e+01
3.810000000000000142e+01
4.520000000000000284e+01
5.229999999999999716e+01
5.770000000000000284e+01
3.460000000000000142e+01
5.010000000000000142e+01
3.700000000000000000e+01
3.429999999999999716e+01
2.739999999999999858e+01
3.220000000000000284e+01
3.050000000000000000e+01
5.420000000000000284e+01
3.429999999999999716e+01
3.030000000000000071e+01
3.810000000000000142e+01
4.520000000000000284e+01
5.229999999999999716e+01
