1.450000000000000000e+01
3.650000000000000000e+01
3.520000000000000284e+01
4.120000000000000284e+01
3.189999999999999858e+01
5.300000000000000000e+01
1.730000000000000071e+01
1.919999999999999929e+01
5.779999999999999716e+01
2.180000000000000071e+01
3.650000000000000000e+01
5.429999999999999716e+01
3.200000000000000000e+01
2.289999999999999858e+01
2.239999999999999858e+01
3.030000000000000071e+01
6.250000000000000000e+01
3.820000000000000284e+01
2.180000000000000071e+01
3.879999999999999716e+01
1.680000000000000071e+01
5.260000000000000142e+01
1.669999999999999929e+01
3.820000000000000284e+01
2.180000000000000071e+01
3.879999999999999716e+01
5.260000000000000142e+01
3.479999999999999716e+01
6.690000000000000568e+01
6.500000000000000000e+01
5.260000000000000142e+01
2.300000000000000000e+01
2.700000000000000000e+01
2.080000000000000071e+01
5.789999999999999858e+01
4.350000000000000000e+01
3.600000000000000000e+01
2.819999999999999929e+01
4.229999999999999716e+01
2.819999999999999929e+01
4.200000000000000000e+01
4.689999999999999858e+01
4.839999999999999858e+01
6.250000000000000000e+01
3.019999999999999929e+01
2.819999999999999929e+01
3.850000000000000000e+01
6.120000000000000284e+01
2.850000000000000000e+01
3.039999999999999858e+01
3.620000000000000284e+01
3.820000000000000284e+01
4.120000000000000284e+01
6.250000000000000000e+01
4.220000000000000284e+01
4.460000000000000142e+01
4.470000000000000284e+01
3.130000000000000071e+01
4.020000000000000284e+01
6.250000000000000000e+01
3.019999999999999929e+01
2.819999999999999929e+01
3.850000000000000000e+01
6.120000000000000284e+01
2.850000000000000000e+01
