3.370000000000000284e+01
5.000000000000000000e+01
2.110000000000000142e+01
1.019999999999999929e+01
2.689999999999999858e+01
2.150000000000000000e+01
3.529999999999999716e+01
4.150000000000000000e+01
3.779999999999999716e+01
3.860000000000000142e+01
2.589999999999999858e+01
5.200000000000000178e+00
8.900000000000000355e+00
5.900000000000000355e+00
9.599999999999999645e+00
6.099999999999999645e+00
4.150000000000000000e+01
3.779999999999999716e+01
3.860000000000000142e+01
2.589999999999999858e+01
2.150000000000000000e+01
8.599999999999999645e+00
3.800000000000000000e+01
2.639999999999999858e+01
3.800000000000000000e+01
4.039999999999999858e+01
6.799999999999999822e+00
3.539999999999999858e+01
3.789999999999999858e+01
3.410000000000000142e+01
3.250000000000000000e+01
4.170000000000000284e+01
2.969999999999999929e+01
6.400000000000000355e+00
4.150000000000000000e+01
3.779999999999999716e+01
3.860000000000000142e+01
2.589999999999999858e+01
2.150000000000000000e+01
3.800000000000000000e+01
2.639999999999999858e+01
3.800000000000000000e+01
4.039999999999999858e+01
3.539999999999999858e+01
3.789999999999999858e+01
3.410000000000000142e+01
3.250000000000000000e+01
4.170000000000000284e+01
2.969999999999999929e+01
3.360000000000000142e+01
3.720000000000000284e+01
3.229999999999999716e+01
6.400000000000000000e+01
3.720000000000000284e+01
2.680000000000000071e+01
3.229999999999999716e+01
3.779999999999999716e+01
4.150000000000000000e+01
3.779999999999999716e+01
3.860000000000000142e+01
2.589999999999999858e+01
2.150000000000000000e+01
3.800000000000000000e+01
2.639999999999999858e+01
3.800000000000000000e+01
4.039999999999999858e+01
3.539999999999999858e+01
3.789999999999999858e+01
3.410000000000000142e+01
3.250000000000000000e+01
4.170000000000000284e+01
2.969999999999999929e+01
3.360000000000000142e+01
3.720000000000000284e+01
3.229999999999999716e+01
6.400000000000000000e+01
3.720000000000000284e+01
2.680000000000000071e+01
3.229999999999999716e+01
4.150000000000000000e+01
3.779999999999999716e+01
3.860000000000000142e+01
2.589999999999999858e+01
2.150000000000000000e+01
3.800000000000000000e+01
2.639999999999999858e+01
3.800000000000000000e+01
4.039999999999999858e+01
3.539999999999999858e+01
3.789999999999999858e+01
3.410000000000000142e+01
3.250000000000000000e+01
4.170000000000000284e+01
2.969999999999999929e+01
