4.260000000000000142e+01
4.439999999999999858e+01
3.239999999999999858e+01
4.920000000000000284e+01
3.130000000000000071e+01
3.150000000000000000e+01
2.060000000000000142e+01
2.060000000000000142e+01
5.389999999999999858e+01
3.080000000000000071e+01
5.489999999999999858e+01
4.339999999999999858e+01
2.480000000000000071e+01
2.960000000000000142e+01
3.150000000000000000e+01
2.750000000000000000e+01
3.939999999999999858e+01
3.560000000000000142e+01
3.639999999999999858e+01
5.729999999999999716e+01
2.710000000000000142e+01
3.639999999999999858e+01
3.150000000000000000e+01
2.160000000000000142e+01
4.200000000000000000e+01
4.450000000000000000e+01
3.760000000000000142e+01
4.139999999999999858e+01
0.000000000000000000e+00
0.000000000000000000e+00
3.600000000000000089e+00
1.800000000000000044e+00
4.829999999999999716e+01
0.000000000000000000e+00
0.000000000000000000e+00
2.060000000000000142e+01
5.389999999999999858e+01
3.080000000000000071e+01
5.489999999999999858e+01
4.339999999999999858e+01
2.480000000000000071e+01
2.960000000000000142e+01
3.150000000000000000e+01
2.750000000000000000e+01
3.939999999999999858e+01
3.560000000000000142e+01
3.639999999999999858e+01
2.710000000000000142e+01
3.639999999999999858e+01
3.150000000000000000e+01
2.160000000000000142e+01
4.200000000000000000e+01
2.060000000000000142e+01
5.389999999999999858e+01
3.080000000000000071e+01
5.489999999999999858e+01
4.339999999999999858e+01
2.480000000000000071e+01
2.960000000000000142e+01
3.150000000000000000e+01
2.750000000000000000e+01
3.939999999999999858e+01
3.560000000000000142e+01
3.639999999999999858e+01
