2.310000000000000142e+01
3.019999999999999929e+01
4.439999999999999858e+01
2.850000000000000000e+01
2.600000000000000000e+01
3.710000000000000142e+01
2.789999999999999858e+01
3.210000000000000142e+01
3.520000000000000284e+01
1.789999999999999858e+01
3.050000000000000000e+01
2.669999999999999929e+01
3.139999999999999858e+01
2.939999999999999858e+01
4.170000000000000284e+01
3.479999999999999716e+01
4.070000000000000284e+01
1.509999999999999964e+01
3.679999999999999716e+01
2.400000000000000000e+01
4.700000000000000000e+01
2.639999999999999858e+01
3.010000000000000142e+01
3.529999999999999716e+01
4.910000000000000142e+01
1.109999999999999964e+01
3.160000000000000142e+01
1.130000000000000071e+01
8.699999999999999289e+00
9.699999999999999289e+00
5.200000000000000178e+00
7.200000000000000178e+00
5.299999999999999822e+00
5.599999999999999645e+00
5.200000000000000178e+00
3.010000000000000142e+01
3.529999999999999716e+01
9.099999999999999645e+00
4.910000000000000142e+01
1.109999999999999964e+01
6.900000000000000355e+00
3.160000000000000142e+01
1.130000000000000071e+01
5.099999999999999645e+00
2.839999999999999858e+01
5.150000000000000000e+01
6.099999999999999645e+00
4.570000000000000284e+01
1.689999999999999858e+01
3.239999999999999858e+01
1.700000000000000000e+01
3.739999999999999858e+01
5.000000000000000000e+00
3.739999999999999858e+01
3.539999999999999858e+01
3.160000000000000142e+01
4.079999999999999716e+01
2.030000000000000071e+01
2.500000000000000000e+01
3.289999999999999858e+01
3.710000000000000142e+01
2.810000000000000142e+01
3.370000000000000284e+01
3.529999999999999716e+01
2.989999999999999858e+01
5.079999999999999716e+01
3.279999999999999716e+01
3.739999999999999858e+01
4.450000000000000000e+01
4.039999999999999858e+01
4.129999999999999716e+01
3.000000000000000000e+01
2.700000000000000000e+01
3.800000000000000000e+01
2.719999999999999929e+01
3.030000000000000071e+01
3.610000000000000142e+01
3.960000000000000142e+01
2.139999999999999858e+01
2.850000000000000000e+01
3.360000000000000142e+01
3.010000000000000142e+01
2.810000000000000142e+01
1.700000000000000000e+01
1.910000000000000142e+01
1.069999999999999929e+01
1.500000000000000000e+01
4.450000000000000000e+01
4.039999999999999858e+01
4.129999999999999716e+01
3.000000000000000000e+01
2.700000000000000000e+01
3.800000000000000000e+01
2.719999999999999929e+01
3.030000000000000071e+01
3.610000000000000142e+01
3.960000000000000142e+01
1.610000000000000142e+01
1.869999999999999929e+01
1.419999999999999929e+01
2.139999999999999858e+01
2.850000000000000000e+01
3.360000000000000142e+01
3.010000000000000142e+01
2.810000000000000142e+01
1.569999999999999929e+01
2.780000000000000071e+01
3.189999999999999858e+01
2.119999999999999929e+01
2.019999999999999929e+01
3.250000000000000000e+01
2.130000000000000071e+01
3.960000000000000142e+01
3.539999999999999858e+01
5.320000000000000284e+01
3.180000000000000071e+01
1.200000000000000000e+01
2.350000000000000000e+01
4.039999999999999858e+01
2.310000000000000142e+01
