2.869999999999999929e+01
4.570000000000000284e+01
7.359999999999999432e+01
4.570000000000000284e+01
4.570000000000000284e+01
2.969999999999999929e+01
3.860000000000000142e+01
2.260000000000000142e+01
3.939999999999999858e+01
3.779999999999999716e+01
3.539999999999999858e+01
3.939999999999999858e+01
2.250000000000000000e+01
3.379999999999999716e+01
3.610000000000000142e+01
3.529999999999999716e+01
4.170000000000000284e+01
5.660000000000000142e+01
3.320000000000000284e+01
4.360000000000000142e+01
0.000000000000000000e+00
0.000000000000000000e+00
1.369999999999999929e+01
3.939999999999999858e+01
0.000000000000000000e+00
0.000000000000000000e+00
3.510000000000000142e+01
2.469999999999999929e+01
0.000000000000000000e+00
4.000000000000000222e-01
3.610000000000000142e+01
4.570000000000000284e+01
2.969999999999999929e+01
3.860000000000000142e+01
3.939999999999999858e+01
3.779999999999999716e+01
3.539999999999999858e+01
3.939999999999999858e+01
2.250000000000000000e+01
3.379999999999999716e+01
3.610000000000000142e+01
3.529999999999999716e+01
4.170000000000000284e+01
5.660000000000000142e+01
3.320000000000000284e+01
4.360000000000000142e+01
4.570000000000000284e+01
2.969999999999999929e+01
3.860000000000000142e+01
3.939999999999999858e+01
3.779999999999999716e+01
3.539999999999999858e+01
3.939999999999999858e+01
2.250000000000000000e+01
3.379999999999999716e+01
