2.839999999999999858e+01
2.289999999999999858e+01
1.580000000000000071e+01
2.810000000000000142e+01
2.810000000000000142e+01
3.389999999999999858e+01
4.529999999999999716e+01
1.309999999999999964e+01
3.529999999999999716e+01
2.060000000000000142e+01
3.529999999999999716e+01
4.079999999999999716e+01
3.889999999999999858e+01
3.810000000000000142e+01
2.150000000000000000e+01
3.470000000000000284e+01
3.100000000000000000e+01
2.330000000000000071e+01
2.419999999999999929e+01
2.930000000000000071e+01
3.400000000000000000e+01
2.810000000000000142e+01
3.520000000000000284e+01
3.879999999999999716e+01
2.980000000000000071e+01
4.060000000000000142e+01
4.450000000000000000e+01
4.129999999999999716e+01
4.429999999999999716e+01
3.620000000000000284e+01
3.520000000000000284e+01
3.879999999999999716e+01
2.980000000000000071e+01
4.060000000000000142e+01
