2.330000000000000071e+01
3.729999999999999716e+01
3.379999999999999716e+01
3.429999999999999716e+01
4.379999999999999716e+01
3.650000000000000000e+01
1.590000000000000036e+01
3.370000000000000284e+01
4.550000000000000000e+01
3.650000000000000000e+01
7.299999999999999822e+00
8.699999999999999289e+00
4.550000000000000000e+01
3.650000000000000000e+01
2.939999999999999858e+01
1.180000000000000071e+01
2.069999999999999929e+01
4.060000000000000142e+01
0.000000000000000000e+00
0.000000000000000000e+00
3.200000000000000178e+00
2.000000000000000111e-01
0.000000000000000000e+00
0.000000000000000000e+00
0.000000000000000000e+00
0.000000000000000000e+00
1.000000000000000056e-01
1.699999999999999956e+00
0.000000000000000000e+00
2.100000000000000089e+00
0.000000000000000000e+00
0.000000000000000000e+00
4.900000000000000355e+00
0.000000000000000000e+00
1.169999999999999929e+01
2.989999999999999858e+01
2.939999999999999858e+01
3.130000000000000071e+01
3.180000000000000071e+01
3.929999999999999716e+01
3.610000000000000142e+01
1.490000000000000036e+01
3.970000000000000284e+01
1.069999999999999929e+01
3.800000000000000000e+01
1.350000000000000000e+01
2.510000000000000142e+01
