1.409999999999999964e+01
4.460000000000000142e+01
3.970000000000000284e+01
3.810000000000000142e+01
6.670000000000000284e+01
3.639999999999999858e+01
3.010000000000000142e+01
4.460000000000000142e+01
2.739999999999999858e+01
9.900000000000000355e+00
9.900000000000000355e+00
5.400000000000000355e+00
9.000000000000000000e+00
3.639999999999999858e+01
3.010000000000000142e+01
4.460000000000000142e+01
2.739999999999999858e+01
3.789999999999999858e+01
2.780000000000000071e+01
2.010000000000000142e+01
2.530000000000000071e+01
4.820000000000000284e+01
2.330000000000000071e+01
3.329999999999999716e+01
0.000000000000000000e+00
0.000000000000000000e+00
0.000000000000000000e+00
0.000000000000000000e+00
0.000000000000000000e+00
0.000000000000000000e+00
0.000000000000000000e+00
0.000000000000000000e+00
0.000000000000000000e+00
0.000000000000000000e+00
0.000000000000000000e+00
0.000000000000000000e+00
0.000000000000000000e+00
0.000000000000000000e+00
0.000000000000000000e+00
0.000000000000000000e+00
0.000000000000000000e+00
1.000000000000000000e+01
1.839999999999999858e+01
1.989999999999999858e+01
1.430000000000000071e+01
1.730000000000000071e+01
3.019999999999999929e+01
4.120000000000000284e+01
2.669999999999999929e+01
3.700000000000000000e+01
3.150000000000000000e+01
1.340000000000000036e+01
2.439999999999999858e+01
2.569999999999999929e+01
3.000000000000000000e+01
4.460000000000000142e+01
2.130000000000000071e+01
3.739999999999999858e+01
1.700000000000000000e+01
3.789999999999999858e+01
2.230000000000000071e+01
