2.750000000000000000e+01
3.760000000000000142e+01
3.810000000000000142e+01
5.679999999999999716e+01
2.639999999999999858e+01
3.360000000000000142e+01
4.089999999999999858e+01
4.129999999999999716e+01
3.069999999999999929e+01
3.810000000000000142e+01
1.580000000000000071e+01
3.139999999999999858e+01
2.269999999999999929e+01
1.419999999999999929e+01
2.269999999999999929e+01
3.829999999999999716e+01
4.810000000000000142e+01
4.379999999999999716e+01
3.929999999999999716e+01
3.779999999999999716e+01
3.689999999999999858e+01
2.310000000000000142e+01
4.610000000000000142e+01
2.380000000000000071e+01
3.110000000000000142e+01
2.180000000000000071e+01
4.550000000000000000e+01
3.270000000000000284e+01
3.000000000000000000e+01
4.450000000000000000e+01
2.669999999999999929e+01
3.000000000000000000e+01
3.400000000000000000e+01
3.689999999999999858e+01
3.539999999999999858e+01
3.960000000000000142e+01
3.000000000000000000e+01
2.310000000000000142e+01
3.239999999999999858e+01
4.450000000000000000e+01
2.299999999999999822e+00
0.000000000000000000e+00
0.000000000000000000e+00
0.000000000000000000e+00
0.000000000000000000e+00
0.000000000000000000e+00
0.000000000000000000e+00
0.000000000000000000e+00
3.610000000000000142e+01
2.500000000000000000e+01
0.000000000000000000e+00
0.000000000000000000e+00
0.000000000000000000e+00
6.389999999999999858e+01
1.000000000000000056e-01
0.000000000000000000e+00
0.000000000000000000e+00
2.269999999999999929e+01
3.829999999999999716e+01
4.810000000000000142e+01
4.379999999999999716e+01
3.929999999999999716e+01
3.779999999999999716e+01
3.689999999999999858e+01
4.610000000000000142e+01
2.380000000000000071e+01
3.110000000000000142e+01
2.180000000000000071e+01
4.550000000000000000e+01
3.270000000000000284e+01
3.000000000000000000e+01
4.450000000000000000e+01
2.669999999999999929e+01
3.000000000000000000e+01
3.400000000000000000e+01
3.689999999999999858e+01
3.539999999999999858e+01
3.960000000000000142e+01
3.000000000000000000e+01
2.269999999999999929e+01
3.829999999999999716e+01
4.810000000000000142e+01
4.379999999999999716e+01
3.929999999999999716e+01
3.779999999999999716e+01
3.689999999999999858e+01
4.610000000000000142e+01
2.380000000000000071e+01
3.110000000000000142e+01
2.180000000000000071e+01
