4.750000000000000000e+01
3.000000000000000000e+01
2.100000000000000000e+01
2.489999999999999858e+01
1.080000000000000071e+01
3.429999999999999716e+01
2.780000000000000071e+01
4.400000000000000000e+01
2.589999999999999858e+01
2.300000000000000000e+01
3.470000000000000284e+01
4.410000000000000142e+01
6.039999999999999858e+01
3.239999999999999858e+01
4.429999999999999716e+01
5.329999999999999716e+01
3.489999999999999858e+01
2.780000000000000071e+01
3.210000000000000142e+01
4.750000000000000000e+01
2.950000000000000000e+01
2.950000000000000000e+01
3.920000000000000284e+01
2.339999999999999858e+01
3.339999999999999858e+01
4.170000000000000284e+01
2.819999999999999929e+01
4.439999999999999858e+01
3.829999999999999716e+01
3.010000000000000142e+01
3.760000000000000142e+01
2.780000000000000071e+01
4.400000000000000000e+01
2.589999999999999858e+01
2.300000000000000000e+01
3.470000000000000284e+01
4.410000000000000142e+01
6.039999999999999858e+01
3.239999999999999858e+01
4.429999999999999716e+01
5.329999999999999716e+01
3.489999999999999858e+01
2.780000000000000071e+01
3.210000000000000142e+01
4.750000000000000000e+01
2.950000000000000000e+01
2.950000000000000000e+01
3.920000000000000284e+01
2.339999999999999858e+01
3.339999999999999858e+01
4.170000000000000284e+01
2.819999999999999929e+01
4.439999999999999858e+01
3.829999999999999716e+01
3.010000000000000142e+01
3.760000000000000142e+01
2.780000000000000071e+01
2.589999999999999858e+01
2.300000000000000000e+01
3.470000000000000284e+01
4.410000000000000142e+01
6.039999999999999858e+01
3.239999999999999858e+01
4.429999999999999716e+01
5.329999999999999716e+01
2.780000000000000071e+01
3.210000000000000142e+01
4.750000000000000000e+01
2.950000000000000000e+01
2.950000000000000000e+01
2.780000000000000071e+01
2.589999999999999858e+01
2.300000000000000000e+01
3.470000000000000284e+01
4.410000000000000142e+01
6.039999999999999858e+01
3.239999999999999858e+01
4.429999999999999716e+01
