3.030000000000000071e+01
1.180000000000000071e+01
3.789999999999999858e+01
4.160000000000000142e+01
3.160000000000000142e+01
3.639999999999999858e+01
4.450000000000000000e+01
1.610000000000000142e+01
3.489999999999999858e+01
4.160000000000000142e+01
3.839999999999999858e+01
2.980000000000000071e+01
2.819999999999999929e+01
1.390000000000000036e+01
3.410000000000000142e+01
3.239999999999999858e+01
1.180000000000000071e+01
3.119999999999999929e+01
1.750000000000000000e+01
2.980000000000000071e+01
1.519999999999999929e+01
3.700000000000000000e+01
1.830000000000000071e+01
5.799999999999999822e+00
5.400000000000000355e+00
5.500000000000000000e+00
5.000000000000000000e+00
6.700000000000000178e+00
6.299999999999999822e+00
7.700000000000000178e+00
7.000000000000000000e+00
2.980000000000000071e+01
1.519999999999999929e+01
3.700000000000000000e+01
6.299999999999999822e+00
1.830000000000000071e+01
8.809999999999999432e+01
4.160000000000000142e+01
3.579999999999999716e+01
3.050000000000000000e+01
3.250000000000000000e+01
2.950000000000000000e+01
6.189999999999999858e+01
3.520000000000000284e+01
4.039999999999999858e+01
5.289999999999999858e+01
2.980000000000000071e+01
3.700000000000000000e+01
8.809999999999999432e+01
4.160000000000000142e+01
3.579999999999999716e+01
3.050000000000000000e+01
3.250000000000000000e+01
2.950000000000000000e+01
6.189999999999999858e+01
3.520000000000000284e+01
4.039999999999999858e+01
5.289999999999999858e+01
5.289999999999999858e+01
3.729999999999999716e+01
2.089999999999999858e+01
3.960000000000000142e+01
4.020000000000000284e+01
3.239999999999999858e+01
2.710000000000000142e+01
1.519999999999999929e+01
1.830000000000000071e+01
2.089999999999999858e+01
3.960000000000000142e+01
4.020000000000000284e+01
3.239999999999999858e+01
2.710000000000000142e+01
3.000000000000000000e+01
3.460000000000000142e+01
4.189999999999999858e+01
2.180000000000000071e+01
3.489999999999999858e+01
