3.660000000000000142e+01
1.639999999999999858e+01
3.589999999999999858e+01
2.789999999999999858e+01
2.400000000000000000e+01
6.700000000000000000e+01
1.440000000000000036e+01
4.460000000000000142e+01
3.810000000000000142e+01
3.879999999999999716e+01
3.260000000000000142e+01
2.080000000000000071e+01
3.210000000000000142e+01
3.829999999999999716e+01
3.939999999999999858e+01
3.800000000000000000e+01
2.960000000000000142e+01
1.689999999999999858e+01
3.550000000000000000e+01
5.000000000000000000e+00
8.099999999999999645e+00
5.299999999999999822e+00
3.210000000000000142e+01
3.829999999999999716e+01
3.939999999999999858e+01
7.000000000000000000e+00
3.800000000000000000e+01
2.960000000000000142e+01
1.689999999999999858e+01
3.550000000000000000e+01
2.939999999999999858e+01
1.269999999999999929e+01
1.910000000000000142e+01
3.069999999999999929e+01
0.000000000000000000e+00
0.000000000000000000e+00
0.000000000000000000e+00
0.000000000000000000e+00
1.399999999999999911e+00
0.000000000000000000e+00
0.000000000000000000e+00
2.710000000000000142e+01
1.960000000000000142e+01
1.600000000000000000e+01
2.069999999999999929e+01
2.580000000000000071e+01
3.989999999999999858e+01
4.160000000000000142e+01
2.610000000000000142e+01
1.459999999999999964e+01
4.160000000000000142e+01
2.230000000000000071e+01
1.989999999999999858e+01
4.320000000000000284e+01
2.739999999999999858e+01
3.589999999999999858e+01
3.989999999999999858e+01
4.160000000000000142e+01
