1.390000000000000036e+01
3.770000000000000284e+01
3.300000000000000000e+01
4.189999999999999858e+01
2.980000000000000071e+01
3.750000000000000000e+01
4.839999999999999858e+01
1.880000000000000071e+01
3.500000000000000000e+01
2.369999999999999929e+01
7.299999999999999822e+00
7.799999999999999822e+00
5.900000000000000355e+00
3.750000000000000000e+01
4.839999999999999858e+01
1.880000000000000071e+01
3.500000000000000000e+01
7.799999999999999822e+00
2.369999999999999929e+01
3.000000000000000000e+01
7.599999999999999645e+00
2.750000000000000000e+01
2.839999999999999858e+01
6.299999999999999822e+00
8.800000000000000711e+00
1.580000000000000071e+01
2.469999999999999929e+01
2.980000000000000071e+01
4.870000000000000284e+01
3.500000000000000000e+01
8.199999999999999289e+00
3.050000000000000000e+01
3.150000000000000000e+01
3.750000000000000000e+01
4.839999999999999858e+01
3.500000000000000000e+01
2.369999999999999929e+01
3.000000000000000000e+01
2.750000000000000000e+01
2.839999999999999858e+01
2.469999999999999929e+01
2.980000000000000071e+01
4.870000000000000284e+01
3.500000000000000000e+01
3.050000000000000000e+01
3.150000000000000000e+01
3.500000000000000000e+01
2.969999999999999929e+01
2.810000000000000142e+01
2.989999999999999858e+01
4.760000000000000142e+01
3.829999999999999716e+01
1.880000000000000071e+01
1.580000000000000071e+01
1.839999999999999858e+01
2.969999999999999929e+01
2.810000000000000142e+01
2.989999999999999858e+01
4.760000000000000142e+01
3.829999999999999716e+01
1.900000000000000000e+01
1.040000000000000036e+01
1.459999999999999964e+01
3.139999999999999858e+01
1.739999999999999858e+01
3.500000000000000000e+01
2.989999999999999858e+01
4.450000000000000000e+01
