5.729999999999999716e+01
4.050000000000000000e+01
2.710000000000000142e+01
3.130000000000000071e+01
5.920000000000000284e+01
2.300000000000000000e+01
2.300000000000000000e+01
4.500000000000000000e+01
6.250000000000000000e+01
4.679999999999999716e+01
3.600000000000000000e+01
3.560000000000000142e+01
5.050000000000000000e+01
2.119999999999999929e+01
3.429999999999999716e+01
2.419999999999999929e+01
6.829999999999999716e+01
3.670000000000000284e+01
2.319999999999999929e+01
2.719999999999999929e+01
3.610000000000000142e+01
6.250000000000000000e+01
4.539999999999999858e+01
3.629999999999999716e+01
6.000000000000000000e+01
6.709999999999999432e+01
3.760000000000000142e+01
4.200000000000000000e+01
4.329999999999999716e+01
3.670000000000000284e+01
2.319999999999999929e+01
2.719999999999999929e+01
3.610000000000000142e+01
