4.170000000000000284e+01
4.439999999999999858e+01
3.750000000000000000e+01
3.689999999999999858e+01
2.810000000000000142e+01
4.760000000000000142e+01
3.610000000000000142e+01
2.900000000000000000e+01
3.820000000000000284e+01
8.199999999999999289e+00
7.099999999999999645e+00
2.900000000000000000e+01
3.820000000000000284e+01
7.799999999999999822e+00
2.430000000000000071e+01
0.000000000000000000e+00
0.000000000000000000e+00
0.000000000000000000e+00
0.000000000000000000e+00
2.899999999999999911e+00
0.000000000000000000e+00
0.000000000000000000e+00
3.299999999999999822e+00
0.000000000000000000e+00
0.000000000000000000e+00
1.789999999999999858e+01
6.490000000000000568e+01
3.360000000000000142e+01
6.320000000000000284e+01
3.229999999999999716e+01
4.260000000000000142e+01
3.810000000000000142e+01
3.270000000000000284e+01
2.610000000000000142e+01
3.479999999999999716e+01
3.610000000000000142e+01
3.270000000000000284e+01
3.920000000000000284e+01
2.669999999999999929e+01
5.720000000000000284e+01
3.970000000000000284e+01
2.739999999999999858e+01
4.179999999999999716e+01
