5.510000000000000142e+01
4.560000000000000142e+01
1.880000000000000071e+01
2.280000000000000071e+01
3.889999999999999858e+01
4.589999999999999858e+01
4.089999999999999858e+01
4.089999999999999858e+01
2.260000000000000142e+01
3.189999999999999858e+01
3.900000000000000000e+01
2.960000000000000142e+01
3.510000000000000142e+01
3.839999999999999858e+01
3.500000000000000000e+01
4.410000000000000142e+01
3.350000000000000000e+01
3.489999999999999858e+01
3.660000000000000142e+01
3.839999999999999858e+01
3.500000000000000000e+01
4.410000000000000142e+01
2.960000000000000142e+01
3.510000000000000142e+01
