2.860000000000000142e+01
3.860000000000000142e+01
1.109999999999999964e+01
2.550000000000000000e+01
2.760000000000000142e+01
3.950000000000000000e+01
1.639999999999999858e+01
3.180000000000000071e+01
4.629999999999999716e+01
3.529999999999999716e+01
3.729999999999999716e+01
3.800000000000000000e+01
4.970000000000000284e+01
3.239999999999999858e+01
8.170000000000000284e+01
5.500000000000000000e+00
7.000000000000000000e+00
4.970000000000000284e+01
3.239999999999999858e+01
8.000000000000000000e+00
8.170000000000000284e+01
5.650000000000000000e+01
1.900000000000000000e+01
8.900000000000000355e+00
2.980000000000000071e+01
1.219999999999999929e+01
3.670000000000000284e+01
4.170000000000000284e+01
8.000000000000000000e+00
2.600000000000000000e+01
2.210000000000000142e+01
4.889999999999999858e+01
3.400000000000000000e+01
3.729999999999999716e+01
7.700000000000000178e+00
1.559999999999999964e+01
4.120000000000000284e+01
2.980000000000000071e+01
4.970000000000000284e+01
3.239999999999999858e+01
8.170000000000000284e+01
5.650000000000000000e+01
2.980000000000000071e+01
3.670000000000000284e+01
4.170000000000000284e+01
2.600000000000000000e+01
2.210000000000000142e+01
4.889999999999999858e+01
3.400000000000000000e+01
3.729999999999999716e+01
4.120000000000000284e+01
2.980000000000000071e+01
4.170000000000000284e+01
2.969999999999999929e+01
2.869999999999999929e+01
3.329999999999999716e+01
5.720000000000000284e+01
3.450000000000000000e+01
2.700000000000000000e+01
2.589999999999999858e+01
4.629999999999999716e+01
6.329999999999999716e+01
4.970000000000000284e+01
3.239999999999999858e+01
8.170000000000000284e+01
5.650000000000000000e+01
2.980000000000000071e+01
3.670000000000000284e+01
4.170000000000000284e+01
2.600000000000000000e+01
4.889999999999999858e+01
3.400000000000000000e+01
3.729999999999999716e+01
4.120000000000000284e+01
2.980000000000000071e+01
4.170000000000000284e+01
2.969999999999999929e+01
2.869999999999999929e+01
3.329999999999999716e+01
5.720000000000000284e+01
3.450000000000000000e+01
2.700000000000000000e+01
2.589999999999999858e+01
4.629999999999999716e+01
4.970000000000000284e+01
3.239999999999999858e+01
8.170000000000000284e+01
5.650000000000000000e+01
2.980000000000000071e+01
3.670000000000000284e+01
4.170000000000000284e+01
2.600000000000000000e+01
3.400000000000000000e+01
3.729999999999999716e+01
4.120000000000000284e+01
2.980000000000000071e+01
