3.570000000000000284e+01
3.410000000000000142e+01
1.450000000000000000e+01
7.370000000000000284e+01
2.139999999999999858e+01
1.650000000000000000e+01
5.270000000000000284e+01
2.660000000000000142e+01
2.200000000000000000e+01
7.400000000000000355e+00
5.599999999999999645e+00
6.000000000000000000e+00
5.099999999999999645e+00
7.299999999999999822e+00
6.799999999999999822e+00
5.400000000000000355e+00
5.099999999999999645e+00
2.139999999999999858e+01
1.650000000000000000e+01
5.270000000000000284e+01
2.660000000000000142e+01
2.200000000000000000e+01
4.550000000000000000e+01
2.450000000000000000e+01
5.700000000000000178e+00
4.570000000000000284e+01
6.440000000000000568e+01
4.339999999999999858e+01
4.779999999999999716e+01
6.299999999999999822e+00
4.270000000000000284e+01
3.420000000000000284e+01
3.820000000000000284e+01
2.460000000000000142e+01
4.100000000000000000e+01
3.560000000000000142e+01
4.800000000000000000e+01
3.360000000000000142e+01
2.260000000000000142e+01
2.210000000000000142e+01
3.439999999999999858e+01
4.150000000000000000e+01
4.800000000000000000e+01
3.520000000000000284e+01
2.410000000000000142e+01
4.629999999999999716e+01
3.560000000000000142e+01
1.540000000000000036e+01
4.150000000000000000e+01
4.800000000000000000e+01
3.520000000000000284e+01
2.410000000000000142e+01
4.629999999999999716e+01
3.560000000000000142e+01
3.639999999999999858e+01
5.250000000000000000e+01
4.800000000000000000e+01
2.189999999999999858e+01
4.160000000000000142e+01
3.039999999999999858e+01
