4.560000000000000142e+01
3.400000000000000000e+01
4.689999999999999858e+01
2.300000000000000000e+01
2.950000000000000000e+01
4.200000000000000000e+01
3.389999999999999858e+01
2.500000000000000000e+01
4.479999999999999716e+01
2.330000000000000071e+01
2.489999999999999858e+01
1.710000000000000142e+01
2.500000000000000000e+01
4.479999999999999716e+01
2.330000000000000071e+01
2.489999999999999858e+01
4.520000000000000284e+01
3.710000000000000142e+01
3.589999999999999858e+01
5.770000000000000284e+01
3.539999999999999858e+01
3.850000000000000000e+01
2.069999999999999929e+01
4.279999999999999716e+01
2.069999999999999929e+01
3.850000000000000000e+01
3.150000000000000000e+01
6.320000000000000284e+01
2.069999999999999929e+01
2.069999999999999929e+01
3.839999999999999858e+01
2.069999999999999929e+01
2.069999999999999929e+01
2.069999999999999929e+01
2.980000000000000071e+01
2.280000000000000071e+01
2.069999999999999929e+01
4.520000000000000284e+01
2.839999999999999858e+01
3.239999999999999858e+01
3.839999999999999858e+01
2.069999999999999929e+01
2.069999999999999929e+01
2.069999999999999929e+01
2.980000000000000071e+01
2.280000000000000071e+01
