2.580000000000000071e+01
4.170000000000000284e+01
4.020000000000000284e+01
3.030000000000000071e+01
3.860000000000000142e+01
3.030000000000000071e+01
6.000000000000000000e+01
3.189999999999999858e+01
6.239999999999999858e+01
2.960000000000000142e+01
4.600000000000000000e+01
6.239999999999999858e+01
2.960000000000000142e+01
4.600000000000000000e+01
3.979999999999999716e+01
6.770000000000000284e+01
6.260000000000000142e+01
3.900000000000000000e+01
6.260000000000000142e+01
3.620000000000000284e+01
3.800000000000000000e+01
5.679999999999999716e+01
3.550000000000000000e+01
6.010000000000000142e+01
3.620000000000000284e+01
5.429999999999999716e+01
2.060000000000000142e+01
3.760000000000000142e+01
4.879999999999999716e+01
2.780000000000000071e+01
3.030000000000000071e+01
2.189999999999999858e+01
5.889999999999999858e+01
4.979999999999999716e+01
3.180000000000000071e+01
3.620000000000000284e+01
5.429999999999999716e+01
2.060000000000000142e+01
3.760000000000000142e+01
4.879999999999999716e+01
2.780000000000000071e+01
