4.320000000000000284e+01
1.250000000000000000e+01
6.490000000000000568e+01
1.559999999999999964e+01
3.500000000000000000e+01
1.050000000000000000e+01
6.470000000000000284e+01
2.539999999999999858e+01
4.239999999999999858e+01
3.019999999999999929e+01
1.650000000000000000e+01
8.129999999999999716e+01
2.480000000000000071e+01
1.140000000000000036e+01
5.099999999999999645e+00
6.500000000000000000e+00
6.299999999999999822e+00
8.099999999999999645e+00
6.099999999999999645e+00
7.500000000000000000e+00
8.129999999999999716e+01
2.480000000000000071e+01
1.140000000000000036e+01
2.980000000000000071e+01
3.820000000000000284e+01
6.170000000000000284e+01
1.819999999999999929e+01
3.810000000000000142e+01
2.530000000000000071e+01
2.860000000000000142e+01
0.000000000000000000e+00
0.000000000000000000e+00
0.000000000000000000e+00
0.000000000000000000e+00
0.000000000000000000e+00
0.000000000000000000e+00
0.000000000000000000e+00
0.000000000000000000e+00
0.000000000000000000e+00
0.000000000000000000e+00
1.130000000000000071e+01
1.800000000000000000e+01
1.630000000000000071e+01
2.230000000000000071e+01
3.970000000000000284e+01
5.289999999999999858e+01
3.720000000000000284e+01
4.160000000000000142e+01
3.169999999999999929e+01
4.220000000000000284e+01
6.079999999999999716e+01
4.220000000000000284e+01
4.279999999999999716e+01
3.989999999999999858e+01
3.089999999999999858e+01
5.620000000000000284e+01
3.800000000000000000e+01
3.169999999999999929e+01
4.220000000000000284e+01
