4.360000000000000142e+01
3.970000000000000284e+01
1.850000000000000000e+01
1.910000000000000142e+01
3.889999999999999858e+01
2.689999999999999858e+01
3.710000000000000142e+01
2.339999999999999858e+01
3.420000000000000284e+01
3.820000000000000284e+01
3.960000000000000142e+01
1.340000000000000036e+01
2.710000000000000142e+01
2.839999999999999858e+01
3.600000000000000000e+01
1.069999999999999929e+01
1.600000000000000000e+01
1.480000000000000071e+01
6.700000000000000178e+00
1.069999999999999929e+01
1.600000000000000000e+01
1.480000000000000071e+01
6.799999999999999822e+00
3.579999999999999716e+01
0.000000000000000000e+00
0.000000000000000000e+00
0.000000000000000000e+00
0.000000000000000000e+00
0.000000000000000000e+00
0.000000000000000000e+00
0.000000000000000000e+00
3.600000000000000089e+00
0.000000000000000000e+00
5.000000000000000000e-01
0.000000000000000000e+00
0.000000000000000000e+00
0.000000000000000000e+00
0.000000000000000000e+00
4.299999999999999822e+00
3.500000000000000000e+01
3.910000000000000142e+01
3.860000000000000142e+01
1.000000000000000000e+01
4.460000000000000142e+01
3.000000000000000000e+01
4.029999999999999716e+01
4.239999999999999858e+01
3.889999999999999858e+01
2.969999999999999929e+01
2.189999999999999858e+01
3.520000000000000284e+01
4.539999999999999858e+01
3.960000000000000142e+01
2.269999999999999929e+01
3.860000000000000142e+01
