3.639999999999999858e+01
4.679999999999999716e+01
3.570000000000000284e+01
2.410000000000000142e+01
2.789999999999999858e+01
2.230000000000000071e+01
1.140000000000000036e+01
4.489999999999999858e+01
3.650000000000000000e+01
2.019999999999999929e+01
2.110000000000000142e+01
3.500000000000000000e+01
5.460000000000000142e+01
5.479999999999999716e+01
3.810000000000000142e+01
2.630000000000000071e+01
4.170000000000000284e+01
3.770000000000000284e+01
3.279999999999999716e+01
2.080000000000000071e+01
3.060000000000000142e+01
1.630000000000000071e+01
2.200000000000000000e+01
2.419999999999999929e+01
6.010000000000000142e+01
1.730000000000000071e+01
3.600000000000000000e+01
4.379999999999999716e+01
3.900000000000000000e+01
3.729999999999999716e+01
2.030000000000000071e+01
2.719999999999999929e+01
3.220000000000000284e+01
4.100000000000000000e+01
1.290000000000000036e+01
1.059999999999999964e+01
4.100000000000000000e+01
3.420000000000000284e+01
2.869999999999999929e+01
3.239999999999999858e+01
2.080000000000000071e+01
5.179999999999999716e+01
3.689999999999999858e+01
3.689999999999999858e+01
4.610000000000000142e+01
2.400000000000000000e+01
3.729999999999999716e+01
3.800000000000000000e+01
1.190000000000000036e+01
3.939999999999999858e+01
3.570000000000000284e+01
3.089999999999999858e+01
3.770000000000000284e+01
3.260000000000000142e+01
2.969999999999999929e+01
3.660000000000000142e+01
4.429999999999999716e+01
4.450000000000000000e+01
3.000000000000000000e+01
3.270000000000000284e+01
2.100000000000000000e+01
2.630000000000000071e+01
3.350000000000000000e+01
3.239999999999999858e+01
3.060000000000000142e+01
1.369999999999999929e+01
3.910000000000000142e+01
2.150000000000000000e+01
4.000000000000000000e+01
4.400000000000000000e+01
5.489999999999999858e+01
4.879999999999999716e+01
2.050000000000000000e+01
4.370000000000000284e+01
2.269999999999999929e+01
5.910000000000000142e+01
4.139999999999999858e+01
7.020000000000000284e+01
3.689999999999999858e+01
5.460000000000000142e+01
5.910000000000000142e+01
3.800000000000000000e+01
3.620000000000000284e+01
3.570000000000000284e+01
4.220000000000000284e+01
3.089999999999999858e+01
3.460000000000000142e+01
3.610000000000000142e+01
4.550000000000000000e+01
4.100000000000000000e+01
3.119999999999999929e+01
3.810000000000000142e+01
3.150000000000000000e+01
3.030000000000000071e+01
3.310000000000000142e+01
4.110000000000000142e+01
3.329999999999999716e+01
3.389999999999999858e+01
1.700000000000000000e+01
7.150000000000000000e+01
1.000000000000000000e+01
3.000000000000000000e+01
2.269999999999999929e+01
3.700000000000000000e+01
1.750000000000000000e+01
2.660000000000000142e+01
3.429999999999999716e+01
5.400000000000000000e+01
3.239999999999999858e+01
1.580000000000000071e+01
4.839999999999999858e+01
2.850000000000000000e+01
3.779999999999999716e+01
2.339999999999999858e+01
2.269999999999999929e+01
3.820000000000000284e+01
8.300000000000000711e+00
5.200000000000000178e+00
6.700000000000000178e+00
8.300000000000000711e+00
8.599999999999999645e+00
3.239999999999999858e+01
1.580000000000000071e+01
4.839999999999999858e+01
2.850000000000000000e+01
3.779999999999999716e+01
2.339999999999999858e+01
2.269999999999999929e+01
3.820000000000000284e+01
3.239999999999999858e+01
4.160000000000000142e+01
3.650000000000000000e+01
4.339999999999999858e+01
4.620000000000000284e+01
2.669999999999999929e+01
5.160000000000000142e+01
5.900000000000000355e+00
0.000000000000000000e+00
0.000000000000000000e+00
3.299999999999999822e+00
0.000000000000000000e+00
0.000000000000000000e+00
0.000000000000000000e+00
0.000000000000000000e+00
0.000000000000000000e+00
0.000000000000000000e+00
0.000000000000000000e+00
0.000000000000000000e+00
0.000000000000000000e+00
1.319999999999999929e+01
1.209999999999999964e+01
1.430000000000000071e+01
1.450000000000000000e+01
3.160000000000000142e+01
1.730000000000000071e+01
1.190000000000000036e+01
4.010000000000000142e+01
2.400000000000000000e+01
4.160000000000000142e+01
2.939999999999999858e+01
2.989999999999999858e+01
6.809999999999999432e+01
3.510000000000000142e+01
2.080000000000000071e+01
3.539999999999999858e+01
3.420000000000000284e+01
1.169999999999999929e+01
5.510000000000000142e+01
2.650000000000000000e+01
3.060000000000000142e+01
4.329999999999999716e+01
4.950000000000000000e+01
2.450000000000000000e+01
1.240000000000000036e+01
1.190000000000000036e+01
2.789999999999999858e+01
3.210000000000000142e+01
3.889999999999999858e+01
1.980000000000000071e+01
4.979999999999999716e+01
3.110000000000000142e+01
5.389999999999999858e+01
2.280000000000000071e+01
5.510000000000000142e+01
