2.619999999999999929e+01
3.400000000000000000e+01
2.639999999999999858e+01
2.039999999999999858e+01
4.850000000000000000e+01
3.310000000000000142e+01
1.190000000000000036e+01
2.310000000000000142e+01
1.869999999999999929e+01
3.910000000000000142e+01
1.789999999999999858e+01
2.310000000000000142e+01
3.910000000000000142e+01
5.300000000000000000e+01
3.720000000000000284e+01
2.919999999999999929e+01
6.250000000000000000e+01
2.580000000000000071e+01
2.689999999999999858e+01
3.910000000000000142e+01
2.339999999999999858e+01
5.329999999999999716e+01
4.550000000000000000e+01
5.229999999999999716e+01
3.520000000000000284e+01
3.739999999999999858e+01
2.930000000000000071e+01
4.270000000000000284e+01
3.689999999999999858e+01
3.820000000000000284e+01
5.120000000000000284e+01
2.639999999999999858e+01
4.479999999999999716e+01
2.560000000000000142e+01
2.219999999999999929e+01
4.310000000000000142e+01
6.239999999999999858e+01
3.239999999999999858e+01
5.170000000000000284e+01
2.989999999999999858e+01
4.629999999999999716e+01
2.930000000000000071e+01
2.060000000000000142e+01
5.529999999999999716e+01
4.589999999999999858e+01
3.870000000000000284e+01
6.020000000000000284e+01
3.560000000000000142e+01
2.869999999999999929e+01
2.310000000000000142e+01
3.910000000000000142e+01
5.300000000000000000e+01
3.720000000000000284e+01
2.919999999999999929e+01
6.250000000000000000e+01
2.580000000000000071e+01
2.689999999999999858e+01
3.910000000000000142e+01
2.339999999999999858e+01
5.329999999999999716e+01
4.550000000000000000e+01
5.229999999999999716e+01
3.520000000000000284e+01
3.739999999999999858e+01
2.930000000000000071e+01
4.270000000000000284e+01
3.689999999999999858e+01
3.820000000000000284e+01
5.120000000000000284e+01
2.639999999999999858e+01
4.479999999999999716e+01
2.560000000000000142e+01
2.219999999999999929e+01
4.310000000000000142e+01
6.239999999999999858e+01
3.239999999999999858e+01
5.170000000000000284e+01
2.989999999999999858e+01
4.629999999999999716e+01
2.930000000000000071e+01
2.060000000000000142e+01
5.529999999999999716e+01
4.589999999999999858e+01
3.870000000000000284e+01
6.020000000000000284e+01
3.560000000000000142e+01
2.869999999999999929e+01
2.310000000000000142e+01
3.910000000000000142e+01
5.300000000000000000e+01
3.720000000000000284e+01
2.919999999999999929e+01
6.250000000000000000e+01
2.580000000000000071e+01
2.689999999999999858e+01
3.910000000000000142e+01
2.339999999999999858e+01
5.329999999999999716e+01
4.550000000000000000e+01
5.229999999999999716e+01
3.520000000000000284e+01
3.739999999999999858e+01
2.930000000000000071e+01
4.270000000000000284e+01
3.689999999999999858e+01
3.820000000000000284e+01
5.120000000000000284e+01
2.310000000000000142e+01
3.910000000000000142e+01
5.300000000000000000e+01
3.720000000000000284e+01
2.919999999999999929e+01
6.250000000000000000e+01
2.580000000000000071e+01
2.689999999999999858e+01
3.910000000000000142e+01
2.339999999999999858e+01
5.329999999999999716e+01
4.550000000000000000e+01
