4.929999999999999716e+01
3.000000000000000000e+01
3.000000000000000000e+01
2.700000000000000000e+01
4.429999999999999716e+01
3.000000000000000000e+01
2.480000000000000071e+01
4.160000000000000142e+01
3.339999999999999858e+01
3.810000000000000142e+01
3.339999999999999858e+01
7.900000000000000355e+00
6.700000000000000178e+00
4.160000000000000142e+01
3.339999999999999858e+01
3.810000000000000142e+01
8.800000000000000711e+00
3.339999999999999858e+01
4.450000000000000000e+01
4.539999999999999858e+01
5.310000000000000142e+01
1.880000000000000071e+01
7.400000000000000355e+00
1.730000000000000071e+01
8.400000000000000355e+00
3.250000000000000000e+01
2.750000000000000000e+01
1.380000000000000071e+01
5.310000000000000142e+01
3.239999999999999858e+01
3.950000000000000000e+01
2.319999999999999929e+01
3.720000000000000284e+01
3.679999999999999716e+01
4.160000000000000142e+01
3.339999999999999858e+01
3.810000000000000142e+01
3.339999999999999858e+01
4.450000000000000000e+01
4.539999999999999858e+01
5.310000000000000142e+01
3.250000000000000000e+01
2.750000000000000000e+01
5.310000000000000142e+01
3.239999999999999858e+01
3.950000000000000000e+01
2.319999999999999929e+01
3.720000000000000284e+01
3.679999999999999716e+01
3.000000000000000000e+01
2.760000000000000142e+01
3.279999999999999716e+01
2.700000000000000000e+01
2.330000000000000071e+01
3.810000000000000142e+01
4.450000000000000000e+01
3.339999999999999858e+01
4.450000000000000000e+01
2.969999999999999929e+01
4.170000000000000284e+01
4.160000000000000142e+01
3.339999999999999858e+01
3.810000000000000142e+01
3.339999999999999858e+01
4.450000000000000000e+01
4.539999999999999858e+01
5.310000000000000142e+01
3.250000000000000000e+01
2.750000000000000000e+01
5.310000000000000142e+01
3.239999999999999858e+01
3.950000000000000000e+01
2.319999999999999929e+01
3.720000000000000284e+01
3.679999999999999716e+01
3.000000000000000000e+01
2.760000000000000142e+01
3.279999999999999716e+01
2.700000000000000000e+01
2.330000000000000071e+01
3.810000000000000142e+01
4.450000000000000000e+01
3.339999999999999858e+01
4.160000000000000142e+01
3.339999999999999858e+01
3.810000000000000142e+01
3.339999999999999858e+01
4.450000000000000000e+01
4.539999999999999858e+01
5.310000000000000142e+01
3.250000000000000000e+01
2.750000000000000000e+01
5.310000000000000142e+01
3.239999999999999858e+01
3.950000000000000000e+01
2.319999999999999929e+01
3.720000000000000284e+01
3.679999999999999716e+01
