3.889999999999999858e+01
4.200000000000000000e+01
4.420000000000000284e+01
1.939999999999999858e+01
5.720000000000000284e+01
4.220000000000000284e+01
2.880000000000000071e+01
3.750000000000000000e+01
3.820000000000000284e+01
3.750000000000000000e+01
3.820000000000000284e+01
2.150000000000000000e+01
4.139999999999999858e+01
4.050000000000000000e+01
5.129999999999999716e+01
3.350000000000000000e+01
3.039999999999999858e+01
3.470000000000000284e+01
4.900000000000000000e+01
3.270000000000000284e+01
2.960000000000000142e+01
4.200000000000000000e+01
4.720000000000000284e+01
2.869999999999999929e+01
3.470000000000000284e+01
4.900000000000000000e+01
3.270000000000000284e+01
2.960000000000000142e+01
