2.430000000000000071e+01
6.110000000000000142e+01
4.160000000000000142e+01
1.540000000000000036e+01
3.470000000000000284e+01
2.300000000000000000e+01
2.810000000000000142e+01
2.550000000000000000e+01
1.739999999999999858e+01
3.180000000000000071e+01
2.439999999999999858e+01
2.810000000000000142e+01
2.550000000000000000e+01
3.180000000000000071e+01
2.439999999999999858e+01
4.110000000000000142e+01
3.750000000000000000e+01
2.069999999999999929e+01
4.120000000000000284e+01
2.830000000000000071e+01
2.639999999999999858e+01
2.169999999999999929e+01
3.030000000000000071e+01
2.210000000000000142e+01
2.369999999999999929e+01
5.139999999999999858e+01
3.180000000000000071e+01
2.880000000000000071e+01
2.880000000000000071e+01
5.689999999999999858e+01
2.210000000000000142e+01
