1.950000000000000000e+01
3.200000000000000000e+01
3.250000000000000000e+01
3.879999999999999716e+01
1.269999999999999929e+01
1.760000000000000142e+01
3.189999999999999858e+01
3.180000000000000071e+01
2.510000000000000142e+01
2.919999999999999929e+01
5.000000000000000000e+01
1.519999999999999929e+01
2.510000000000000142e+01
2.919999999999999929e+01
5.000000000000000000e+01
4.979999999999999716e+01
3.700000000000000000e+01
3.710000000000000142e+01
6.320000000000000284e+01
6.079999999999999716e+01
3.550000000000000000e+01
2.360000000000000142e+01
4.639999999999999858e+01
4.450000000000000000e+01
2.689999999999999858e+01
2.619999999999999929e+01
2.400000000000000000e+01
4.060000000000000142e+01
4.720000000000000284e+01
3.629999999999999716e+01
4.870000000000000284e+01
2.460000000000000142e+01
2.419999999999999929e+01
3.180000000000000071e+01
2.039999999999999858e+01
4.579999999999999716e+01
2.930000000000000071e+01
3.820000000000000284e+01
4.010000000000000142e+01
5.529999999999999716e+01
2.939999999999999858e+01
2.589999999999999858e+01
3.220000000000000284e+01
4.200000000000000000e+01
2.760000000000000142e+01
2.510000000000000142e+01
2.919999999999999929e+01
5.000000000000000000e+01
4.979999999999999716e+01
3.700000000000000000e+01
3.710000000000000142e+01
6.320000000000000284e+01
6.079999999999999716e+01
3.550000000000000000e+01
2.360000000000000142e+01
4.639999999999999858e+01
4.450000000000000000e+01
2.689999999999999858e+01
2.619999999999999929e+01
2.400000000000000000e+01
4.060000000000000142e+01
4.720000000000000284e+01
3.629999999999999716e+01
4.870000000000000284e+01
2.460000000000000142e+01
2.419999999999999929e+01
3.180000000000000071e+01
2.039999999999999858e+01
4.579999999999999716e+01
2.930000000000000071e+01
3.820000000000000284e+01
4.010000000000000142e+01
5.529999999999999716e+01
2.939999999999999858e+01
2.589999999999999858e+01
3.220000000000000284e+01
4.200000000000000000e+01
2.760000000000000142e+01
2.510000000000000142e+01
2.919999999999999929e+01
5.000000000000000000e+01
3.700000000000000000e+01
3.710000000000000142e+01
6.320000000000000284e+01
6.079999999999999716e+01
3.550000000000000000e+01
2.360000000000000142e+01
4.450000000000000000e+01
2.689999999999999858e+01
2.619999999999999929e+01
4.060000000000000142e+01
4.720000000000000284e+01
2.510000000000000142e+01
2.919999999999999929e+01
5.000000000000000000e+01
3.700000000000000000e+01
3.710000000000000142e+01
6.320000000000000284e+01
6.079999999999999716e+01
3.550000000000000000e+01
2.360000000000000142e+01
4.450000000000000000e+01
2.689999999999999858e+01
