6.450000000000000000e+01
5.460000000000000142e+01
3.019999999999999929e+01
6.079999999999999716e+01
3.600000000000000000e+01
1.989999999999999858e+01
5.710000000000000142e+01
2.780000000000000071e+01
4.550000000000000000e+01
2.489999999999999858e+01
3.770000000000000284e+01
4.879999999999999716e+01
1.040000000000000036e+01
2.100000000000000000e+01
2.980000000000000071e+01
3.770000000000000284e+01
4.879999999999999716e+01
2.100000000000000000e+01
2.980000000000000071e+01
2.800000000000000000e+01
3.600000000000000000e+01
3.639999999999999858e+01
4.010000000000000142e+01
2.330000000000000071e+01
6.260000000000000142e+01
4.039999999999999858e+01
6.260000000000000142e+01
5.770000000000000284e+01
4.500000000000000000e+01
3.589999999999999858e+01
5.279999999999999716e+01
2.319999999999999929e+01
4.220000000000000284e+01
3.300000000000000000e+01
2.360000000000000142e+01
2.410000000000000142e+01
2.150000000000000000e+01
3.400000000000000000e+01
2.600000000000000000e+01
3.019999999999999929e+01
4.800000000000000000e+01
3.610000000000000142e+01
3.639999999999999858e+01
5.760000000000000142e+01
2.050000000000000000e+01
4.729999999999999716e+01
3.130000000000000071e+01
3.729999999999999716e+01
3.950000000000000000e+01
4.429999999999999716e+01
2.400000000000000000e+01
3.589999999999999858e+01
5.279999999999999716e+01
2.319999999999999929e+01
4.220000000000000284e+01
3.300000000000000000e+01
2.360000000000000142e+01
2.410000000000000142e+01
2.150000000000000000e+01
3.400000000000000000e+01
