3.789999999999999858e+01
5.870000000000000284e+01
1.059999999999999964e+01
3.970000000000000284e+01
1.109999999999999964e+01
4.600000000000000000e+01
4.620000000000000284e+01
2.360000000000000142e+01
3.760000000000000142e+01
3.879999999999999716e+01
3.039999999999999858e+01
3.760000000000000142e+01
3.879999999999999716e+01
3.039999999999999858e+01
3.820000000000000284e+01
3.189999999999999858e+01
2.389999999999999858e+01
5.579999999999999716e+01
3.879999999999999716e+01
4.450000000000000000e+01
3.839999999999999858e+01
3.220000000000000284e+01
3.810000000000000142e+01
3.560000000000000142e+01
2.810000000000000142e+01
2.780000000000000071e+01
3.770000000000000284e+01
3.110000000000000142e+01
5.829999999999999716e+01
5.310000000000000142e+01
2.460000000000000142e+01
2.050000000000000000e+01
3.639999999999999858e+01
3.829999999999999716e+01
3.130000000000000071e+01
3.750000000000000000e+01
2.460000000000000142e+01
2.050000000000000000e+01
3.639999999999999858e+01
3.829999999999999716e+01
