6.189999999999999858e+01
2.610000000000000142e+01
1.700000000000000000e+01
3.779999999999999716e+01
2.510000000000000142e+01
3.220000000000000284e+01
4.260000000000000142e+01
4.900000000000000000e+01
3.200000000000000000e+01
4.900000000000000000e+01
3.200000000000000000e+01
4.439999999999999858e+01
4.439999999999999858e+01
3.420000000000000284e+01
3.379999999999999716e+01
2.710000000000000142e+01
4.250000000000000000e+01
2.269999999999999929e+01
4.260000000000000142e+01
4.120000000000000284e+01
4.439999999999999858e+01
3.010000000000000142e+01
4.689999999999999858e+01
2.500000000000000000e+01
2.330000000000000071e+01
2.580000000000000071e+01
2.080000000000000071e+01
4.029999999999999716e+01
3.080000000000000071e+01
5.300000000000000000e+01
3.970000000000000284e+01
4.439999999999999858e+01
5.329999999999999716e+01
3.339999999999999858e+01
3.080000000000000071e+01
3.550000000000000000e+01
4.329999999999999716e+01
4.450000000000000000e+01
3.200000000000000000e+01
2.960000000000000142e+01
2.950000000000000000e+01
4.439999999999999858e+01
2.850000000000000000e+01
3.820000000000000284e+01
3.289999999999999858e+01
3.739999999999999858e+01
4.129999999999999716e+01
4.439999999999999858e+01
5.339999999999999858e+01
2.869999999999999929e+01
4.900000000000000000e+01
3.200000000000000000e+01
4.439999999999999858e+01
4.439999999999999858e+01
3.420000000000000284e+01
3.379999999999999716e+01
2.710000000000000142e+01
4.250000000000000000e+01
2.269999999999999929e+01
4.260000000000000142e+01
4.120000000000000284e+01
4.439999999999999858e+01
3.010000000000000142e+01
4.689999999999999858e+01
2.500000000000000000e+01
2.330000000000000071e+01
2.580000000000000071e+01
2.080000000000000071e+01
4.029999999999999716e+01
3.080000000000000071e+01
5.300000000000000000e+01
3.970000000000000284e+01
4.439999999999999858e+01
5.329999999999999716e+01
3.339999999999999858e+01
3.080000000000000071e+01
3.550000000000000000e+01
4.329999999999999716e+01
4.450000000000000000e+01
3.200000000000000000e+01
2.960000000000000142e+01
2.950000000000000000e+01
4.439999999999999858e+01
2.850000000000000000e+01
3.820000000000000284e+01
3.289999999999999858e+01
3.739999999999999858e+01
4.129999999999999716e+01
4.439999999999999858e+01
5.339999999999999858e+01
2.869999999999999929e+01
4.900000000000000000e+01
4.439999999999999858e+01
4.439999999999999858e+01
3.420000000000000284e+01
3.379999999999999716e+01
2.710000000000000142e+01
4.250000000000000000e+01
4.439999999999999858e+01
4.689999999999999858e+01
2.500000000000000000e+01
2.080000000000000071e+01
4.029999999999999716e+01
3.080000000000000071e+01
5.300000000000000000e+01
4.439999999999999858e+01
5.329999999999999716e+01
3.339999999999999858e+01
3.080000000000000071e+01
4.900000000000000000e+01
4.439999999999999858e+01
4.439999999999999858e+01
3.420000000000000284e+01
3.379999999999999716e+01
2.710000000000000142e+01
4.250000000000000000e+01
4.439999999999999858e+01
4.689999999999999858e+01
2.500000000000000000e+01
2.080000000000000071e+01
4.029999999999999716e+01
3.080000000000000071e+01
