4.339999999999999858e+01
2.389999999999999858e+01
2.980000000000000071e+01
8.120000000000000284e+01
5.300000000000000000e+01
3.870000000000000284e+01
1.240000000000000036e+01
2.630000000000000071e+01
3.510000000000000142e+01
2.880000000000000071e+01
5.489999999999999858e+01
4.489999999999999858e+01
2.839999999999999858e+01
5.089999999999999858e+01
3.379999999999999716e+01
3.200000000000000000e+01
2.800000000000000000e+01
2.880000000000000071e+01
5.489999999999999858e+01
4.489999999999999858e+01
2.839999999999999858e+01
5.089999999999999858e+01
3.379999999999999716e+01
3.200000000000000000e+01
2.800000000000000000e+01
4.529999999999999716e+01
4.329999999999999716e+01
3.920000000000000284e+01
2.319999999999999929e+01
2.880000000000000071e+01
2.489999999999999858e+01
3.639999999999999858e+01
2.300000000000000000e+01
4.110000000000000142e+01
6.360000000000000142e+01
4.179999999999999716e+01
2.930000000000000071e+01
2.930000000000000071e+01
3.460000000000000142e+01
3.829999999999999716e+01
2.219999999999999929e+01
3.019999999999999929e+01
5.460000000000000142e+01
2.330000000000000071e+01
4.339999999999999858e+01
2.469999999999999929e+01
4.560000000000000142e+01
2.930000000000000071e+01
2.930000000000000071e+01
3.460000000000000142e+01
3.829999999999999716e+01
2.219999999999999929e+01
3.019999999999999929e+01
5.460000000000000142e+01
2.330000000000000071e+01
