2.660000000000000142e+01
3.050000000000000000e+01
4.570000000000000284e+01
1.380000000000000071e+01
5.239999999999999858e+01
3.529999999999999716e+01
2.810000000000000142e+01
3.220000000000000284e+01
3.910000000000000142e+01
4.450000000000000000e+01
6.709999999999999432e+01
2.350000000000000000e+01
1.040000000000000036e+01
5.300000000000000000e+01
6.279999999999999716e+01
6.709999999999999432e+01
2.350000000000000000e+01
5.300000000000000000e+01
6.279999999999999716e+01
2.019999999999999929e+01
6.120000000000000284e+01
2.789999999999999858e+01
3.679999999999999716e+01
2.419999999999999929e+01
2.780000000000000071e+01
2.969999999999999929e+01
4.529999999999999716e+01
4.170000000000000284e+01
3.510000000000000142e+01
3.860000000000000142e+01
8.000000000000000000e+01
3.770000000000000284e+01
6.329999999999999716e+01
4.329999999999999716e+01
5.800000000000000000e+01
5.300000000000000000e+01
2.969999999999999929e+01
2.780000000000000071e+01
2.730000000000000071e+01
2.789999999999999858e+01
2.680000000000000071e+01
3.500000000000000000e+01
2.639999999999999858e+01
2.310000000000000142e+01
4.579999999999999716e+01
2.680000000000000071e+01
2.869999999999999929e+01
3.889999999999999858e+01
4.860000000000000142e+01
5.170000000000000284e+01
3.729999999999999716e+01
3.700000000000000000e+01
5.239999999999999858e+01
6.709999999999999432e+01
2.350000000000000000e+01
5.300000000000000000e+01
6.279999999999999716e+01
2.019999999999999929e+01
6.120000000000000284e+01
2.789999999999999858e+01
3.679999999999999716e+01
2.419999999999999929e+01
2.780000000000000071e+01
2.969999999999999929e+01
4.529999999999999716e+01
4.170000000000000284e+01
3.510000000000000142e+01
3.860000000000000142e+01
8.000000000000000000e+01
3.770000000000000284e+01
6.329999999999999716e+01
4.329999999999999716e+01
5.800000000000000000e+01
5.300000000000000000e+01
2.969999999999999929e+01
2.780000000000000071e+01
2.730000000000000071e+01
2.789999999999999858e+01
2.680000000000000071e+01
3.500000000000000000e+01
2.639999999999999858e+01
2.310000000000000142e+01
4.579999999999999716e+01
2.680000000000000071e+01
2.869999999999999929e+01
3.889999999999999858e+01
4.860000000000000142e+01
5.170000000000000284e+01
3.729999999999999716e+01
3.700000000000000000e+01
5.239999999999999858e+01
6.709999999999999432e+01
2.350000000000000000e+01
5.300000000000000000e+01
6.279999999999999716e+01
2.019999999999999929e+01
6.120000000000000284e+01
2.789999999999999858e+01
3.679999999999999716e+01
2.419999999999999929e+01
2.780000000000000071e+01
2.969999999999999929e+01
4.529999999999999716e+01
4.170000000000000284e+01
3.510000000000000142e+01
8.000000000000000000e+01
3.770000000000000284e+01
6.329999999999999716e+01
4.329999999999999716e+01
5.800000000000000000e+01
5.300000000000000000e+01
2.969999999999999929e+01
2.780000000000000071e+01
2.730000000000000071e+01
2.789999999999999858e+01
2.680000000000000071e+01
6.709999999999999432e+01
5.300000000000000000e+01
6.279999999999999716e+01
2.019999999999999929e+01
6.120000000000000284e+01
2.789999999999999858e+01
3.679999999999999716e+01
2.419999999999999929e+01
2.780000000000000071e+01
2.969999999999999929e+01
4.529999999999999716e+01
4.170000000000000284e+01
3.510000000000000142e+01
