3.939999999999999858e+01
4.070000000000000284e+01
3.889999999999999858e+01
3.960000000000000142e+01
3.460000000000000142e+01
3.489999999999999858e+01
3.250000000000000000e+01
5.770000000000000284e+01
2.939999999999999858e+01
2.739999999999999858e+01
1.219999999999999929e+01
2.939999999999999858e+01
3.239999999999999858e+01
4.789999999999999858e+01
4.060000000000000142e+01
4.279999999999999716e+01
7.000000000000000000e+00
8.000000000000000000e+00
6.400000000000000355e+00
3.239999999999999858e+01
4.789999999999999858e+01
4.060000000000000142e+01
4.279999999999999716e+01
3.900000000000000000e+01
4.450000000000000000e+01
3.839999999999999858e+01
5.720000000000000284e+01
2.439999999999999858e+01
4.020000000000000284e+01
1.939999999999999858e+01
2.900000000000000000e+01
3.229999999999999716e+01
2.510000000000000142e+01
3.610000000000000142e+01
3.679999999999999716e+01
3.489999999999999858e+01
1.019999999999999929e+01
3.879999999999999716e+01
3.239999999999999858e+01
4.789999999999999858e+01
4.060000000000000142e+01
4.279999999999999716e+01
3.900000000000000000e+01
4.450000000000000000e+01
3.839999999999999858e+01
5.720000000000000284e+01
2.439999999999999858e+01
4.020000000000000284e+01
2.900000000000000000e+01
3.229999999999999716e+01
2.510000000000000142e+01
3.610000000000000142e+01
3.679999999999999716e+01
3.489999999999999858e+01
3.879999999999999716e+01
4.070000000000000284e+01
2.850000000000000000e+01
3.489999999999999858e+01
4.379999999999999716e+01
2.710000000000000142e+01
3.489999999999999858e+01
3.739999999999999858e+01
2.219999999999999929e+01
1.939999999999999858e+01
1.019999999999999929e+01
2.850000000000000000e+01
3.489999999999999858e+01
4.379999999999999716e+01
2.710000000000000142e+01
3.489999999999999858e+01
3.739999999999999858e+01
2.219999999999999929e+01
1.059999999999999964e+01
3.639999999999999858e+01
4.439999999999999858e+01
3.460000000000000142e+01
3.679999999999999716e+01
3.570000000000000284e+01
1.519999999999999929e+01
2.239999999999999858e+01
