1.019999999999999929e+01
1.619999999999999929e+01
5.760000000000000142e+01
2.169999999999999929e+01
1.080000000000000071e+01
3.870000000000000284e+01
3.839999999999999858e+01
2.369999999999999929e+01
2.939999999999999858e+01
3.770000000000000284e+01
2.160000000000000142e+01
2.389999999999999858e+01
1.900000000000000000e+01
4.170000000000000284e+01
2.680000000000000071e+01
3.310000000000000142e+01
3.310000000000000142e+01
4.170000000000000284e+01
3.270000000000000284e+01
4.170000000000000284e+01
3.600000000000000000e+01
2.280000000000000071e+01
4.589999999999999858e+01
3.550000000000000000e+01
3.520000000000000284e+01
3.989999999999999858e+01
4.329999999999999716e+01
2.989999999999999858e+01
2.310000000000000142e+01
2.639999999999999858e+01
2.700000000000000000e+01
4.570000000000000284e+01
3.450000000000000000e+01
3.310000000000000142e+01
3.989999999999999858e+01
4.450000000000000000e+01
3.560000000000000142e+01
4.979999999999999716e+01
8.140000000000000568e+01
3.270000000000000284e+01
2.000000000000000000e+01
3.939999999999999858e+01
3.560000000000000142e+01
3.779999999999999716e+01
5.729999999999999716e+01
3.729999999999999716e+01
3.239999999999999858e+01
3.629999999999999716e+01
2.110000000000000142e+01
4.329999999999999716e+01
0.000000000000000000e+00
0.000000000000000000e+00
0.000000000000000000e+00
8.000000000000000000e+00
0.000000000000000000e+00
8.000000000000000000e+00
0.000000000000000000e+00
4.670000000000000284e+01
2.180000000000000071e+01
0.000000000000000000e+00
0.000000000000000000e+00
0.000000000000000000e+00
0.000000000000000000e+00
8.099999999999999645e+00
2.960000000000000142e+01
0.000000000000000000e+00
3.310000000000000142e+01
4.170000000000000284e+01
3.270000000000000284e+01
4.170000000000000284e+01
3.600000000000000000e+01
2.280000000000000071e+01
4.589999999999999858e+01
3.550000000000000000e+01
3.989999999999999858e+01
4.329999999999999716e+01
2.989999999999999858e+01
2.310000000000000142e+01
2.639999999999999858e+01
2.700000000000000000e+01
4.570000000000000284e+01
3.450000000000000000e+01
3.310000000000000142e+01
3.989999999999999858e+01
3.560000000000000142e+01
4.979999999999999716e+01
8.140000000000000568e+01
2.000000000000000000e+01
3.939999999999999858e+01
3.560000000000000142e+01
3.779999999999999716e+01
3.729999999999999716e+01
3.239999999999999858e+01
3.629999999999999716e+01
3.310000000000000142e+01
4.170000000000000284e+01
3.270000000000000284e+01
4.170000000000000284e+01
3.600000000000000000e+01
2.280000000000000071e+01
4.589999999999999858e+01
3.550000000000000000e+01
3.989999999999999858e+01
4.329999999999999716e+01
2.989999999999999858e+01
2.310000000000000142e+01
2.639999999999999858e+01
2.700000000000000000e+01
4.570000000000000284e+01
3.450000000000000000e+01
3.310000000000000142e+01
3.989999999999999858e+01
