2.669999999999999929e+01
5.339999999999999858e+01
3.429999999999999716e+01
3.260000000000000142e+01
4.989999999999999858e+01
2.880000000000000071e+01
1.509999999999999964e+01
3.820000000000000284e+01
2.880000000000000071e+01
3.189999999999999858e+01
4.560000000000000142e+01
1.290000000000000036e+01
3.019999999999999929e+01
2.069999999999999929e+01
2.989999999999999858e+01
2.069999999999999929e+01
2.469999999999999929e+01
3.019999999999999929e+01
2.069999999999999929e+01
2.989999999999999858e+01
2.069999999999999929e+01
2.469999999999999929e+01
4.200000000000000000e+01
3.879999999999999716e+01
5.100000000000000000e+01
2.510000000000000142e+01
3.600000000000000000e+01
2.880000000000000071e+01
4.729999999999999716e+01
4.060000000000000142e+01
2.480000000000000071e+01
2.960000000000000142e+01
2.869999999999999929e+01
4.779999999999999716e+01
3.879999999999999716e+01
2.750000000000000000e+01
4.610000000000000142e+01
2.130000000000000071e+01
2.710000000000000142e+01
3.860000000000000142e+01
4.750000000000000000e+01
3.920000000000000284e+01
4.300000000000000000e+01
2.750000000000000000e+01
4.610000000000000142e+01
2.130000000000000071e+01
2.710000000000000142e+01
