3.550000000000000000e+01
2.210000000000000142e+01
3.470000000000000284e+01
1.880000000000000071e+01
3.860000000000000142e+01
4.110000000000000142e+01
1.109999999999999964e+01
3.560000000000000142e+01
5.650000000000000000e+01
3.379999999999999716e+01
2.810000000000000142e+01
3.810000000000000142e+01
2.069999999999999929e+01
3.510000000000000142e+01
3.050000000000000000e+01
2.810000000000000142e+01
3.069999999999999929e+01
3.229999999999999716e+01
3.670000000000000284e+01
2.350000000000000000e+01
2.760000000000000142e+01
2.439999999999999858e+01
2.580000000000000071e+01
2.310000000000000142e+01
3.510000000000000142e+01
3.050000000000000000e+01
2.810000000000000142e+01
