3.529999999999999716e+01
3.030000000000000071e+01
2.850000000000000000e+01
3.229999999999999716e+01
4.670000000000000284e+01
6.260000000000000142e+01
1.639999999999999858e+01
4.289999999999999858e+01
1.580000000000000071e+01
4.639999999999999858e+01
3.670000000000000284e+01
4.129999999999999716e+01
3.119999999999999929e+01
2.360000000000000142e+01
6.260000000000000142e+01
2.800000000000000000e+01
5.350000000000000000e+01
2.000000000000000000e+01
5.710000000000000142e+01
6.260000000000000142e+01
2.800000000000000000e+01
5.350000000000000000e+01
2.000000000000000000e+01
5.710000000000000142e+01
3.579999999999999716e+01
3.960000000000000142e+01
2.360000000000000142e+01
3.460000000000000142e+01
3.900000000000000000e+01
5.379999999999999716e+01
3.760000000000000142e+01
2.880000000000000071e+01
6.420000000000000284e+01
5.179999999999999716e+01
6.260000000000000142e+01
3.820000000000000284e+01
3.019999999999999929e+01
3.600000000000000000e+01
3.019999999999999929e+01
3.810000000000000142e+01
4.120000000000000284e+01
3.019999999999999929e+01
3.019999999999999929e+01
5.739999999999999858e+01
4.460000000000000142e+01
6.129999999999999716e+01
2.530000000000000071e+01
2.910000000000000142e+01
5.710000000000000142e+01
3.019999999999999929e+01
3.810000000000000142e+01
4.120000000000000284e+01
