4.829999999999999716e+01
2.480000000000000071e+01
3.889999999999999858e+01
2.939999999999999858e+01
2.900000000000000000e+01
1.689999999999999858e+01
4.060000000000000142e+01
3.150000000000000000e+01
3.410000000000000142e+01
2.950000000000000000e+01
3.119999999999999929e+01
4.150000000000000000e+01
4.210000000000000142e+01
2.310000000000000142e+01
3.979999999999999716e+01
4.079999999999999716e+01
2.450000000000000000e+01
3.130000000000000071e+01
2.180000000000000071e+01
2.689999999999999858e+01
1.350000000000000000e+01
3.010000000000000142e+01
6.260000000000000142e+01
2.919999999999999929e+01
9.599999999999999645e+00
8.000000000000000000e+00
9.000000000000000000e+00
6.260000000000000142e+01
2.919999999999999929e+01
3.189999999999999858e+01
5.179999999999999716e+01
3.820000000000000284e+01
8.000000000000000000e+00
0.000000000000000000e+00
0.000000000000000000e+00
0.000000000000000000e+00
0.000000000000000000e+00
0.000000000000000000e+00
0.000000000000000000e+00
0.000000000000000000e+00
0.000000000000000000e+00
0.000000000000000000e+00
0.000000000000000000e+00
0.000000000000000000e+00
0.000000000000000000e+00
1.480000000000000071e+01
2.400000000000000000e+01
3.779999999999999716e+01
2.230000000000000071e+01
2.260000000000000142e+01
3.739999999999999858e+01
1.800000000000000000e+01
3.870000000000000284e+01
3.100000000000000000e+01
3.639999999999999858e+01
2.150000000000000000e+01
2.669999999999999929e+01
4.860000000000000142e+01
3.069999999999999929e+01
3.910000000000000142e+01
2.319999999999999929e+01
1.669999999999999929e+01
2.450000000000000000e+01
3.289999999999999858e+01
1.869999999999999929e+01
3.820000000000000284e+01
3.130000000000000071e+01
3.100000000000000000e+01
3.639999999999999858e+01
