1.140000000000000036e+01
3.660000000000000142e+01
4.279999999999999716e+01
5.500000000000000000e+01
3.339999999999999858e+01
2.619999999999999929e+01
3.879999999999999716e+01
3.180000000000000071e+01
4.839999999999999858e+01
3.879999999999999716e+01
3.180000000000000071e+01
4.839999999999999858e+01
3.039999999999999858e+01
4.070000000000000284e+01
6.300000000000000000e+01
2.689999999999999858e+01
2.019999999999999929e+01
2.400000000000000000e+01
3.800000000000000000e+01
3.279999999999999716e+01
3.850000000000000000e+01
3.239999999999999858e+01
3.810000000000000142e+01
4.050000000000000000e+01
3.189999999999999858e+01
2.930000000000000071e+01
3.470000000000000284e+01
4.129999999999999716e+01
0.000000000000000000e+00
0.000000000000000000e+00
9.000000000000000222e-01
1.760000000000000142e+01
0.000000000000000000e+00
0.000000000000000000e+00
2.399999999999999911e+00
2.430000000000000071e+01
3.879999999999999716e+01
3.180000000000000071e+01
4.839999999999999858e+01
3.039999999999999858e+01
4.070000000000000284e+01
6.300000000000000000e+01
2.689999999999999858e+01
2.019999999999999929e+01
2.400000000000000000e+01
3.800000000000000000e+01
3.279999999999999716e+01
3.850000000000000000e+01
3.239999999999999858e+01
3.810000000000000142e+01
3.189999999999999858e+01
3.879999999999999716e+01
3.180000000000000071e+01
4.839999999999999858e+01
3.039999999999999858e+01
4.070000000000000284e+01
6.300000000000000000e+01
2.689999999999999858e+01
2.019999999999999929e+01
2.400000000000000000e+01
3.800000000000000000e+01
3.279999999999999716e+01
3.850000000000000000e+01
3.239999999999999858e+01
