2.630000000000000071e+01
3.229999999999999716e+01
4.460000000000000142e+01
1.059999999999999964e+01
4.029999999999999716e+01
3.889999999999999858e+01
1.559999999999999964e+01
2.569999999999999929e+01
3.689999999999999858e+01
2.910000000000000142e+01
5.329999999999999716e+01
2.360000000000000142e+01
2.569999999999999929e+01
3.689999999999999858e+01
2.910000000000000142e+01
5.329999999999999716e+01
2.360000000000000142e+01
3.000000000000000000e+01
2.150000000000000000e+01
4.060000000000000142e+01
3.180000000000000071e+01
2.560000000000000142e+01
3.180000000000000071e+01
6.139999999999999858e+01
2.139999999999999858e+01
2.210000000000000142e+01
2.100000000000000000e+01
4.679999999999999716e+01
3.429999999999999716e+01
2.310000000000000142e+01
3.870000000000000284e+01
2.550000000000000000e+01
2.960000000000000142e+01
3.180000000000000071e+01
6.139999999999999858e+01
2.210000000000000142e+01
2.100000000000000000e+01
4.679999999999999716e+01
3.429999999999999716e+01
