3.379999999999999716e+01
1.100000000000000000e+01
2.750000000000000000e+01
4.270000000000000284e+01
4.420000000000000284e+01
3.620000000000000284e+01
3.979999999999999716e+01
4.270000000000000284e+01
7.200000000000000178e+00
6.700000000000000178e+00
8.199999999999999289e+00
3.979999999999999716e+01
4.270000000000000284e+01
1.469999999999999929e+01
3.110000000000000142e+01
3.670000000000000284e+01
0.000000000000000000e+00
0.000000000000000000e+00
0.000000000000000000e+00
0.000000000000000000e+00
0.000000000000000000e+00
0.000000000000000000e+00
0.000000000000000000e+00
0.000000000000000000e+00
0.000000000000000000e+00
0.000000000000000000e+00
0.000000000000000000e+00
0.000000000000000000e+00
0.000000000000000000e+00
0.000000000000000000e+00
4.599999999999999645e+00
0.000000000000000000e+00
0.000000000000000000e+00
0.000000000000000000e+00
0.000000000000000000e+00
1.030000000000000071e+01
4.370000000000000284e+01
