4.750000000000000000e+01
6.300000000000000000e+01
2.069999999999999929e+01
2.439999999999999858e+01
3.920000000000000284e+01
3.989999999999999858e+01
1.719999999999999929e+01
4.279999999999999716e+01
3.689999999999999858e+01
3.019999999999999929e+01
5.179999999999999716e+01
3.019999999999999929e+01
5.179999999999999716e+01
6.260000000000000142e+01
4.139999999999999858e+01
2.139999999999999858e+01
3.520000000000000284e+01
4.500000000000000000e+01
3.019999999999999929e+01
4.500000000000000000e+01
3.670000000000000284e+01
3.019999999999999929e+01
2.519999999999999929e+01
6.339999999999999858e+01
2.200000000000000000e+01
3.019999999999999929e+01
4.329999999999999716e+01
2.330000000000000071e+01
3.150000000000000000e+01
2.989999999999999858e+01
3.019999999999999929e+01
2.369999999999999929e+01
3.150000000000000000e+01
2.360000000000000142e+01
3.019999999999999929e+01
3.019999999999999929e+01
2.350000000000000000e+01
2.119999999999999929e+01
3.610000000000000142e+01
2.519999999999999929e+01
6.339999999999999858e+01
2.200000000000000000e+01
3.019999999999999929e+01
4.329999999999999716e+01
2.330000000000000071e+01
3.150000000000000000e+01
2.989999999999999858e+01
