3.700000000000000000e+01
1.880000000000000071e+01
3.929999999999999716e+01
4.400000000000000000e+01
2.989999999999999858e+01
3.429999999999999716e+01
2.560000000000000142e+01
4.820000000000000284e+01
4.300000000000000000e+01
2.139999999999999858e+01
4.760000000000000142e+01
2.450000000000000000e+01
1.590000000000000036e+01
4.439999999999999858e+01
3.360000000000000142e+01
4.379999999999999716e+01
4.570000000000000284e+01
6.200000000000000178e+00
6.099999999999999645e+00
6.799999999999999822e+00
6.200000000000000178e+00
6.400000000000000355e+00
6.599999999999999645e+00
4.570000000000000284e+01
5.599999999999999645e+00
4.570000000000000284e+01
3.579999999999999716e+01
3.239999999999999858e+01
3.460000000000000142e+01
4.710000000000000142e+01
8.800000000000000711e+00
1.669999999999999929e+01
3.389999999999999858e+01
2.560000000000000142e+01
4.450000000000000000e+01
3.460000000000000142e+01
2.119999999999999929e+01
1.509999999999999964e+01
5.250000000000000000e+01
6.000000000000000000e+00
4.570000000000000284e+01
4.570000000000000284e+01
3.579999999999999716e+01
3.239999999999999858e+01
3.460000000000000142e+01
4.710000000000000142e+01
3.389999999999999858e+01
2.560000000000000142e+01
4.450000000000000000e+01
3.460000000000000142e+01
2.119999999999999929e+01
5.250000000000000000e+01
4.479999999999999716e+01
2.850000000000000000e+01
2.469999999999999929e+01
2.750000000000000000e+01
5.110000000000000142e+01
3.400000000000000000e+01
6.409999999999999432e+01
2.680000000000000071e+01
1.669999999999999929e+01
1.509999999999999964e+01
2.850000000000000000e+01
2.469999999999999929e+01
2.750000000000000000e+01
5.110000000000000142e+01
3.400000000000000000e+01
6.409999999999999432e+01
2.680000000000000071e+01
1.789999999999999858e+01
3.750000000000000000e+01
2.250000000000000000e+01
1.359999999999999964e+01
3.620000000000000284e+01
2.339999999999999858e+01
2.260000000000000142e+01
6.409999999999999432e+01
4.450000000000000000e+01
2.569999999999999929e+01
