5.329999999999999716e+01
5.370000000000000284e+01
2.300000000000000000e+01
4.839999999999999858e+01
6.659999999999999432e+01
3.910000000000000142e+01
2.269999999999999929e+01
3.550000000000000000e+01
2.819999999999999929e+01
4.010000000000000142e+01
3.870000000000000284e+01
2.819999999999999929e+01
4.010000000000000142e+01
3.870000000000000284e+01
2.789999999999999858e+01
4.200000000000000000e+01
3.620000000000000284e+01
3.750000000000000000e+01
3.679999999999999716e+01
2.830000000000000071e+01
3.110000000000000142e+01
3.850000000000000000e+01
4.429999999999999716e+01
5.970000000000000284e+01
2.589999999999999858e+01
8.240000000000000568e+01
4.010000000000000142e+01
2.880000000000000071e+01
3.189999999999999858e+01
3.570000000000000284e+01
4.420000000000000284e+01
3.700000000000000000e+01
3.839999999999999858e+01
3.910000000000000142e+01
4.270000000000000284e+01
7.590000000000000568e+01
2.439999999999999858e+01
3.539999999999999858e+01
4.010000000000000142e+01
2.880000000000000071e+01
3.189999999999999858e+01
3.570000000000000284e+01
4.420000000000000284e+01
3.700000000000000000e+01
3.839999999999999858e+01
3.910000000000000142e+01
4.270000000000000284e+01
7.590000000000000568e+01
