4.139999999999999858e+01
3.130000000000000071e+01
5.229999999999999716e+01
2.580000000000000071e+01
3.229999999999999716e+01
5.029999999999999716e+01
2.430000000000000071e+01
5.229999999999999716e+01
2.580000000000000071e+01
3.229999999999999716e+01
5.029999999999999716e+01
2.430000000000000071e+01
5.039999999999999858e+01
2.089999999999999858e+01
3.030000000000000071e+01
5.000000000000000000e+01
6.829999999999999716e+01
2.330000000000000071e+01
3.030000000000000071e+01
2.910000000000000142e+01
3.820000000000000284e+01
5.779999999999999716e+01
4.060000000000000142e+01
2.760000000000000142e+01
4.139999999999999858e+01
2.539999999999999858e+01
4.510000000000000142e+01
2.350000000000000000e+01
4.150000000000000000e+01
2.480000000000000071e+01
4.760000000000000142e+01
3.660000000000000142e+01
2.980000000000000071e+01
6.709999999999999432e+01
3.069999999999999929e+01
5.039999999999999858e+01
2.819999999999999929e+01
3.710000000000000142e+01
6.590000000000000568e+01
3.450000000000000000e+01
6.250000000000000000e+01
2.110000000000000142e+01
3.030000000000000071e+01
2.400000000000000000e+01
2.480000000000000071e+01
4.760000000000000142e+01
3.660000000000000142e+01
2.980000000000000071e+01
6.709999999999999432e+01
