3.060000000000000142e+01
2.519999999999999929e+01
4.439999999999999858e+01
2.439999999999999858e+01
3.000000000000000000e+01
2.610000000000000142e+01
4.239999999999999858e+01
2.330000000000000071e+01
3.100000000000000000e+01
3.829999999999999716e+01
2.189999999999999858e+01
4.200000000000000000e+01
3.870000000000000284e+01
3.679999999999999716e+01
4.620000000000000284e+01
4.439999999999999858e+01
3.920000000000000284e+01
4.100000000000000000e+01
5.429999999999999716e+01
5.560000000000000142e+01
4.439999999999999858e+01
2.250000000000000000e+01
5.379999999999999716e+01
3.310000000000000142e+01
3.650000000000000000e+01
2.550000000000000000e+01
4.620000000000000284e+01
4.439999999999999858e+01
3.920000000000000284e+01
4.100000000000000000e+01
5.429999999999999716e+01
5.560000000000000142e+01
4.439999999999999858e+01
