3.160000000000000142e+01
3.679999999999999716e+01
6.239999999999999858e+01
2.510000000000000142e+01
2.539999999999999858e+01
4.370000000000000284e+01
2.800000000000000000e+01
3.320000000000000284e+01
2.569999999999999929e+01
4.379999999999999716e+01
1.919999999999999929e+01
3.119999999999999929e+01
9.900000000000000355e+00
8.000000000000000000e+00
5.700000000000000178e+00
8.900000000000000355e+00
9.900000000000000355e+00
5.500000000000000000e+00
4.379999999999999716e+01
1.919999999999999929e+01
7.799999999999999822e+00
3.119999999999999929e+01
1.130000000000000071e+01
1.280000000000000071e+01
3.600000000000000000e+01
3.210000000000000142e+01
4.160000000000000142e+01
0.000000000000000000e+00
0.000000000000000000e+00
0.000000000000000000e+00
0.000000000000000000e+00
0.000000000000000000e+00
0.000000000000000000e+00
3.299999999999999822e+00
0.000000000000000000e+00
0.000000000000000000e+00
4.299999999999999822e+00
0.000000000000000000e+00
0.000000000000000000e+00
1.730000000000000071e+01
4.820000000000000284e+01
3.360000000000000142e+01
4.160000000000000142e+01
5.660000000000000142e+01
3.889999999999999858e+01
3.889999999999999858e+01
3.610000000000000142e+01
3.500000000000000000e+01
2.789999999999999858e+01
1.230000000000000071e+01
4.370000000000000284e+01
4.589999999999999858e+01
4.489999999999999858e+01
