2.360000000000000142e+01
4.439999999999999858e+01
2.789999999999999858e+01
2.750000000000000000e+01
3.189999999999999858e+01
3.760000000000000142e+01
7.620000000000000284e+01
6.260000000000000142e+01
4.150000000000000000e+01
3.030000000000000071e+01
3.529999999999999716e+01
3.019999999999999929e+01
3.019999999999999929e+01
4.420000000000000284e+01
2.680000000000000071e+01
4.650000000000000000e+01
2.680000000000000071e+01
4.650000000000000000e+01
6.590000000000000568e+01
6.260000000000000142e+01
4.020000000000000284e+01
3.019999999999999929e+01
4.129999999999999716e+01
3.080000000000000071e+01
5.710000000000000142e+01
4.210000000000000142e+01
3.639999999999999858e+01
3.839999999999999858e+01
2.389999999999999858e+01
6.260000000000000142e+01
5.520000000000000284e+01
5.620000000000000284e+01
3.030000000000000071e+01
4.239999999999999858e+01
5.710000000000000142e+01
5.579999999999999716e+01
5.320000000000000284e+01
4.410000000000000142e+01
3.839999999999999858e+01
2.389999999999999858e+01
6.260000000000000142e+01
5.520000000000000284e+01
5.620000000000000284e+01
3.639999999999999858e+01
