3.939999999999999858e+01
2.100000000000000000e+01
2.410000000000000142e+01
4.110000000000000142e+01
4.110000000000000142e+01
3.389999999999999858e+01
4.220000000000000284e+01
3.169999999999999929e+01
4.620000000000000284e+01
4.460000000000000142e+01
2.189999999999999858e+01
2.680000000000000071e+01
2.850000000000000000e+01
6.450000000000000000e+01
1.669999999999999929e+01
3.579999999999999716e+01
1.559999999999999964e+01
4.429999999999999716e+01
3.229999999999999716e+01
6.400000000000000355e+00
5.500000000000000000e+00
8.300000000000000711e+00
6.099999999999999645e+00
1.669999999999999929e+01
3.579999999999999716e+01
1.559999999999999964e+01
4.429999999999999716e+01
3.229999999999999716e+01
4.160000000000000142e+01
3.239999999999999858e+01
2.080000000000000071e+01
2.989999999999999858e+01
3.360000000000000142e+01
0.000000000000000000e+00
3.200000000000000178e+00
0.000000000000000000e+00
0.000000000000000000e+00
0.000000000000000000e+00
0.000000000000000000e+00
0.000000000000000000e+00
0.000000000000000000e+00
0.000000000000000000e+00
0.000000000000000000e+00
0.000000000000000000e+00
0.000000000000000000e+00
0.000000000000000000e+00
0.000000000000000000e+00
0.000000000000000000e+00
0.000000000000000000e+00
0.000000000000000000e+00
0.000000000000000000e+00
0.000000000000000000e+00
0.000000000000000000e+00
0.000000000000000000e+00
0.000000000000000000e+00
0.000000000000000000e+00
1.700000000000000000e+01
1.669999999999999929e+01
1.660000000000000142e+01
1.900000000000000000e+01
5.339999999999999858e+01
1.980000000000000071e+01
1.989999999999999858e+01
3.579999999999999716e+01
5.839999999999999858e+01
1.980000000000000071e+01
3.789999999999999858e+01
3.710000000000000142e+01
2.530000000000000071e+01
3.960000000000000142e+01
2.739999999999999858e+01
2.480000000000000071e+01
3.069999999999999929e+01
3.239999999999999858e+01
3.939999999999999858e+01
2.569999999999999929e+01
3.960000000000000142e+01
