2.460000000000000142e+01
3.420000000000000284e+01
2.630000000000000071e+01
2.239999999999999858e+01
2.289999999999999858e+01
3.539999999999999858e+01
2.089999999999999858e+01
4.470000000000000284e+01
0.000000000000000000e+00
0.000000000000000000e+00
0.000000000000000000e+00
8.699999999999999289e+00
1.899999999999999911e+00
3.420000000000000284e+01
2.630000000000000071e+01
2.239999999999999858e+01
2.289999999999999858e+01
3.539999999999999858e+01
3.420000000000000284e+01
2.630000000000000071e+01
2.239999999999999858e+01
