3.400000000000000000e+01
2.110000000000000142e+01
5.600000000000000000e+01
3.560000000000000142e+01
2.330000000000000071e+01
2.500000000000000000e+01
4.260000000000000142e+01
2.280000000000000071e+01
2.819999999999999929e+01
2.500000000000000000e+01
4.260000000000000142e+01
2.280000000000000071e+01
2.819999999999999929e+01
2.969999999999999929e+01
4.560000000000000142e+01
2.350000000000000000e+01
3.010000000000000142e+01
7.420000000000000284e+01
2.339999999999999858e+01
4.220000000000000284e+01
3.010000000000000142e+01
3.639999999999999858e+01
2.339999999999999858e+01
4.220000000000000284e+01
3.010000000000000142e+01
3.639999999999999858e+01
