8.570000000000000284e+01
8.520000000000000284e+01
8.520000000000000284e+01
8.359999999999999432e+01
8.359999999999999432e+01
8.520000000000000284e+01
3.169999999999999929e+01
2.850000000000000000e+01
1.860000000000000142e+01
2.280000000000000071e+01
2.680000000000000071e+01
1.080000000000000071e+01
1.169999999999999929e+01
3.629999999999999716e+01
1.719999999999999929e+01
1.359999999999999964e+01
2.980000000000000071e+01
3.289999999999999858e+01
8.000000000000000000e+00
1.169999999999999929e+01
3.629999999999999716e+01
1.719999999999999929e+01
1.359999999999999964e+01
2.980000000000000071e+01
3.289999999999999858e+01
8.300000000000000711e+00
1.490000000000000036e+01
3.810000000000000142e+01
1.739999999999999858e+01
8.000000000000000444e-01
4.500000000000000000e+00
0.000000000000000000e+00
0.000000000000000000e+00
0.000000000000000000e+00
0.000000000000000000e+00
5.999999999999999778e-01
0.000000000000000000e+00
0.000000000000000000e+00
0.000000000000000000e+00
1.319999999999999929e+01
2.889999999999999858e+01
2.519999999999999929e+01
1.540000000000000036e+01
3.620000000000000284e+01
2.169999999999999929e+01
2.219999999999999929e+01
1.600000000000000000e+01
3.389999999999999858e+01
1.030000000000000071e+01
