8.520000000000000284e+01
8.520000000000000284e+01
1.969999999999999929e+01
8.520000000000000284e+01
6.339999999999999858e+01
1.050000000000000000e+01
2.419999999999999929e+01
3.660000000000000142e+01
4.220000000000000284e+01
2.789999999999999858e+01
4.210000000000000142e+01
2.419999999999999929e+01
3.660000000000000142e+01
4.220000000000000284e+01
2.789999999999999858e+01
4.210000000000000142e+01
6.559999999999999432e+01
3.300000000000000000e+01
3.629999999999999716e+01
2.750000000000000000e+01
2.139999999999999858e+01
2.419999999999999929e+01
3.660000000000000142e+01
4.220000000000000284e+01
2.789999999999999858e+01
4.210000000000000142e+01
6.559999999999999432e+01
3.300000000000000000e+01
3.629999999999999716e+01
2.750000000000000000e+01
2.139999999999999858e+01
2.419999999999999929e+01
3.660000000000000142e+01
4.220000000000000284e+01
4.210000000000000142e+01
6.559999999999999432e+01
3.300000000000000000e+01
3.629999999999999716e+01
2.419999999999999929e+01
4.220000000000000284e+01
4.210000000000000142e+01
6.559999999999999432e+01
