2.700000000000000000e+01
8.570000000000000284e+01
8.359999999999999432e+01
8.520000000000000284e+01
8.520000000000000284e+01
3.979999999999999716e+01
4.060000000000000142e+01
3.579999999999999716e+01
4.070000000000000284e+01
2.169999999999999929e+01
2.269999999999999929e+01
4.070000000000000284e+01
2.169999999999999929e+01
2.269999999999999929e+01
2.469999999999999929e+01
3.030000000000000071e+01
2.800000000000000000e+01
2.780000000000000071e+01
2.410000000000000142e+01
3.660000000000000142e+01
2.660000000000000142e+01
3.450000000000000000e+01
3.589999999999999858e+01
4.000000000000000000e+01
2.410000000000000142e+01
3.660000000000000142e+01
2.660000000000000142e+01
3.450000000000000000e+01
3.589999999999999858e+01
4.000000000000000000e+01
