3.089999999999999858e+01
4.560000000000000142e+01
1.919999999999999929e+01
8.520000000000000284e+01
5.179999999999999716e+01
4.770000000000000284e+01
5.420000000000000284e+01
6.529999999999999716e+01
5.050000000000000000e+01
6.670000000000000284e+01
5.050000000000000000e+01
6.670000000000000284e+01
3.970000000000000284e+01
2.460000000000000142e+01
2.810000000000000142e+01
3.850000000000000000e+01
2.350000000000000000e+01
2.850000000000000000e+01
2.610000000000000142e+01
4.079999999999999716e+01
7.420000000000000284e+01
2.610000000000000142e+01
4.079999999999999716e+01
