8.520000000000000284e+01
3.760000000000000142e+01
4.570000000000000284e+01
3.839999999999999858e+01
2.580000000000000071e+01
2.580000000000000071e+01
4.429999999999999716e+01
2.810000000000000142e+01
6.570000000000000284e+01
2.339999999999999858e+01
4.450000000000000000e+01
2.580000000000000071e+01
4.429999999999999716e+01
2.810000000000000142e+01
6.570000000000000284e+01
2.339999999999999858e+01
4.450000000000000000e+01
2.580000000000000071e+01
4.429999999999999716e+01
2.810000000000000142e+01
6.570000000000000284e+01
4.450000000000000000e+01
2.580000000000000071e+01
4.429999999999999716e+01
2.810000000000000142e+01
6.570000000000000284e+01
