1.119999999999999929e+01
3.279999999999999716e+01
8.520000000000000284e+01
4.589999999999999858e+01
1.930000000000000071e+01
4.260000000000000142e+01
2.110000000000000142e+01
2.130000000000000071e+01
1.600000000000000000e+01
2.110000000000000142e+01
2.130000000000000071e+01
3.729999999999999716e+01
3.639999999999999858e+01
2.289999999999999858e+01
4.570000000000000284e+01
2.919999999999999929e+01
2.489999999999999858e+01
4.110000000000000142e+01
5.089999999999999858e+01
2.410000000000000142e+01
0.000000000000000000e+00
0.000000000000000000e+00
0.000000000000000000e+00
0.000000000000000000e+00
0.000000000000000000e+00
5.299999999999999822e+00
0.000000000000000000e+00
4.160000000000000142e+01
2.110000000000000142e+01
2.130000000000000071e+01
3.729999999999999716e+01
4.570000000000000284e+01
2.489999999999999858e+01
4.110000000000000142e+01
2.110000000000000142e+01
2.130000000000000071e+01
3.729999999999999716e+01
4.570000000000000284e+01
2.489999999999999858e+01
4.110000000000000142e+01
