8.520000000000000284e+01
5.000000000000000000e+01
2.260000000000000142e+01
8.520000000000000284e+01
1.700000000000000000e+01
8.520000000000000284e+01
3.900000000000000000e+01
3.739999999999999858e+01
2.739999999999999858e+01
3.260000000000000142e+01
5.520000000000000284e+01
3.989999999999999858e+01
3.019999999999999929e+01
4.000000000000000000e+01
2.650000000000000000e+01
2.569999999999999929e+01
3.550000000000000000e+01
2.719999999999999929e+01
2.419999999999999929e+01
3.019999999999999929e+01
4.000000000000000000e+01
