7.470000000000000284e+01
3.210000000000000142e+01
8.570000000000000284e+01
3.989999999999999858e+01
1.980000000000000071e+01
1.559999999999999964e+01
3.900000000000000000e+01
3.639999999999999858e+01
1.769999999999999929e+01
3.729999999999999716e+01
1.680000000000000071e+01
2.919999999999999929e+01
1.009999999999999964e+01
4.139999999999999858e+01
2.219999999999999929e+01
7.599999999999999645e+00
6.200000000000000178e+00
7.400000000000000355e+00
5.799999999999999822e+00
7.000000000000000000e+00
5.500000000000000000e+00
6.900000000000000355e+00
7.400000000000000355e+00
5.000000000000000000e+00
6.700000000000000178e+00
5.500000000000000000e+00
6.400000000000000355e+00
4.139999999999999858e+01
2.219999999999999929e+01
2.889999999999999858e+01
2.830000000000000071e+01
3.039999999999999858e+01
6.799999999999999822e+00
3.539999999999999858e+01
1.119999999999999929e+01
7.500000000000000000e+00
4.170000000000000284e+01
4.989999999999999858e+01
0.000000000000000000e+00
0.000000000000000000e+00
2.000000000000000111e-01
0.000000000000000000e+00
0.000000000000000000e+00
0.000000000000000000e+00
0.000000000000000000e+00
0.000000000000000000e+00
0.000000000000000000e+00
0.000000000000000000e+00
0.000000000000000000e+00
0.000000000000000000e+00
0.000000000000000000e+00
0.000000000000000000e+00
4.000000000000000222e-01
0.000000000000000000e+00
0.000000000000000000e+00
0.000000000000000000e+00
0.000000000000000000e+00
0.000000000000000000e+00
0.000000000000000000e+00
1.699999999999999956e+00
0.000000000000000000e+00
0.000000000000000000e+00
0.000000000000000000e+00
0.000000000000000000e+00
0.000000000000000000e+00
0.000000000000000000e+00
0.000000000000000000e+00
0.000000000000000000e+00
0.000000000000000000e+00
4.400000000000000355e+00
0.000000000000000000e+00
0.000000000000000000e+00
0.000000000000000000e+00
0.000000000000000000e+00
0.000000000000000000e+00
0.000000000000000000e+00
0.000000000000000000e+00
0.000000000000000000e+00
0.000000000000000000e+00
0.000000000000000000e+00
0.000000000000000000e+00
0.000000000000000000e+00
0.000000000000000000e+00
0.000000000000000000e+00
0.000000000000000000e+00
0.000000000000000000e+00
0.000000000000000000e+00
0.000000000000000000e+00
0.000000000000000000e+00
0.000000000000000000e+00
1.119999999999999929e+01
1.700000000000000000e+01
1.480000000000000071e+01
4.739999999999999858e+01
2.860000000000000142e+01
4.889999999999999858e+01
1.550000000000000000e+01
1.739999999999999858e+01
4.529999999999999716e+01
2.360000000000000142e+01
1.340000000000000036e+01
2.050000000000000000e+01
2.439999999999999858e+01
1.989999999999999858e+01
3.620000000000000284e+01
6.179999999999999716e+01
5.110000000000000142e+01
2.419999999999999929e+01
1.200000000000000000e+01
