8.520000000000000284e+01
2.789999999999999858e+01
1.900000000000000000e+01
1.550000000000000000e+01
3.910000000000000142e+01
1.900000000000000000e+01
3.910000000000000142e+01
2.300000000000000000e+01
2.330000000000000071e+01
4.489999999999999858e+01
2.360000000000000142e+01
3.739999999999999858e+01
7.329999999999999716e+01
3.019999999999999929e+01
3.270000000000000284e+01
3.550000000000000000e+01
4.500000000000000000e+01
0.000000000000000000e+00
0.000000000000000000e+00
0.000000000000000000e+00
0.000000000000000000e+00
0.000000000000000000e+00
0.000000000000000000e+00
0.000000000000000000e+00
3.910000000000000142e+01
0.000000000000000000e+00
0.000000000000000000e+00
0.000000000000000000e+00
2.550000000000000000e+01
0.000000000000000000e+00
3.910000000000000142e+01
4.489999999999999858e+01
2.360000000000000142e+01
3.739999999999999858e+01
7.329999999999999716e+01
3.270000000000000284e+01
3.550000000000000000e+01
3.910000000000000142e+01
4.489999999999999858e+01
2.360000000000000142e+01
3.739999999999999858e+01
