8.570000000000000284e+01
8.359999999999999432e+01
8.520000000000000284e+01
8.520000000000000284e+01
8.520000000000000284e+01
8.520000000000000284e+01
1.889999999999999858e+01
1.509999999999999964e+01
3.800000000000000000e+01
5.329999999999999716e+01
1.240000000000000036e+01
5.329999999999999716e+01
6.400000000000000355e+00
1.240000000000000036e+01
3.200000000000000000e+01
9.800000000000000711e+00
3.289999999999999858e+01
5.329999999999999716e+01
3.200000000000000000e+01
3.289999999999999858e+01
3.470000000000000284e+01
1.240000000000000036e+01
3.470000000000000284e+01
1.889999999999999858e+01
4.179999999999999716e+01
1.000000000000000000e+01
1.850000000000000000e+01
2.410000000000000142e+01
