6.579999999999999716e+01
1.760000000000000142e+01
1.380000000000000071e+01
6.799999999999999822e+00
1.380000000000000071e+01
2.780000000000000071e+01
1.030000000000000071e+01
3.510000000000000142e+01
1.250000000000000000e+01
6.409999999999999432e+01
2.780000000000000071e+01
2.600000000000000000e+01
1.459999999999999964e+01
3.239999999999999858e+01
2.780000000000000071e+01
3.510000000000000142e+01
6.409999999999999432e+01
2.780000000000000071e+01
2.600000000000000000e+01
3.239999999999999858e+01
3.400000000000000000e+01
4.410000000000000142e+01
3.160000000000000142e+01
1.380000000000000071e+01
1.030000000000000071e+01
1.250000000000000000e+01
1.459999999999999964e+01
1.150000000000000000e+01
3.400000000000000000e+01
4.410000000000000142e+01
3.160000000000000142e+01
2.389999999999999858e+01
2.780000000000000071e+01
2.060000000000000142e+01
4.410000000000000142e+01
