1.960000000000000142e+01
8.520000000000000284e+01
8.570000000000000284e+01
8.520000000000000284e+01
8.570000000000000284e+01
8.570000000000000284e+01
2.710000000000000142e+01
8.520000000000000284e+01
2.050000000000000000e+01
2.969999999999999929e+01
5.279999999999999716e+01
7.420000000000000284e+01
5.279999999999999716e+01
7.420000000000000284e+01
3.879999999999999716e+01
4.639999999999999858e+01
2.480000000000000071e+01
7.420000000000000284e+01
3.150000000000000000e+01
5.389999999999999858e+01
2.930000000000000071e+01
3.570000000000000284e+01
3.620000000000000284e+01
7.420000000000000284e+01
3.150000000000000000e+01
5.389999999999999858e+01
2.930000000000000071e+01
