4.970000000000000284e+01
8.570000000000000284e+01
5.220000000000000284e+01
1.430000000000000071e+01
3.250000000000000000e+01
3.920000000000000284e+01
3.529999999999999716e+01
4.029999999999999716e+01
1.710000000000000142e+01
4.029999999999999716e+01
7.329999999999999716e+01
3.679999999999999716e+01
3.289999999999999858e+01
3.970000000000000284e+01
3.069999999999999929e+01
3.539999999999999858e+01
2.939999999999999858e+01
3.080000000000000071e+01
3.589999999999999858e+01
2.250000000000000000e+01
3.539999999999999858e+01
2.939999999999999858e+01
3.069999999999999929e+01
