8.520000000000000284e+01
3.460000000000000142e+01
2.119999999999999929e+01
2.989999999999999858e+01
1.330000000000000071e+01
4.060000000000000142e+01
1.059999999999999964e+01
8.599999999999999645e+00
7.599999999999999645e+00
8.900000000000000355e+00
9.800000000000000711e+00
1.059999999999999964e+01
2.919999999999999929e+01
2.080000000000000071e+01
2.080000000000000071e+01
2.000000000000000000e+01
2.000000000000000000e+01
2.169999999999999929e+01
6.879999999999999716e+01
3.600000000000000000e+01
2.180000000000000071e+01
2.139999999999999858e+01
1.830000000000000071e+01
6.879999999999999716e+01
3.600000000000000000e+01
2.180000000000000071e+01
2.139999999999999858e+01
1.630000000000000071e+01
3.850000000000000000e+01
2.619999999999999929e+01
