8.520000000000000284e+01
8.359999999999999432e+01
8.520000000000000284e+01
6.160000000000000142e+01
2.080000000000000071e+01
4.720000000000000284e+01
2.239999999999999858e+01
2.650000000000000000e+01
4.260000000000000142e+01
8.000000000000000000e+00
7.799999999999999822e+00
8.000000000000000000e+00
8.500000000000000000e+00
6.200000000000000178e+00
4.260000000000000142e+01
2.700000000000000000e+01
1.040000000000000036e+01
0.000000000000000000e+00
0.000000000000000000e+00
0.000000000000000000e+00
2.399999999999999911e+00
0.000000000000000000e+00
0.000000000000000000e+00
1.290000000000000036e+01
1.500000000000000000e+01
1.300000000000000000e+01
2.830000000000000071e+01
5.020000000000000284e+01
2.369999999999999929e+01
1.319999999999999929e+01
3.989999999999999858e+01
4.410000000000000142e+01
1.590000000000000036e+01
