4.100000000000000000e+01
5.400000000000000000e+01
3.180000000000000071e+01
2.489999999999999858e+01
1.889999999999999858e+01
4.650000000000000000e+01
5.200000000000000178e+00
8.900000000000000355e+00
6.900000000000000355e+00
4.650000000000000000e+01
6.160000000000000142e+01
2.200000000000000000e+01
4.650000000000000000e+01
6.160000000000000142e+01
2.200000000000000000e+01
2.710000000000000142e+01
4.439999999999999858e+01
2.710000000000000142e+01
4.439999999999999858e+01
1.450000000000000000e+01
4.279999999999999716e+01
1.619999999999999929e+01
4.510000000000000142e+01
