2.400000000000000000e+01
1.500000000000000000e+01
2.189999999999999858e+01
3.600000000000000000e+01
2.069999999999999929e+01
4.650000000000000000e+01
1.600000000000000000e+01
2.500000000000000000e+01
5.810000000000000142e+01
3.689999999999999858e+01
2.800000000000000000e+01
3.350000000000000000e+01
2.860000000000000142e+01
7.550000000000000000e+01
2.560000000000000142e+01
2.550000000000000000e+01
4.200000000000000000e+01
4.250000000000000000e+01
2.800000000000000000e+01
3.350000000000000000e+01
2.860000000000000142e+01
7.550000000000000000e+01
2.560000000000000142e+01
