3.620000000000000284e+01
8.359999999999999432e+01
1.669999999999999929e+01
1.660000000000000142e+01
8.359999999999999432e+01
3.320000000000000284e+01
3.770000000000000284e+01
5.700000000000000000e+01
5.979999999999999716e+01
3.520000000000000284e+01
2.760000000000000142e+01
8.520000000000000284e+01
2.560000000000000142e+01
2.600000000000000000e+01
2.880000000000000071e+01
6.579999999999999716e+01
6.099999999999999645e+00
6.579999999999999716e+01
8.599999999999999645e+00
3.050000000000000000e+01
3.180000000000000071e+01
1.689999999999999858e+01
3.570000000000000284e+01
4.370000000000000284e+01
4.839999999999999858e+01
2.719999999999999929e+01
6.579999999999999716e+01
3.050000000000000000e+01
3.180000000000000071e+01
3.570000000000000284e+01
4.370000000000000284e+01
4.839999999999999858e+01
2.719999999999999929e+01
3.670000000000000284e+01
2.310000000000000142e+01
3.779999999999999716e+01
3.800000000000000000e+01
2.639999999999999858e+01
1.689999999999999858e+01
2.310000000000000142e+01
3.779999999999999716e+01
3.800000000000000000e+01
2.639999999999999858e+01
2.850000000000000000e+01
1.550000000000000000e+01
3.089999999999999858e+01
