4.460000000000000142e+01
2.060000000000000142e+01
1.880000000000000071e+01
9.400000000000000355e+00
1.880000000000000071e+01
2.430000000000000071e+01
3.220000000000000284e+01
6.299999999999999822e+00
8.599999999999999645e+00
2.289999999999999858e+01
3.800000000000000000e+01
5.799999999999999822e+00
2.430000000000000071e+01
3.220000000000000284e+01
2.289999999999999858e+01
3.800000000000000000e+01
3.479999999999999716e+01
1.880000000000000071e+01
3.479999999999999716e+01
2.380000000000000071e+01
2.219999999999999929e+01
