8.520000000000000284e+01
8.570000000000000284e+01
8.520000000000000284e+01
2.130000000000000071e+01
2.600000000000000000e+01
5.089999999999999858e+01
3.300000000000000000e+01
4.250000000000000000e+01
1.150000000000000000e+01
9.000000000000000000e+00
9.500000000000000000e+00
8.199999999999999289e+00
4.250000000000000000e+01
1.150000000000000000e+01
8.300000000000000711e+00
5.000000000000000000e+01
2.410000000000000142e+01
4.429999999999999716e+01
4.570000000000000284e+01
3.910000000000000142e+01
8.800000000000000711e+00
1.180000000000000071e+01
3.279999999999999716e+01
1.630000000000000071e+01
1.619999999999999929e+01
5.020000000000000284e+01
8.559999999999999432e+01
4.250000000000000000e+01
5.000000000000000000e+01
2.410000000000000142e+01
4.429999999999999716e+01
4.570000000000000284e+01
3.910000000000000142e+01
3.279999999999999716e+01
5.020000000000000284e+01
8.559999999999999432e+01
2.530000000000000071e+01
5.170000000000000284e+01
4.339999999999999858e+01
3.889999999999999858e+01
3.279999999999999716e+01
1.150000000000000000e+01
1.180000000000000071e+01
1.630000000000000071e+01
1.619999999999999929e+01
1.889999999999999858e+01
2.530000000000000071e+01
5.170000000000000284e+01
1.240000000000000036e+01
4.339999999999999858e+01
1.469999999999999929e+01
3.889999999999999858e+01
3.279999999999999716e+01
1.409999999999999964e+01
1.200000000000000000e+01
3.510000000000000142e+01
1.340000000000000036e+01
4.389999999999999858e+01
2.239999999999999858e+01
1.390000000000000036e+01
