1.380000000000000071e+01
1.369999999999999929e+01
1.689999999999999858e+01
8.520000000000000284e+01
8.520000000000000284e+01
3.539999999999999858e+01
2.050000000000000000e+01
2.830000000000000071e+01
2.289999999999999858e+01
2.289999999999999858e+01
2.019999999999999929e+01
2.689999999999999858e+01
3.679999999999999716e+01
3.839999999999999858e+01
4.960000000000000142e+01
5.789999999999999858e+01
5.370000000000000284e+01
3.929999999999999716e+01
2.689999999999999858e+01
3.679999999999999716e+01
3.839999999999999858e+01
