8.520000000000000284e+01
8.520000000000000284e+01
8.520000000000000284e+01
3.720000000000000284e+01
1.100000000000000000e+01
4.289999999999999858e+01
4.110000000000000142e+01
1.800000000000000000e+01
4.289999999999999858e+01
4.110000000000000142e+01
2.589999999999999858e+01
3.660000000000000142e+01
3.239999999999999858e+01
4.779999999999999716e+01
2.130000000000000071e+01
2.860000000000000142e+01
3.879999999999999716e+01
2.869999999999999929e+01
3.400000000000000000e+01
2.130000000000000071e+01
2.860000000000000142e+01
