8.359999999999999432e+01
8.570000000000000284e+01
8.520000000000000284e+01
8.520000000000000284e+01
8.520000000000000284e+01
8.520000000000000284e+01
3.210000000000000142e+01
1.169999999999999929e+01
1.939999999999999858e+01
8.199999999999999289e+00
1.169999999999999929e+01
1.939999999999999858e+01
8.699999999999999289e+00
1.810000000000000142e+01
2.039999999999999858e+01
0.000000000000000000e+00
0.000000000000000000e+00
0.000000000000000000e+00
0.000000000000000000e+00
0.000000000000000000e+00
0.000000000000000000e+00
0.000000000000000000e+00
0.000000000000000000e+00
5.000000000000000000e-01
0.000000000000000000e+00
0.000000000000000000e+00
0.000000000000000000e+00
0.000000000000000000e+00
1.980000000000000071e+01
1.600000000000000000e+01
3.639999999999999858e+01
2.389999999999999858e+01
1.219999999999999929e+01
2.739999999999999858e+01
7.640000000000000568e+01
1.240000000000000036e+01
