4.320000000000000284e+01
1.630000000000000071e+01
8.570000000000000284e+01
2.450000000000000000e+01
4.579999999999999716e+01
3.539999999999999858e+01
3.350000000000000000e+01
5.570000000000000284e+01
3.279999999999999716e+01
2.710000000000000142e+01
3.870000000000000284e+01
2.569999999999999929e+01
4.579999999999999716e+01
3.539999999999999858e+01
3.350000000000000000e+01
5.570000000000000284e+01
3.279999999999999716e+01
2.710000000000000142e+01
3.870000000000000284e+01
2.569999999999999929e+01
4.579999999999999716e+01
3.539999999999999858e+01
3.350000000000000000e+01
4.579999999999999716e+01
