2.089999999999999858e+01
8.570000000000000284e+01
3.100000000000000000e+01
2.760000000000000142e+01
3.139999999999999858e+01
2.360000000000000142e+01
2.019999999999999929e+01
1.319999999999999929e+01
2.200000000000000000e+01
2.800000000000000000e+01
3.920000000000000284e+01
2.989999999999999858e+01
2.369999999999999929e+01
0.000000000000000000e+00
3.579999999999999716e+01
0.000000000000000000e+00
1.300000000000000000e+01
0.000000000000000000e+00
0.000000000000000000e+00
0.000000000000000000e+00
2.200000000000000000e+01
2.800000000000000000e+01
3.920000000000000284e+01
2.369999999999999929e+01
2.200000000000000000e+01
2.800000000000000000e+01
3.920000000000000284e+01
