8.520000000000000284e+01
3.130000000000000071e+01
3.420000000000000284e+01
8.570000000000000284e+01
1.800000000000000000e+01
2.010000000000000142e+01
3.310000000000000142e+01
1.480000000000000071e+01
9.699999999999999289e+00
2.010000000000000142e+01
3.310000000000000142e+01
9.800000000000000711e+00
1.480000000000000071e+01
2.169999999999999929e+01
1.450000000000000000e+01
3.250000000000000000e+01
7.859999999999999432e+01
8.099999999999999645e+00
4.039999999999999858e+01
2.010000000000000142e+01
3.310000000000000142e+01
2.169999999999999929e+01
3.250000000000000000e+01
7.859999999999999432e+01
4.039999999999999858e+01
1.480000000000000071e+01
1.450000000000000000e+01
3.139999999999999858e+01
2.300000000000000000e+01
5.110000000000000142e+01
