3.670000000000000284e+01
8.570000000000000284e+01
4.120000000000000284e+01
8.520000000000000284e+01
8.520000000000000284e+01
8.570000000000000284e+01
4.939999999999999858e+01
1.580000000000000071e+01
1.910000000000000142e+01
2.400000000000000000e+01
2.119999999999999929e+01
8.000000000000000000e+00
2.400000000000000000e+01
2.119999999999999929e+01
1.530000000000000071e+01
4.060000000000000142e+01
2.010000000000000142e+01
2.110000000000000142e+01
4.779999999999999716e+01
3.950000000000000000e+01
7.509999999999999432e+01
1.910000000000000142e+01
3.950000000000000000e+01
7.509999999999999432e+01
1.159999999999999964e+01
1.630000000000000071e+01
