8.359999999999999432e+01
8.520000000000000284e+01
1.769999999999999929e+01
8.570000000000000284e+01
8.359999999999999432e+01
8.570000000000000284e+01
8.570000000000000284e+01
3.560000000000000142e+01
4.239999999999999858e+01
3.600000000000000000e+01
6.200000000000000178e+00
8.699999999999999289e+00
7.700000000000000178e+00
9.300000000000000711e+00
4.239999999999999858e+01
4.100000000000000000e+01
1.359999999999999964e+01
1.509999999999999964e+01
1.580000000000000071e+01
4.110000000000000142e+01
4.239999999999999858e+01
4.100000000000000000e+01
4.110000000000000142e+01
1.359999999999999964e+01
1.509999999999999964e+01
1.580000000000000071e+01
1.750000000000000000e+01
4.329999999999999716e+01
2.950000000000000000e+01
2.839999999999999858e+01
