2.369999999999999929e+01
8.520000000000000284e+01
3.460000000000000142e+01
1.710000000000000142e+01
2.000000000000000000e+01
3.180000000000000071e+01
8.099999999999999645e+00
2.000000000000000000e+01
3.180000000000000071e+01
8.000000000000000000e+00
2.419999999999999929e+01
3.789999999999999858e+01
3.289999999999999858e+01
3.510000000000000142e+01
3.929999999999999716e+01
2.830000000000000071e+01
2.189999999999999858e+01
1.240000000000000036e+01
2.830000000000000071e+01
2.189999999999999858e+01
