8.520000000000000284e+01
2.810000000000000142e+01
1.530000000000000071e+01
3.489999999999999858e+01
8.199999999999999289e+00
2.610000000000000142e+01
1.730000000000000071e+01
4.650000000000000000e+01
4.179999999999999716e+01
1.739999999999999858e+01
1.769999999999999929e+01
3.910000000000000142e+01
1.590000000000000036e+01
2.610000000000000142e+01
4.650000000000000000e+01
4.179999999999999716e+01
3.910000000000000142e+01
7.479999999999999716e+01
1.730000000000000071e+01
1.739999999999999858e+01
1.769999999999999929e+01
1.590000000000000036e+01
7.479999999999999716e+01
1.980000000000000071e+01
1.280000000000000071e+01
1.119999999999999929e+01
