2.080000000000000071e+01
3.089999999999999858e+01
2.430000000000000071e+01
2.619999999999999929e+01
2.950000000000000000e+01
2.239999999999999858e+01
3.180000000000000071e+01
2.050000000000000000e+01
2.130000000000000071e+01
6.000000000000000000e+01
2.200000000000000000e+01
3.089999999999999858e+01
2.430000000000000071e+01
2.619999999999999929e+01
2.950000000000000000e+01
2.239999999999999858e+01
3.180000000000000071e+01
2.050000000000000000e+01
2.130000000000000071e+01
6.000000000000000000e+01
2.200000000000000000e+01
3.089999999999999858e+01
2.430000000000000071e+01
2.619999999999999929e+01
2.950000000000000000e+01
2.239999999999999858e+01
3.180000000000000071e+01
2.130000000000000071e+01
3.089999999999999858e+01
2.430000000000000071e+01
2.619999999999999929e+01
2.950000000000000000e+01
