8.520000000000000284e+01
8.570000000000000284e+01
8.570000000000000284e+01
8.520000000000000284e+01
8.570000000000000284e+01
1.080000000000000071e+01
8.520000000000000284e+01
1.789999999999999858e+01
3.629999999999999716e+01
4.070000000000000284e+01
1.019999999999999929e+01
3.539999999999999858e+01
3.420000000000000284e+01
3.760000000000000142e+01
9.300000000000000711e+00
5.200000000000000178e+00
8.000000000000000000e+00
3.420000000000000284e+01
3.760000000000000142e+01
2.710000000000000142e+01
4.070000000000000284e+01
2.330000000000000071e+01
4.450000000000000000e+01
4.039999999999999858e+01
1.669999999999999929e+01
1.739999999999999858e+01
4.450000000000000000e+01
4.039999999999999858e+01
1.050000000000000000e+01
1.119999999999999929e+01
1.459999999999999964e+01
