1.150000000000000000e+01
4.250000000000000000e+01
4.620000000000000284e+01
3.039999999999999858e+01
3.039999999999999858e+01
4.560000000000000142e+01
3.500000000000000000e+01
2.300000000000000000e+01
4.129999999999999716e+01
2.550000000000000000e+01
2.530000000000000071e+01
9.100000000000000000e+01
3.250000000000000000e+01
4.039999999999999858e+01
3.829999999999999716e+01
3.779999999999999716e+01
2.550000000000000000e+01
2.530000000000000071e+01
9.100000000000000000e+01
3.250000000000000000e+01
