1.269999999999999929e+01
1.240000000000000036e+01
2.400000000000000000e+01
5.299999999999999822e+00
1.240000000000000036e+01
2.400000000000000000e+01
2.250000000000000000e+01
1.069999999999999929e+01
1.590000000000000036e+01
2.619999999999999929e+01
3.329999999999999716e+01
2.860000000000000142e+01
2.400000000000000000e+01
2.250000000000000000e+01
2.619999999999999929e+01
3.329999999999999716e+01
2.860000000000000142e+01
3.239999999999999858e+01
4.060000000000000142e+01
2.400000000000000000e+01
2.250000000000000000e+01
2.619999999999999929e+01
2.860000000000000142e+01
3.239999999999999858e+01
4.060000000000000142e+01
2.400000000000000000e+01
2.250000000000000000e+01
2.619999999999999929e+01
2.860000000000000142e+01
