8.520000000000000284e+01
8.520000000000000284e+01
4.250000000000000000e+01
1.989999999999999858e+01
5.029999999999999716e+01
2.780000000000000071e+01
2.250000000000000000e+01
2.600000000000000000e+01
3.200000000000000000e+01
1.660000000000000142e+01
8.099999999999999645e+00
3.200000000000000000e+01
8.599999999999999645e+00
1.660000000000000142e+01
2.310000000000000142e+01
7.509999999999999432e+01
1.559999999999999964e+01
6.599999999999999645e+00
9.800000000000000711e+00
3.550000000000000000e+01
3.560000000000000142e+01
2.419999999999999929e+01
5.160000000000000142e+01
3.700000000000000000e+01
3.510000000000000142e+01
4.789999999999999858e+01
2.669999999999999929e+01
4.860000000000000142e+01
3.889999999999999858e+01
4.789999999999999858e+01
2.669999999999999929e+01
4.860000000000000142e+01
3.889999999999999858e+01
1.830000000000000071e+01
1.980000000000000071e+01
1.090000000000000036e+01
2.130000000000000071e+01
3.500000000000000000e+01
