2.150000000000000000e+01
8.520000000000000284e+01
8.520000000000000284e+01
1.800000000000000000e+01
2.269999999999999929e+01
2.669999999999999929e+01
2.669999999999999929e+01
2.950000000000000000e+01
3.860000000000000142e+01
2.050000000000000000e+01
3.229999999999999716e+01
3.250000000000000000e+01
2.669999999999999929e+01
3.250000000000000000e+01
3.800000000000000000e+01
2.300000000000000000e+01
2.950000000000000000e+01
3.550000000000000000e+01
0.000000000000000000e+00
0.000000000000000000e+00
3.069999999999999929e+01
0.000000000000000000e+00
4.129999999999999716e+01
2.669999999999999929e+01
2.669999999999999929e+01
2.950000000000000000e+01
3.860000000000000142e+01
2.050000000000000000e+01
3.229999999999999716e+01
3.250000000000000000e+01
2.669999999999999929e+01
3.250000000000000000e+01
3.800000000000000000e+01
2.300000000000000000e+01
2.950000000000000000e+01
2.669999999999999929e+01
2.669999999999999929e+01
2.950000000000000000e+01
3.860000000000000142e+01
2.050000000000000000e+01
3.229999999999999716e+01
3.250000000000000000e+01
2.669999999999999929e+01
3.250000000000000000e+01
