3.010000000000000142e+01
8.570000000000000284e+01
8.079999999999999716e+01
3.779999999999999716e+01
8.520000000000000284e+01
2.819999999999999929e+01
2.700000000000000000e+01
2.860000000000000142e+01
3.760000000000000142e+01
1.939999999999999858e+01
3.529999999999999716e+01
6.820000000000000284e+01
2.419999999999999929e+01
5.000000000000000000e+01
4.239999999999999858e+01
6.820000000000000284e+01
5.000000000000000000e+01
4.239999999999999858e+01
4.150000000000000000e+01
2.360000000000000142e+01
4.089999999999999858e+01
5.350000000000000000e+01
4.889999999999999858e+01
2.839999999999999858e+01
5.629999999999999716e+01
4.300000000000000000e+01
2.469999999999999929e+01
4.970000000000000284e+01
3.489999999999999858e+01
6.270000000000000284e+01
5.629999999999999716e+01
