8.520000000000000284e+01
4.010000000000000142e+01
1.069999999999999929e+01
8.520000000000000284e+01
8.520000000000000284e+01
8.570000000000000284e+01
1.150000000000000000e+01
1.490000000000000036e+01
1.989999999999999858e+01
2.630000000000000071e+01
5.000000000000000000e+00
9.699999999999999289e+00
6.700000000000000178e+00
1.989999999999999858e+01
2.630000000000000071e+01
4.070000000000000284e+01
2.680000000000000071e+01
3.339999999999999858e+01
3.320000000000000284e+01
4.329999999999999716e+01
1.739999999999999858e+01
7.650000000000000000e+01
2.850000000000000000e+01
2.830000000000000071e+01
2.630000000000000071e+01
4.070000000000000284e+01
2.680000000000000071e+01
3.339999999999999858e+01
3.320000000000000284e+01
4.329999999999999716e+01
7.650000000000000000e+01
2.850000000000000000e+01
2.830000000000000071e+01
2.450000000000000000e+01
2.289999999999999858e+01
2.200000000000000000e+01
2.510000000000000142e+01
1.989999999999999858e+01
1.739999999999999858e+01
2.289999999999999858e+01
2.200000000000000000e+01
2.510000000000000142e+01
2.969999999999999929e+01
2.189999999999999858e+01
6.740000000000000568e+01
1.009999999999999964e+01
2.510000000000000142e+01
