8.359999999999999432e+01
8.570000000000000284e+01
8.570000000000000284e+01
8.520000000000000284e+01
3.979999999999999716e+01
8.359999999999999432e+01
8.570000000000000284e+01
3.920000000000000284e+01
3.850000000000000000e+01
3.850000000000000000e+01
3.320000000000000284e+01
2.050000000000000000e+01
3.229999999999999716e+01
5.289999999999999858e+01
4.279999999999999716e+01
5.350000000000000000e+01
4.079999999999999716e+01
3.679999999999999716e+01
0.000000000000000000e+00
0.000000000000000000e+00
2.100000000000000089e+00
0.000000000000000000e+00
7.200000000000000178e+00
3.320000000000000284e+01
2.050000000000000000e+01
3.229999999999999716e+01
5.289999999999999858e+01
4.279999999999999716e+01
5.350000000000000000e+01
3.320000000000000284e+01
2.050000000000000000e+01
3.229999999999999716e+01
5.289999999999999858e+01
4.279999999999999716e+01
