4.670000000000000284e+01
3.320000000000000284e+01
1.639999999999999858e+01
3.060000000000000142e+01
1.340000000000000036e+01
2.050000000000000000e+01
4.200000000000000000e+01
2.000000000000000000e+01
8.599999999999999645e+00
5.500000000000000000e+00
9.000000000000000000e+00
2.200000000000000000e+01
5.300000000000000000e+01
0.000000000000000000e+00
0.000000000000000000e+00
0.000000000000000000e+00
0.000000000000000000e+00
0.000000000000000000e+00
0.000000000000000000e+00
0.000000000000000000e+00
0.000000000000000000e+00
0.000000000000000000e+00
0.000000000000000000e+00
1.000000000000000000e+00
1.250000000000000000e+01
3.010000000000000142e+01
2.750000000000000000e+01
3.339999999999999858e+01
