1.710000000000000142e+01
8.520000000000000284e+01
8.359999999999999432e+01
8.520000000000000284e+01
2.439999999999999858e+01
3.470000000000000284e+01
8.520000000000000284e+01
8.359999999999999432e+01
2.180000000000000071e+01
2.650000000000000000e+01
3.900000000000000000e+01
4.510000000000000142e+01
1.919999999999999929e+01
8.500000000000000000e+00
8.000000000000000000e+00
9.000000000000000000e+00
9.000000000000000000e+00
1.919999999999999929e+01
5.400000000000000355e+00
1.069999999999999929e+01
2.880000000000000071e+01
3.139999999999999858e+01
4.020000000000000284e+01
0.000000000000000000e+00
0.000000000000000000e+00
3.200000000000000178e+00
0.000000000000000000e+00
0.000000000000000000e+00
3.450000000000000000e+01
4.539999999999999858e+01
1.080000000000000071e+01
1.030000000000000071e+01
1.550000000000000000e+01
