8.520000000000000284e+01
3.439999999999999858e+01
4.970000000000000284e+01
8.520000000000000284e+01
3.239999999999999858e+01
8.520000000000000284e+01
4.560000000000000142e+01
3.939999999999999858e+01
1.500000000000000000e+01
8.400000000000000355e+00
8.500000000000000000e+00
3.939999999999999858e+01
1.500000000000000000e+01
2.650000000000000000e+01
2.350000000000000000e+01
1.960000000000000142e+01
8.500000000000000000e+00
4.139999999999999858e+01
3.289999999999999858e+01
3.929999999999999716e+01
2.060000000000000142e+01
2.950000000000000000e+01
2.930000000000000071e+01
2.569999999999999929e+01
2.119999999999999929e+01
4.139999999999999858e+01
3.750000000000000000e+01
4.010000000000000142e+01
1.240000000000000036e+01
1.509999999999999964e+01
1.750000000000000000e+01
2.569999999999999929e+01
2.119999999999999929e+01
4.139999999999999858e+01
3.750000000000000000e+01
4.010000000000000142e+01
1.969999999999999929e+01
2.310000000000000142e+01
2.550000000000000000e+01
4.350000000000000000e+01
3.450000000000000000e+01
