2.510000000000000142e+01
3.039999999999999858e+01
2.889999999999999858e+01
7.500000000000000000e+00
2.469999999999999929e+01
3.069999999999999929e+01
1.180000000000000071e+01
4.850000000000000000e+01
6.260000000000000142e+01
0.000000000000000000e+00
0.000000000000000000e+00
0.000000000000000000e+00
0.000000000000000000e+00
0.000000000000000000e+00
0.000000000000000000e+00
0.000000000000000000e+00
0.000000000000000000e+00
0.000000000000000000e+00
0.000000000000000000e+00
0.000000000000000000e+00
2.010000000000000142e+01
4.339999999999999858e+01
2.010000000000000142e+01
1.600000000000000000e+01
1.810000000000000142e+01
3.180000000000000071e+01
3.850000000000000000e+01
1.400000000000000000e+01
2.010000000000000142e+01
