3.200000000000000000e+01
5.120000000000000284e+01
4.239999999999999858e+01
3.260000000000000142e+01
3.950000000000000000e+01
3.139999999999999858e+01
2.219999999999999929e+01
1.550000000000000000e+01
2.960000000000000142e+01
3.860000000000000142e+01
1.739999999999999858e+01
4.020000000000000284e+01
2.000000000000000000e+01
3.939999999999999858e+01
3.750000000000000000e+01
3.010000000000000142e+01
3.660000000000000142e+01
2.139999999999999858e+01
1.889999999999999858e+01
1.819999999999999929e+01
2.650000000000000000e+01
2.760000000000000142e+01
4.470000000000000284e+01
4.550000000000000000e+01
6.000000000000000000e+00
8.300000000000000711e+00
6.299999999999999822e+00
5.400000000000000355e+00
9.400000000000000355e+00
2.650000000000000000e+01
2.760000000000000142e+01
4.470000000000000284e+01
4.550000000000000000e+01
8.800000000000000711e+00
4.120000000000000284e+01
3.250000000000000000e+01
2.500000000000000000e+01
2.080000000000000071e+01
2.389999999999999858e+01
3.069999999999999929e+01
2.989999999999999858e+01
3.620000000000000284e+01
2.700000000000000000e+01
3.570000000000000284e+01
4.129999999999999716e+01
3.060000000000000142e+01
3.080000000000000071e+01
2.989999999999999858e+01
3.160000000000000142e+01
3.910000000000000142e+01
2.069999999999999929e+01
3.379999999999999716e+01
2.760000000000000142e+01
4.070000000000000284e+01
3.910000000000000142e+01
3.019999999999999929e+01
5.179999999999999716e+01
1.869999999999999929e+01
1.530000000000000071e+01
1.689999999999999858e+01
1.530000000000000071e+01
1.009999999999999964e+01
3.379999999999999716e+01
2.760000000000000142e+01
4.070000000000000284e+01
3.910000000000000142e+01
3.019999999999999929e+01
5.179999999999999716e+01
1.580000000000000071e+01
3.360000000000000142e+01
3.069999999999999929e+01
2.739999999999999858e+01
4.289999999999999858e+01
1.530000000000000071e+01
1.880000000000000071e+01
