5.660000000000000142e+01
2.000000000000000000e+01
2.480000000000000071e+01
1.989999999999999858e+01
4.839999999999999858e+01
3.710000000000000142e+01
3.260000000000000142e+01
3.260000000000000142e+01
3.539999999999999858e+01
5.060000000000000142e+01
3.360000000000000142e+01
2.739999999999999858e+01
2.919999999999999929e+01
4.000000000000000000e+01
3.379999999999999716e+01
2.439999999999999858e+01
7.129999999999999716e+01
3.889999999999999858e+01
2.050000000000000000e+01
5.779999999999999716e+01
3.829999999999999716e+01
3.379999999999999716e+01
2.019999999999999929e+01
2.810000000000000142e+01
2.519999999999999929e+01
2.180000000000000071e+01
3.729999999999999716e+01
2.289999999999999858e+01
3.510000000000000142e+01
2.819999999999999929e+01
2.480000000000000071e+01
3.450000000000000000e+01
2.050000000000000000e+01
3.510000000000000142e+01
3.720000000000000284e+01
3.389999999999999858e+01
3.260000000000000142e+01
3.539999999999999858e+01
5.060000000000000142e+01
3.360000000000000142e+01
2.739999999999999858e+01
2.919999999999999929e+01
4.000000000000000000e+01
3.379999999999999716e+01
2.439999999999999858e+01
7.129999999999999716e+01
3.889999999999999858e+01
2.050000000000000000e+01
5.779999999999999716e+01
3.829999999999999716e+01
3.379999999999999716e+01
2.019999999999999929e+01
2.810000000000000142e+01
2.519999999999999929e+01
2.180000000000000071e+01
3.729999999999999716e+01
2.289999999999999858e+01
3.510000000000000142e+01
2.819999999999999929e+01
2.480000000000000071e+01
3.450000000000000000e+01
2.050000000000000000e+01
3.510000000000000142e+01
3.720000000000000284e+01
3.389999999999999858e+01
3.260000000000000142e+01
3.360000000000000142e+01
2.739999999999999858e+01
2.919999999999999929e+01
4.000000000000000000e+01
3.379999999999999716e+01
7.129999999999999716e+01
3.889999999999999858e+01
2.050000000000000000e+01
5.779999999999999716e+01
3.379999999999999716e+01
2.519999999999999929e+01
3.260000000000000142e+01
2.919999999999999929e+01
4.000000000000000000e+01
3.379999999999999716e+01
7.129999999999999716e+01
3.889999999999999858e+01
2.050000000000000000e+01
5.779999999999999716e+01
3.379999999999999716e+01
