4.920000000000000284e+01
2.810000000000000142e+01
4.710000000000000142e+01
4.710000000000000142e+01
4.129999999999999716e+01
5.529999999999999716e+01
3.069999999999999929e+01
7.829999999999999716e+01
3.539999999999999858e+01
2.619999999999999929e+01
6.559999999999999432e+01
2.489999999999999858e+01
3.210000000000000142e+01
3.889999999999999858e+01
2.850000000000000000e+01
2.410000000000000142e+01
3.470000000000000284e+01
2.750000000000000000e+01
7.829999999999999716e+01
3.539999999999999858e+01
2.619999999999999929e+01
