4.020000000000000284e+01
7.009999999999999432e+01
2.000000000000000000e+01
1.559999999999999964e+01
3.229999999999999716e+01
1.319999999999999929e+01
2.569999999999999929e+01
1.119999999999999929e+01
2.569999999999999929e+01
2.469999999999999929e+01
2.850000000000000000e+01
5.860000000000000142e+01
2.180000000000000071e+01
2.539999999999999858e+01
2.250000000000000000e+01
3.270000000000000284e+01
4.300000000000000000e+01
4.339999999999999858e+01
2.850000000000000000e+01
4.429999999999999716e+01
7.009999999999999432e+01
2.569999999999999929e+01
2.469999999999999929e+01
2.850000000000000000e+01
5.860000000000000142e+01
2.180000000000000071e+01
2.539999999999999858e+01
2.250000000000000000e+01
3.270000000000000284e+01
4.300000000000000000e+01
4.339999999999999858e+01
2.850000000000000000e+01
4.429999999999999716e+01
7.009999999999999432e+01
2.989999999999999858e+01
2.569999999999999929e+01
2.469999999999999929e+01
2.850000000000000000e+01
5.860000000000000142e+01
2.180000000000000071e+01
2.569999999999999929e+01
2.469999999999999929e+01
2.850000000000000000e+01
5.860000000000000142e+01
2.180000000000000071e+01
