5.929999999999999716e+01
1.839999999999999858e+01
3.979999999999999716e+01
2.630000000000000071e+01
3.370000000000000284e+01
4.320000000000000284e+01
2.380000000000000071e+01
3.970000000000000284e+01
1.650000000000000000e+01
2.430000000000000071e+01
1.000000000000000000e+01
4.239999999999999858e+01
3.660000000000000142e+01
1.500000000000000000e+01
2.380000000000000071e+01
2.880000000000000071e+01
3.489999999999999858e+01
1.180000000000000071e+01
3.610000000000000142e+01
5.879999999999999716e+01
6.700000000000000178e+00
2.380000000000000071e+01
2.880000000000000071e+01
3.489999999999999858e+01
1.180000000000000071e+01
3.610000000000000142e+01
5.879999999999999716e+01
4.829999999999999716e+01
5.599999999999999645e+00
2.169999999999999929e+01
4.920000000000000284e+01
1.180000000000000071e+01
3.639999999999999858e+01
2.380000000000000071e+01
2.880000000000000071e+01
3.489999999999999858e+01
3.610000000000000142e+01
5.879999999999999716e+01
4.829999999999999716e+01
2.169999999999999929e+01
4.920000000000000284e+01
3.639999999999999858e+01
5.960000000000000142e+01
3.910000000000000142e+01
2.889999999999999858e+01
1.180000000000000071e+01
1.180000000000000071e+01
5.960000000000000142e+01
3.910000000000000142e+01
2.889999999999999858e+01
