2.310000000000000142e+01
7.329999999999999716e+01
4.060000000000000142e+01
1.600000000000000000e+01
1.739999999999999858e+01
3.080000000000000071e+01
1.340000000000000036e+01
2.839999999999999858e+01
3.479999999999999716e+01
2.739999999999999858e+01
1.319999999999999929e+01
3.119999999999999929e+01
1.269999999999999929e+01
2.060000000000000142e+01
1.230000000000000071e+01
2.419999999999999929e+01
5.000000000000000000e+00
9.500000000000000000e+00
9.300000000000000711e+00
8.800000000000000711e+00
9.400000000000000355e+00
7.000000000000000000e+00
2.060000000000000142e+01
1.230000000000000071e+01
2.419999999999999929e+01
8.800000000000000711e+00
2.000000000000000000e+01
3.080000000000000071e+01
1.050000000000000000e+01
1.080000000000000071e+01
1.889999999999999858e+01
4.589999999999999858e+01
1.980000000000000071e+01
7.299999999999999822e+00
2.719999999999999929e+01
2.889999999999999858e+01
9.900000000000000355e+00
7.099999999999999645e+00
2.950000000000000000e+01
3.379999999999999716e+01
5.410000000000000142e+01
4.289999999999999858e+01
3.150000000000000000e+01
4.150000000000000000e+01
2.060000000000000142e+01
2.419999999999999929e+01
2.000000000000000000e+01
3.080000000000000071e+01
4.589999999999999858e+01
2.719999999999999929e+01
2.889999999999999858e+01
2.950000000000000000e+01
3.379999999999999716e+01
5.410000000000000142e+01
4.289999999999999858e+01
3.150000000000000000e+01
4.150000000000000000e+01
5.389999999999999858e+01
3.239999999999999858e+01
2.610000000000000142e+01
3.289999999999999858e+01
3.220000000000000284e+01
3.639999999999999858e+01
4.050000000000000000e+01
2.139999999999999858e+01
4.739999999999999858e+01
3.010000000000000142e+01
1.230000000000000071e+01
1.050000000000000000e+01
1.080000000000000071e+01
1.889999999999999858e+01
1.980000000000000071e+01
1.519999999999999929e+01
5.389999999999999858e+01
3.239999999999999858e+01
2.610000000000000142e+01
3.289999999999999858e+01
3.220000000000000284e+01
3.639999999999999858e+01
4.050000000000000000e+01
2.139999999999999858e+01
4.739999999999999858e+01
3.010000000000000142e+01
2.769999999999999929e+01
3.169999999999999929e+01
3.929999999999999716e+01
