3.039999999999999858e+01
3.829999999999999716e+01
1.619999999999999929e+01
3.220000000000000284e+01
4.260000000000000142e+01
2.010000000000000142e+01
3.629999999999999716e+01
1.869999999999999929e+01
6.599999999999999645e+00
5.799999999999999822e+00
5.900000000000000355e+00
9.900000000000000355e+00
7.700000000000000178e+00
2.010000000000000142e+01
3.629999999999999716e+01
1.869999999999999929e+01
9.199999999999999289e+00
7.700000000000000178e+00
1.409999999999999964e+01
1.340000000000000036e+01
2.730000000000000071e+01
0.000000000000000000e+00
0.000000000000000000e+00
0.000000000000000000e+00
0.000000000000000000e+00
0.000000000000000000e+00
0.000000000000000000e+00
0.000000000000000000e+00
0.000000000000000000e+00
0.000000000000000000e+00
4.599999999999999645e+00
0.000000000000000000e+00
0.000000000000000000e+00
0.000000000000000000e+00
0.000000000000000000e+00
6.999999999999999556e-01
1.630000000000000071e+01
3.750000000000000000e+01
1.789999999999999858e+01
3.110000000000000142e+01
2.569999999999999929e+01
3.229999999999999716e+01
4.389999999999999858e+01
3.239999999999999858e+01
4.470000000000000284e+01
3.560000000000000142e+01
1.950000000000000000e+01
3.320000000000000284e+01
3.670000000000000284e+01
