1.939999999999999858e+01
3.019999999999999929e+01
1.380000000000000071e+01
4.610000000000000142e+01
3.550000000000000000e+01
3.550000000000000000e+01
2.119999999999999929e+01
2.300000000000000000e+01
3.539999999999999858e+01
3.110000000000000142e+01
3.150000000000000000e+01
0.000000000000000000e+00
0.000000000000000000e+00
3.239999999999999858e+01
1.000000000000000000e+00
0.000000000000000000e+00
3.539999999999999858e+01
1.919999999999999929e+01
0.000000000000000000e+00
0.000000000000000000e+00
0.000000000000000000e+00
3.550000000000000000e+01
2.119999999999999929e+01
2.300000000000000000e+01
3.539999999999999858e+01
3.110000000000000142e+01
3.150000000000000000e+01
3.550000000000000000e+01
2.119999999999999929e+01
2.300000000000000000e+01
3.539999999999999858e+01
