3.160000000000000142e+01
2.410000000000000142e+01
2.380000000000000071e+01
2.410000000000000142e+01
2.380000000000000071e+01
2.550000000000000000e+01
2.589999999999999858e+01
4.900000000000000000e+01
3.679999999999999716e+01
2.069999999999999929e+01
2.969999999999999929e+01
2.660000000000000142e+01
2.989999999999999858e+01
4.129999999999999716e+01
2.460000000000000142e+01
3.260000000000000142e+01
2.700000000000000000e+01
2.410000000000000142e+01
2.530000000000000071e+01
3.889999999999999858e+01
3.689999999999999858e+01
4.200000000000000000e+01
4.060000000000000142e+01
3.900000000000000000e+01
2.410000000000000142e+01
2.380000000000000071e+01
2.550000000000000000e+01
2.589999999999999858e+01
4.900000000000000000e+01
3.679999999999999716e+01
2.069999999999999929e+01
2.969999999999999929e+01
2.660000000000000142e+01
2.989999999999999858e+01
4.129999999999999716e+01
2.460000000000000142e+01
3.260000000000000142e+01
2.700000000000000000e+01
2.410000000000000142e+01
2.530000000000000071e+01
3.889999999999999858e+01
3.689999999999999858e+01
4.200000000000000000e+01
4.060000000000000142e+01
3.900000000000000000e+01
2.410000000000000142e+01
2.380000000000000071e+01
2.550000000000000000e+01
2.589999999999999858e+01
4.900000000000000000e+01
3.679999999999999716e+01
2.069999999999999929e+01
2.969999999999999929e+01
2.660000000000000142e+01
2.989999999999999858e+01
4.129999999999999716e+01
2.460000000000000142e+01
2.410000000000000142e+01
2.380000000000000071e+01
2.550000000000000000e+01
2.589999999999999858e+01
4.900000000000000000e+01
3.679999999999999716e+01
2.069999999999999929e+01
2.969999999999999929e+01
2.660000000000000142e+01
2.989999999999999858e+01
