1.919999999999999929e+01
4.750000000000000000e+01
6.120000000000000284e+01
7.579999999999999716e+01
3.560000000000000142e+01
6.200000000000000178e+00
8.000000000000000000e+00
5.700000000000000178e+00
8.900000000000000355e+00
3.080000000000000071e+01
0.000000000000000000e+00
0.000000000000000000e+00
0.000000000000000000e+00
0.000000000000000000e+00
0.000000000000000000e+00
0.000000000000000000e+00
0.000000000000000000e+00
1.409999999999999964e+01
1.889999999999999858e+01
6.300000000000000000e+01
2.750000000000000000e+01
1.760000000000000142e+01
1.960000000000000142e+01
2.469999999999999929e+01
1.319999999999999929e+01
2.169999999999999929e+01
