2.510000000000000142e+01
2.930000000000000071e+01
4.710000000000000142e+01
3.950000000000000000e+01
1.889999999999999858e+01
2.800000000000000000e+01
2.800000000000000000e+01
2.619999999999999929e+01
2.950000000000000000e+01
4.450000000000000000e+01
3.300000000000000000e+01
3.879999999999999716e+01
3.200000000000000000e+01
6.609999999999999432e+01
2.869999999999999929e+01
2.930000000000000071e+01
3.010000000000000142e+01
3.829999999999999716e+01
2.260000000000000142e+01
2.930000000000000071e+01
3.239999999999999858e+01
2.400000000000000000e+01
2.289999999999999858e+01
2.800000000000000000e+01
2.619999999999999929e+01
2.950000000000000000e+01
4.450000000000000000e+01
3.300000000000000000e+01
3.879999999999999716e+01
3.200000000000000000e+01
6.609999999999999432e+01
2.869999999999999929e+01
2.930000000000000071e+01
3.010000000000000142e+01
3.829999999999999716e+01
2.260000000000000142e+01
3.239999999999999858e+01
2.400000000000000000e+01
2.289999999999999858e+01
2.800000000000000000e+01
2.619999999999999929e+01
2.950000000000000000e+01
4.450000000000000000e+01
3.879999999999999716e+01
3.200000000000000000e+01
6.609999999999999432e+01
2.869999999999999929e+01
2.800000000000000000e+01
2.619999999999999929e+01
2.950000000000000000e+01
4.450000000000000000e+01
3.879999999999999716e+01
