3.500000000000000000e+01
4.929999999999999716e+01
1.730000000000000071e+01
7.099999999999999645e+00
3.650000000000000000e+01
1.069999999999999929e+01
3.250000000000000000e+01
5.200000000000000178e+00
2.330000000000000071e+01
0.000000000000000000e+00
0.000000000000000000e+00
0.000000000000000000e+00
4.900000000000000355e+00
0.000000000000000000e+00
0.000000000000000000e+00
1.600000000000000089e+00
0.000000000000000000e+00
0.000000000000000000e+00
0.000000000000000000e+00
0.000000000000000000e+00
0.000000000000000000e+00
0.000000000000000000e+00
0.000000000000000000e+00
0.000000000000000000e+00
0.000000000000000000e+00
0.000000000000000000e+00
0.000000000000000000e+00
2.600000000000000089e+00
1.019999999999999929e+01
1.319999999999999929e+01
2.610000000000000142e+01
4.060000000000000142e+01
3.989999999999999858e+01
2.110000000000000142e+01
3.250000000000000000e+01
2.819999999999999929e+01
