3.700000000000000000e+01
2.360000000000000142e+01
5.050000000000000000e+01
3.420000000000000284e+01
2.539999999999999858e+01
2.850000000000000000e+01
3.729999999999999716e+01
3.370000000000000284e+01
4.789999999999999858e+01
2.110000000000000142e+01
3.960000000000000142e+01
3.939999999999999858e+01
2.989999999999999858e+01
3.579999999999999716e+01
3.010000000000000142e+01
5.050000000000000000e+01
3.420000000000000284e+01
2.539999999999999858e+01
2.850000000000000000e+01
3.729999999999999716e+01
3.370000000000000284e+01
4.789999999999999858e+01
2.110000000000000142e+01
3.960000000000000142e+01
3.939999999999999858e+01
2.989999999999999858e+01
3.579999999999999716e+01
3.010000000000000142e+01
5.050000000000000000e+01
3.420000000000000284e+01
2.539999999999999858e+01
3.729999999999999716e+01
3.370000000000000284e+01
4.789999999999999858e+01
3.960000000000000142e+01
3.939999999999999858e+01
2.989999999999999858e+01
5.050000000000000000e+01
3.420000000000000284e+01
2.539999999999999858e+01
3.729999999999999716e+01
3.370000000000000284e+01
4.789999999999999858e+01
3.960000000000000142e+01
3.939999999999999858e+01
