1.200000000000000000e+01
1.719999999999999929e+01
3.080000000000000071e+01
2.730000000000000071e+01
1.140000000000000036e+01
2.169999999999999929e+01
4.389999999999999858e+01
4.010000000000000142e+01
2.300000000000000000e+01
2.410000000000000142e+01
2.930000000000000071e+01
1.380000000000000071e+01
3.220000000000000284e+01
2.300000000000000000e+01
2.360000000000000142e+01
3.110000000000000142e+01
1.240000000000000036e+01
2.789999999999999858e+01
1.530000000000000071e+01
1.760000000000000142e+01
2.430000000000000071e+01
4.000000000000000000e+01
3.750000000000000000e+01
3.339999999999999858e+01
1.369999999999999929e+01
6.599999999999999645e+00
5.400000000000000355e+00
5.500000000000000000e+00
5.900000000000000355e+00
6.799999999999999822e+00
5.599999999999999645e+00
5.500000000000000000e+00
8.300000000000000711e+00
6.500000000000000000e+00
5.000000000000000000e+00
5.299999999999999822e+00
8.000000000000000000e+00
6.299999999999999822e+00
5.099999999999999645e+00
7.000000000000000000e+00
8.500000000000000000e+00
1.530000000000000071e+01
1.760000000000000142e+01
2.430000000000000071e+01
4.000000000000000000e+01
9.599999999999999645e+00
3.750000000000000000e+01
3.339999999999999858e+01
1.369999999999999929e+01
4.600000000000000000e+01
1.209999999999999964e+01
3.180000000000000071e+01
3.110000000000000142e+01
2.110000000000000142e+01
1.200000000000000000e+01
3.250000000000000000e+01
3.870000000000000284e+01
8.099999999999999645e+00
3.700000000000000000e+01
1.390000000000000036e+01
7.400000000000000355e+00
1.509999999999999964e+01
4.089999999999999858e+01
6.200000000000000178e+00
1.639999999999999858e+01
3.750000000000000000e+01
8.800000000000000711e+00
3.389999999999999858e+01
3.110000000000000142e+01
2.539999999999999858e+01
3.289999999999999858e+01
7.200000000000000178e+00
2.219999999999999929e+01
9.000000000000000000e+00
3.789999999999999858e+01
2.200000000000000000e+01
2.269999999999999929e+01
6.700000000000000178e+00
3.139999999999999858e+01
2.010000000000000142e+01
2.030000000000000071e+01
5.000000000000000000e+00
2.110000000000000142e+01
2.430000000000000071e+01
4.000000000000000000e+01
3.750000000000000000e+01
3.339999999999999858e+01
4.600000000000000000e+01
3.180000000000000071e+01
3.110000000000000142e+01
2.110000000000000142e+01
3.250000000000000000e+01
3.870000000000000284e+01
3.700000000000000000e+01
4.089999999999999858e+01
3.750000000000000000e+01
3.389999999999999858e+01
3.110000000000000142e+01
2.539999999999999858e+01
3.289999999999999858e+01
2.219999999999999929e+01
3.789999999999999858e+01
2.200000000000000000e+01
2.269999999999999929e+01
3.139999999999999858e+01
2.010000000000000142e+01
2.030000000000000071e+01
2.110000000000000142e+01
3.229999999999999716e+01
3.979999999999999716e+01
4.560000000000000142e+01
2.989999999999999858e+01
3.989999999999999858e+01
2.900000000000000000e+01
2.789999999999999858e+01
2.900000000000000000e+01
2.439999999999999858e+01
4.189999999999999858e+01
3.220000000000000284e+01
2.960000000000000142e+01
2.869999999999999929e+01
2.489999999999999858e+01
3.800000000000000000e+01
1.530000000000000071e+01
1.760000000000000142e+01
1.369999999999999929e+01
1.209999999999999964e+01
1.200000000000000000e+01
1.390000000000000036e+01
1.509999999999999964e+01
1.639999999999999858e+01
1.769999999999999929e+01
2.989999999999999858e+01
1.219999999999999929e+01
3.989999999999999858e+01
2.900000000000000000e+01
2.789999999999999858e+01
2.900000000000000000e+01
1.719999999999999929e+01
2.439999999999999858e+01
4.189999999999999858e+01
3.220000000000000284e+01
2.960000000000000142e+01
2.869999999999999929e+01
2.489999999999999858e+01
3.800000000000000000e+01
2.719999999999999929e+01
2.989999999999999858e+01
5.550000000000000000e+01
3.139999999999999858e+01
2.000000000000000000e+01
1.639999999999999858e+01
1.880000000000000071e+01
4.189999999999999858e+01
