4.010000000000000142e+01
2.750000000000000000e+01
3.389999999999999858e+01
1.569999999999999929e+01
4.300000000000000000e+01
2.080000000000000071e+01
2.639999999999999858e+01
3.600000000000000000e+01
1.850000000000000000e+01
3.250000000000000000e+01
2.089999999999999858e+01
1.919999999999999929e+01
2.319999999999999929e+01
2.660000000000000142e+01
3.570000000000000284e+01
2.039999999999999858e+01
3.760000000000000142e+01
2.719999999999999929e+01
3.679999999999999716e+01
1.950000000000000000e+01
2.819999999999999929e+01
2.189999999999999858e+01
3.589999999999999858e+01
2.139999999999999858e+01
5.010000000000000142e+01
1.450000000000000000e+01
3.679999999999999716e+01
2.339999999999999858e+01
4.470000000000000284e+01
3.529999999999999716e+01
2.889999999999999858e+01
2.919999999999999929e+01
2.680000000000000071e+01
3.239999999999999858e+01
2.919999999999999929e+01
3.720000000000000284e+01
1.500000000000000000e+01
2.080000000000000071e+01
2.630000000000000071e+01
6.900000000000000355e+00
6.299999999999999822e+00
6.099999999999999645e+00
5.599999999999999645e+00
6.500000000000000000e+00
5.599999999999999645e+00
5.400000000000000355e+00
7.500000000000000000e+00
5.500000000000000000e+00
6.000000000000000000e+00
5.599999999999999645e+00
6.900000000000000355e+00
7.400000000000000355e+00
6.500000000000000000e+00
6.900000000000000355e+00
5.799999999999999822e+00
7.700000000000000178e+00
5.799999999999999822e+00
7.099999999999999645e+00
5.400000000000000355e+00
7.700000000000000178e+00
7.700000000000000178e+00
7.500000000000000000e+00
6.900000000000000355e+00
7.500000000000000000e+00
6.200000000000000178e+00
3.679999999999999716e+01
7.599999999999999645e+00
2.339999999999999858e+01
4.470000000000000284e+01
9.400000000000000355e+00
3.529999999999999716e+01
2.889999999999999858e+01
2.919999999999999929e+01
2.680000000000000071e+01
3.239999999999999858e+01
5.099999999999999645e+00
7.299999999999999822e+00
7.599999999999999645e+00
2.919999999999999929e+01
6.500000000000000000e+00
5.299999999999999822e+00
3.720000000000000284e+01
1.500000000000000000e+01
2.080000000000000071e+01
2.630000000000000071e+01
3.650000000000000000e+01
2.050000000000000000e+01
2.900000000000000000e+01
2.489999999999999858e+01
7.500000000000000000e+00
2.019999999999999929e+01
2.380000000000000071e+01
1.700000000000000000e+01
7.599999999999999645e+00
3.529999999999999716e+01
1.419999999999999929e+01
3.660000000000000142e+01
2.169999999999999929e+01
6.099999999999999645e+00
3.510000000000000142e+01
6.599999999999999645e+00
5.629999999999999716e+01
4.989999999999999858e+01
2.969999999999999929e+01
2.219999999999999929e+01
1.900000000000000000e+01
5.299999999999999822e+00
3.089999999999999858e+01
0.000000000000000000e+00
0.000000000000000000e+00
0.000000000000000000e+00
2.700000000000000178e+00
0.000000000000000000e+00
0.000000000000000000e+00
0.000000000000000000e+00
0.000000000000000000e+00
1.100000000000000089e+00
0.000000000000000000e+00
0.000000000000000000e+00
0.000000000000000000e+00
0.000000000000000000e+00
0.000000000000000000e+00
0.000000000000000000e+00
0.000000000000000000e+00
0.000000000000000000e+00
0.000000000000000000e+00
0.000000000000000000e+00
0.000000000000000000e+00
0.000000000000000000e+00
0.000000000000000000e+00
0.000000000000000000e+00
0.000000000000000000e+00
0.000000000000000000e+00
0.000000000000000000e+00
0.000000000000000000e+00
0.000000000000000000e+00
0.000000000000000000e+00
0.000000000000000000e+00
0.000000000000000000e+00
0.000000000000000000e+00
0.000000000000000000e+00
0.000000000000000000e+00
0.000000000000000000e+00
1.399999999999999911e+00
0.000000000000000000e+00
0.000000000000000000e+00
0.000000000000000000e+00
0.000000000000000000e+00
0.000000000000000000e+00
0.000000000000000000e+00
0.000000000000000000e+00
0.000000000000000000e+00
0.000000000000000000e+00
0.000000000000000000e+00
0.000000000000000000e+00
0.000000000000000000e+00
0.000000000000000000e+00
0.000000000000000000e+00
0.000000000000000000e+00
0.000000000000000000e+00
0.000000000000000000e+00
0.000000000000000000e+00
4.400000000000000355e+00
0.000000000000000000e+00
1.899999999999999911e+00
2.000000000000000111e-01
0.000000000000000000e+00
0.000000000000000000e+00
0.000000000000000000e+00
0.000000000000000000e+00
0.000000000000000000e+00
0.000000000000000000e+00
0.000000000000000000e+00
0.000000000000000000e+00
0.000000000000000000e+00
2.799999999999999822e+00
1.500000000000000000e+00
0.000000000000000000e+00
0.000000000000000000e+00
0.000000000000000000e+00
0.000000000000000000e+00
0.000000000000000000e+00
0.000000000000000000e+00
0.000000000000000000e+00
0.000000000000000000e+00
0.000000000000000000e+00
0.000000000000000000e+00
4.200000000000000178e+00
1.409999999999999964e+01
1.719999999999999929e+01
1.850000000000000000e+01
1.880000000000000071e+01
1.550000000000000000e+01
1.989999999999999858e+01
1.960000000000000142e+01
1.340000000000000036e+01
1.989999999999999858e+01
3.010000000000000142e+01
2.610000000000000142e+01
3.239999999999999858e+01
3.679999999999999716e+01
3.800000000000000000e+01
3.650000000000000000e+01
4.679999999999999716e+01
5.329999999999999716e+01
1.340000000000000036e+01
3.560000000000000142e+01
3.670000000000000284e+01
1.730000000000000071e+01
3.150000000000000000e+01
1.530000000000000071e+01
3.500000000000000000e+01
3.180000000000000071e+01
3.579999999999999716e+01
1.430000000000000071e+01
1.469999999999999929e+01
2.489999999999999858e+01
3.550000000000000000e+01
2.139999999999999858e+01
3.589999999999999858e+01
3.650000000000000000e+01
1.980000000000000071e+01
3.160000000000000142e+01
3.239999999999999858e+01
1.880000000000000071e+01
1.730000000000000071e+01
3.139999999999999858e+01
1.719999999999999929e+01
3.700000000000000000e+01
1.490000000000000036e+01
1.869999999999999929e+01
3.650000000000000000e+01
4.050000000000000000e+01
3.529999999999999716e+01
3.489999999999999858e+01
3.279999999999999716e+01
2.719999999999999929e+01
3.069999999999999929e+01
2.339999999999999858e+01
3.679999999999999716e+01
2.669999999999999929e+01
1.280000000000000071e+01
2.610000000000000142e+01
1.230000000000000071e+01
3.900000000000000000e+01
2.710000000000000142e+01
2.269999999999999929e+01
2.460000000000000142e+01
4.689999999999999858e+01
2.160000000000000142e+01
3.679999999999999716e+01
2.530000000000000071e+01
3.439999999999999858e+01
3.600000000000000000e+01
1.839999999999999858e+01
1.530000000000000071e+01
