2.060000000000000142e+01
1.040000000000000036e+01
4.939999999999999858e+01
4.960000000000000142e+01
3.520000000000000284e+01
7.099999999999999645e+00
8.099999999999999645e+00
3.520000000000000284e+01
4.450000000000000000e+01
2.860000000000000142e+01
3.420000000000000284e+01
0.000000000000000000e+00
0.000000000000000000e+00
0.000000000000000000e+00
4.900000000000000355e+00
0.000000000000000000e+00
0.000000000000000000e+00
0.000000000000000000e+00
0.000000000000000000e+00
0.000000000000000000e+00
0.000000000000000000e+00
0.000000000000000000e+00
4.700000000000000178e+00
0.000000000000000000e+00
4.089999999999999858e+01
3.439999999999999858e+01
2.100000000000000000e+01
2.119999999999999929e+01
3.679999999999999716e+01
5.120000000000000284e+01
2.310000000000000142e+01
