1.109999999999999964e+01
4.389999999999999858e+01
3.080000000000000071e+01
4.229999999999999716e+01
3.160000000000000142e+01
2.110000000000000142e+01
4.250000000000000000e+01
6.110000000000000142e+01
2.650000000000000000e+01
3.189999999999999858e+01
3.500000000000000000e+01
3.500000000000000000e+01
3.460000000000000142e+01
4.070000000000000284e+01
2.169999999999999929e+01
4.189999999999999858e+01
3.679999999999999716e+01
2.769999999999999929e+01
3.600000000000000000e+01
2.269999999999999929e+01
7.190000000000000568e+01
3.879999999999999716e+01
2.860000000000000142e+01
3.600000000000000000e+01
2.269999999999999929e+01
7.190000000000000568e+01
3.879999999999999716e+01
