1.789999999999999858e+01
2.419999999999999929e+01
1.050000000000000000e+01
8.300000000000000711e+00
9.500000000000000000e+00
6.799999999999999822e+00
1.050000000000000000e+01
3.620000000000000284e+01
2.519999999999999929e+01
1.839999999999999858e+01
0.000000000000000000e+00
0.000000000000000000e+00
0.000000000000000000e+00
4.099999999999999645e+00
0.000000000000000000e+00
0.000000000000000000e+00
0.000000000000000000e+00
0.000000000000000000e+00
0.000000000000000000e+00
0.000000000000000000e+00
0.000000000000000000e+00
0.000000000000000000e+00
0.000000000000000000e+00
0.000000000000000000e+00
1.839999999999999858e+01
1.450000000000000000e+01
3.560000000000000142e+01
1.180000000000000071e+01
2.139999999999999858e+01
3.489999999999999858e+01
3.779999999999999716e+01
3.829999999999999716e+01
1.059999999999999964e+01
