1.719999999999999929e+01
1.939999999999999858e+01
2.439999999999999858e+01
3.950000000000000000e+01
1.269999999999999929e+01
3.779999999999999716e+01
3.750000000000000000e+01
4.189999999999999858e+01
3.080000000000000071e+01
3.439999999999999858e+01
6.599999999999999645e+00
5.299999999999999822e+00
7.099999999999999645e+00
9.699999999999999289e+00
8.300000000000000711e+00
7.200000000000000178e+00
3.080000000000000071e+01
3.439999999999999858e+01
3.500000000000000000e+01
7.099999999999999645e+00
3.679999999999999716e+01
8.300000000000000711e+00
2.480000000000000071e+01
2.900000000000000000e+01
2.900000000000000000e+01
2.150000000000000000e+01
3.870000000000000284e+01
2.730000000000000071e+01
6.110000000000000142e+01
3.720000000000000284e+01
4.329999999999999716e+01
3.639999999999999858e+01
4.329999999999999716e+01
1.350000000000000000e+01
3.639999999999999858e+01
5.829999999999999716e+01
3.720000000000000284e+01
2.700000000000000000e+01
