1.359999999999999964e+01
1.350000000000000000e+01
4.389999999999999858e+01
3.030000000000000071e+01
4.210000000000000142e+01
2.880000000000000071e+01
4.189999999999999858e+01
3.970000000000000284e+01
2.239999999999999858e+01
2.300000000000000000e+01
5.099999999999999645e+00
8.599999999999999645e+00
7.299999999999999822e+00
8.300000000000000711e+00
7.400000000000000355e+00
7.400000000000000355e+00
6.599999999999999645e+00
5.000000000000000000e+00
6.500000000000000000e+00
8.300000000000000711e+00
3.970000000000000284e+01
2.239999999999999858e+01
2.300000000000000000e+01
5.000000000000000000e+00
5.299999999999999822e+00
2.560000000000000142e+01
3.370000000000000284e+01
1.789999999999999858e+01
4.029999999999999716e+01
4.010000000000000142e+01
3.229999999999999716e+01
2.480000000000000071e+01
3.610000000000000142e+01
2.719999999999999929e+01
3.019999999999999929e+01
2.150000000000000000e+01
5.720000000000000284e+01
2.469999999999999929e+01
3.050000000000000000e+01
3.470000000000000284e+01
5.099999999999999645e+00
3.800000000000000000e+01
3.970000000000000284e+01
2.239999999999999858e+01
2.300000000000000000e+01
2.560000000000000142e+01
3.370000000000000284e+01
4.029999999999999716e+01
4.010000000000000142e+01
3.229999999999999716e+01
2.480000000000000071e+01
3.610000000000000142e+01
2.719999999999999929e+01
3.019999999999999929e+01
2.150000000000000000e+01
5.720000000000000284e+01
2.469999999999999929e+01
3.050000000000000000e+01
3.470000000000000284e+01
3.800000000000000000e+01
2.919999999999999929e+01
6.170000000000000284e+01
3.420000000000000284e+01
2.389999999999999858e+01
2.000000000000000000e+01
3.210000000000000142e+01
3.210000000000000142e+01
1.789999999999999858e+01
2.919999999999999929e+01
6.170000000000000284e+01
3.420000000000000284e+01
2.389999999999999858e+01
2.000000000000000000e+01
3.210000000000000142e+01
3.210000000000000142e+01
2.500000000000000000e+01
1.800000000000000000e+01
2.539999999999999858e+01
