3.229999999999999716e+01
2.489999999999999858e+01
2.630000000000000071e+01
3.039999999999999858e+01
1.650000000000000000e+01
2.219999999999999929e+01
3.069999999999999929e+01
2.400000000000000000e+01
2.430000000000000071e+01
2.789999999999999858e+01
2.400000000000000000e+01
2.430000000000000071e+01
2.789999999999999858e+01
2.880000000000000071e+01
2.419999999999999929e+01
2.789999999999999858e+01
0.000000000000000000e+00
0.000000000000000000e+00
2.389999999999999858e+01
0.000000000000000000e+00
0.000000000000000000e+00
2.400000000000000000e+01
2.430000000000000071e+01
2.789999999999999858e+01
2.419999999999999929e+01
2.789999999999999858e+01
2.400000000000000000e+01
2.430000000000000071e+01
2.789999999999999858e+01
2.419999999999999929e+01
