4.279999999999999716e+01
2.919999999999999929e+01
2.760000000000000142e+01
2.830000000000000071e+01
2.860000000000000142e+01
4.260000000000000142e+01
2.880000000000000071e+01
6.079999999999999716e+01
3.210000000000000142e+01
5.000000000000000000e+00
5.700000000000000178e+00
6.900000000000000355e+00
6.200000000000000178e+00
9.800000000000000711e+00
6.079999999999999716e+01
3.210000000000000142e+01
9.500000000000000000e+00
3.520000000000000284e+01
7.000000000000000000e+00
6.200000000000000178e+00
3.510000000000000142e+01
4.170000000000000284e+01
3.320000000000000284e+01
2.760000000000000142e+01
4.129999999999999716e+01
2.919999999999999929e+01
2.339999999999999858e+01
2.900000000000000000e+01
2.389999999999999858e+01
2.869999999999999929e+01
3.729999999999999716e+01
3.410000000000000142e+01
1.850000000000000000e+01
1.109999999999999964e+01
2.900000000000000000e+01
2.389999999999999858e+01
1.860000000000000142e+01
2.869999999999999929e+01
3.729999999999999716e+01
3.410000000000000142e+01
2.839999999999999858e+01
