3.110000000000000142e+01
4.270000000000000284e+01
1.760000000000000142e+01
6.990000000000000568e+01
3.589999999999999858e+01
2.089999999999999858e+01
2.819999999999999929e+01
3.550000000000000000e+01
2.510000000000000142e+01
1.359999999999999964e+01
2.160000000000000142e+01
2.360000000000000142e+01
1.200000000000000000e+01
3.529999999999999716e+01
2.289999999999999858e+01
1.440000000000000036e+01
2.769999999999999929e+01
8.500000000000000000e+00
5.099999999999999645e+00
6.099999999999999645e+00
8.000000000000000000e+00
6.599999999999999645e+00
9.400000000000000355e+00
8.699999999999999289e+00
6.599999999999999645e+00
5.900000000000000355e+00
7.099999999999999645e+00
5.299999999999999822e+00
2.360000000000000142e+01
8.599999999999999645e+00
1.200000000000000000e+01
3.529999999999999716e+01
2.289999999999999858e+01
6.099999999999999645e+00
1.440000000000000036e+01
2.769999999999999929e+01
2.119999999999999929e+01
5.379999999999999716e+01
7.299999999999999822e+00
3.800000000000000000e+01
2.919999999999999929e+01
3.420000000000000284e+01
2.810000000000000142e+01
7.599999999999999645e+00
3.229999999999999716e+01
2.960000000000000142e+01
0.000000000000000000e+00
0.000000000000000000e+00
0.000000000000000000e+00
0.000000000000000000e+00
0.000000000000000000e+00
0.000000000000000000e+00
0.000000000000000000e+00
0.000000000000000000e+00
0.000000000000000000e+00
0.000000000000000000e+00
0.000000000000000000e+00
1.600000000000000089e+00
0.000000000000000000e+00
0.000000000000000000e+00
0.000000000000000000e+00
0.000000000000000000e+00
0.000000000000000000e+00
0.000000000000000000e+00
0.000000000000000000e+00
0.000000000000000000e+00
4.000000000000000222e-01
0.000000000000000000e+00
0.000000000000000000e+00
3.899999999999999911e+00
0.000000000000000000e+00
0.000000000000000000e+00
0.000000000000000000e+00
0.000000000000000000e+00
0.000000000000000000e+00
0.000000000000000000e+00
0.000000000000000000e+00
0.000000000000000000e+00
0.000000000000000000e+00
0.000000000000000000e+00
0.000000000000000000e+00
1.050000000000000000e+01
1.240000000000000036e+01
1.880000000000000071e+01
3.639999999999999858e+01
3.150000000000000000e+01
5.989999999999999858e+01
3.470000000000000284e+01
2.550000000000000000e+01
1.769999999999999929e+01
4.050000000000000000e+01
2.410000000000000142e+01
3.510000000000000142e+01
2.080000000000000071e+01
2.610000000000000142e+01
1.359999999999999964e+01
1.850000000000000000e+01
3.829999999999999716e+01
1.850000000000000000e+01
