4.310000000000000142e+01
4.020000000000000284e+01
3.200000000000000000e+01
2.439999999999999858e+01
3.060000000000000142e+01
4.220000000000000284e+01
3.810000000000000142e+01
3.660000000000000142e+01
2.950000000000000000e+01
4.679999999999999716e+01
3.229999999999999716e+01
1.100000000000000000e+01
1.350000000000000000e+01
4.170000000000000284e+01
3.570000000000000284e+01
2.800000000000000000e+01
6.400000000000000355e+00
8.599999999999999645e+00
5.400000000000000355e+00
3.229999999999999716e+01
1.100000000000000000e+01
1.350000000000000000e+01
4.170000000000000284e+01
7.099999999999999645e+00
3.570000000000000284e+01
2.800000000000000000e+01
2.580000000000000071e+01
4.660000000000000142e+01
5.200000000000000178e+00
6.000000000000000000e+00
2.789999999999999858e+01
5.500000000000000000e+00
3.450000000000000000e+01
8.300000000000000711e+00
2.310000000000000142e+01
4.620000000000000284e+01
1.180000000000000071e+01
5.099999999999999645e+00
2.680000000000000071e+01
3.229999999999999716e+01
4.170000000000000284e+01
3.570000000000000284e+01
2.800000000000000000e+01
4.660000000000000142e+01
2.789999999999999858e+01
3.450000000000000000e+01
2.310000000000000142e+01
4.620000000000000284e+01
2.680000000000000071e+01
2.610000000000000142e+01
2.100000000000000000e+01
3.629999999999999716e+01
3.320000000000000284e+01
2.430000000000000071e+01
2.860000000000000142e+01
3.239999999999999858e+01
2.210000000000000142e+01
3.770000000000000284e+01
4.039999999999999858e+01
3.489999999999999858e+01
3.639999999999999858e+01
2.189999999999999858e+01
2.960000000000000142e+01
8.290000000000000568e+01
2.260000000000000142e+01
1.100000000000000000e+01
1.350000000000000000e+01
1.180000000000000071e+01
2.860000000000000142e+01
3.239999999999999858e+01
2.210000000000000142e+01
3.770000000000000284e+01
4.039999999999999858e+01
1.430000000000000071e+01
3.489999999999999858e+01
3.639999999999999858e+01
2.189999999999999858e+01
2.960000000000000142e+01
8.290000000000000568e+01
2.260000000000000142e+01
1.459999999999999964e+01
1.980000000000000071e+01
3.010000000000000142e+01
2.300000000000000000e+01
4.129999999999999716e+01
2.330000000000000071e+01
2.089999999999999858e+01
1.140000000000000036e+01
