3.239999999999999858e+01
1.269999999999999929e+01
3.710000000000000142e+01
6.409999999999999432e+01
2.230000000000000071e+01
4.060000000000000142e+01
4.070000000000000284e+01
4.629999999999999716e+01
1.100000000000000000e+01
5.250000000000000000e+01
2.719999999999999929e+01
5.100000000000000000e+01
5.250000000000000000e+01
2.719999999999999929e+01
5.100000000000000000e+01
2.530000000000000071e+01
3.180000000000000071e+01
4.170000000000000284e+01
3.180000000000000071e+01
4.170000000000000284e+01
