3.989999999999999858e+01
2.389999999999999858e+01
2.900000000000000000e+01
3.000000000000000000e+01
2.900000000000000000e+01
3.000000000000000000e+01
4.500000000000000000e+01
2.669999999999999929e+01
4.600000000000000000e+01
2.939999999999999858e+01
6.679999999999999716e+01
3.639999999999999858e+01
2.030000000000000071e+01
4.450000000000000000e+01
2.210000000000000142e+01
2.939999999999999858e+01
1.810000000000000142e+01
7.400000000000000355e+00
6.299999999999999822e+00
3.960000000000000142e+01
1.989999999999999858e+01
0.000000000000000000e+00
0.000000000000000000e+00
0.000000000000000000e+00
0.000000000000000000e+00
0.000000000000000000e+00
1.580000000000000071e+01
0.000000000000000000e+00
2.900000000000000000e+01
3.000000000000000000e+01
4.500000000000000000e+01
4.600000000000000000e+01
6.679999999999999716e+01
3.639999999999999858e+01
2.030000000000000071e+01
4.450000000000000000e+01
2.210000000000000142e+01
2.939999999999999858e+01
2.900000000000000000e+01
3.000000000000000000e+01
4.500000000000000000e+01
4.600000000000000000e+01
6.679999999999999716e+01
3.639999999999999858e+01
