2.469999999999999929e+01
5.929999999999999716e+01
2.219999999999999929e+01
2.219999999999999929e+01
2.689999999999999858e+01
4.839999999999999858e+01
4.039999999999999858e+01
4.100000000000000000e+01
3.310000000000000142e+01
2.630000000000000071e+01
3.520000000000000284e+01
4.310000000000000142e+01
2.550000000000000000e+01
2.610000000000000142e+01
2.560000000000000142e+01
3.560000000000000142e+01
4.589999999999999858e+01
5.979999999999999716e+01
2.389999999999999858e+01
4.210000000000000142e+01
2.219999999999999929e+01
2.689999999999999858e+01
4.839999999999999858e+01
4.039999999999999858e+01
4.100000000000000000e+01
3.310000000000000142e+01
2.630000000000000071e+01
3.520000000000000284e+01
4.310000000000000142e+01
2.550000000000000000e+01
2.610000000000000142e+01
2.560000000000000142e+01
3.560000000000000142e+01
4.589999999999999858e+01
5.979999999999999716e+01
2.389999999999999858e+01
4.210000000000000142e+01
2.219999999999999929e+01
2.689999999999999858e+01
4.839999999999999858e+01
4.039999999999999858e+01
4.100000000000000000e+01
3.310000000000000142e+01
2.219999999999999929e+01
2.689999999999999858e+01
4.839999999999999858e+01
