4.139999999999999858e+01
4.660000000000000142e+01
4.350000000000000000e+01
2.510000000000000142e+01
2.189999999999999858e+01
2.560000000000000142e+01
2.189999999999999858e+01
2.560000000000000142e+01
2.650000000000000000e+01
3.019999999999999929e+01
2.000000000000000000e+01
2.489999999999999858e+01
3.700000000000000000e+01
4.310000000000000142e+01
4.100000000000000000e+01
2.930000000000000071e+01
2.580000000000000071e+01
3.979999999999999716e+01
2.189999999999999858e+01
2.560000000000000142e+01
2.650000000000000000e+01
3.019999999999999929e+01
2.000000000000000000e+01
2.489999999999999858e+01
3.700000000000000000e+01
4.310000000000000142e+01
4.100000000000000000e+01
2.930000000000000071e+01
2.580000000000000071e+01
3.979999999999999716e+01
2.189999999999999858e+01
2.560000000000000142e+01
2.650000000000000000e+01
3.019999999999999929e+01
2.000000000000000000e+01
2.489999999999999858e+01
3.700000000000000000e+01
4.310000000000000142e+01
2.189999999999999858e+01
2.560000000000000142e+01
2.650000000000000000e+01
3.019999999999999929e+01
2.000000000000000000e+01
2.489999999999999858e+01
3.700000000000000000e+01
