2.750000000000000000e+01
3.310000000000000142e+01
5.800000000000000000e+01
2.719999999999999929e+01
2.619999999999999929e+01
3.429999999999999716e+01
2.980000000000000071e+01
7.799999999999999822e+00
6.599999999999999645e+00
6.200000000000000178e+00
1.869999999999999929e+01
4.770000000000000284e+01
7.099999999999999645e+00
3.310000000000000142e+01
2.669999999999999929e+01
4.160000000000000142e+01
3.660000000000000142e+01
4.670000000000000284e+01
1.080000000000000071e+01
4.160000000000000142e+01
3.660000000000000142e+01
4.670000000000000284e+01
6.339999999999999858e+01
3.810000000000000142e+01
1.009999999999999964e+01
