1.980000000000000071e+01
2.939999999999999858e+01
3.810000000000000142e+01
1.850000000000000000e+01
3.560000000000000142e+01
5.329999999999999716e+01
4.789999999999999858e+01
2.800000000000000000e+01
3.139999999999999858e+01
2.750000000000000000e+01
3.620000000000000284e+01
5.370000000000000284e+01
8.300000000000000711e+00
3.139999999999999858e+01
2.750000000000000000e+01
5.700000000000000178e+00
3.620000000000000284e+01
5.370000000000000284e+01
0.000000000000000000e+00
0.000000000000000000e+00
0.000000000000000000e+00
0.000000000000000000e+00
0.000000000000000000e+00
0.000000000000000000e+00
0.000000000000000000e+00
1.269999999999999929e+01
4.470000000000000284e+01
3.879999999999999716e+01
