1.050000000000000000e+01
2.469999999999999929e+01
3.470000000000000284e+01
1.240000000000000036e+01
2.439999999999999858e+01
8.099999999999999645e+00
7.400000000000000355e+00
3.470000000000000284e+01
1.240000000000000036e+01
2.439999999999999858e+01
2.630000000000000071e+01
2.369999999999999929e+01
7.379999999999999716e+01
3.989999999999999858e+01
4.710000000000000142e+01
2.919999999999999929e+01
1.050000000000000000e+01
1.569999999999999929e+01
2.919999999999999929e+01
2.900000000000000000e+01
2.219999999999999929e+01
3.210000000000000142e+01
4.139999999999999858e+01
2.000000000000000000e+01
