7.800000000000000000e+01
3.550000000000000000e+01
3.560000000000000142e+01
1.509999999999999964e+01
5.299999999999999822e+00
6.799999999999999822e+00
7.599999999999999645e+00
8.000000000000000000e+00
7.700000000000000178e+00
1.509999999999999964e+01
6.900000000000000355e+00
1.040000000000000036e+01
0.000000000000000000e+00
0.000000000000000000e+00
0.000000000000000000e+00
0.000000000000000000e+00
0.000000000000000000e+00
0.000000000000000000e+00
0.000000000000000000e+00
0.000000000000000000e+00
0.000000000000000000e+00
1.399999999999999911e+00
0.000000000000000000e+00
0.000000000000000000e+00
0.000000000000000000e+00
0.000000000000000000e+00
0.000000000000000000e+00
0.000000000000000000e+00
0.000000000000000000e+00
0.000000000000000000e+00
0.000000000000000000e+00
0.000000000000000000e+00
1.889999999999999858e+01
4.139999999999999858e+01
4.829999999999999716e+01
4.329999999999999716e+01
3.089999999999999858e+01
3.150000000000000000e+01
1.430000000000000071e+01
2.269999999999999929e+01
