2.419999999999999929e+01
3.000000000000000000e+01
6.429999999999999716e+01
2.380000000000000071e+01
2.730000000000000071e+01
4.670000000000000284e+01
4.500000000000000000e+01
1.730000000000000071e+01
3.279999999999999716e+01
4.420000000000000284e+01
1.530000000000000071e+01
3.770000000000000284e+01
4.420000000000000284e+01
3.770000000000000284e+01
4.429999999999999716e+01
5.229999999999999716e+01
3.650000000000000000e+01
3.710000000000000142e+01
4.220000000000000284e+01
3.030000000000000071e+01
3.950000000000000000e+01
6.229999999999999716e+01
2.930000000000000071e+01
2.039999999999999858e+01
0.000000000000000000e+00
9.300000000000000711e+00
3.700000000000000178e+00
0.000000000000000000e+00
0.000000000000000000e+00
8.900000000000000355e+00
0.000000000000000000e+00
2.110000000000000142e+01
3.650000000000000000e+01
4.379999999999999716e+01
0.000000000000000000e+00
3.420000000000000284e+01
3.420000000000000284e+01
0.000000000000000000e+00
0.000000000000000000e+00
4.420000000000000284e+01
3.770000000000000284e+01
4.429999999999999716e+01
5.229999999999999716e+01
3.650000000000000000e+01
3.710000000000000142e+01
4.220000000000000284e+01
3.950000000000000000e+01
6.229999999999999716e+01
2.930000000000000071e+01
4.420000000000000284e+01
3.770000000000000284e+01
4.429999999999999716e+01
5.229999999999999716e+01
3.650000000000000000e+01
3.710000000000000142e+01
4.220000000000000284e+01
