2.080000000000000071e+01
2.139999999999999858e+01
1.000000000000000000e+01
2.319999999999999929e+01
7.400000000000000355e+00
9.599999999999999645e+00
8.300000000000000711e+00
2.319999999999999929e+01
7.599999999999999645e+00
2.330000000000000071e+01
4.520000000000000284e+01
5.799999999999999822e+00
2.380000000000000071e+01
2.469999999999999929e+01
7.300000000000000000e+01
4.460000000000000142e+01
3.660000000000000142e+01
3.030000000000000071e+01
2.319999999999999929e+01
2.330000000000000071e+01
4.520000000000000284e+01
2.380000000000000071e+01
2.469999999999999929e+01
7.300000000000000000e+01
4.460000000000000142e+01
3.660000000000000142e+01
3.030000000000000071e+01
2.119999999999999929e+01
3.100000000000000000e+01
3.639999999999999858e+01
3.629999999999999716e+01
3.019999999999999929e+01
2.119999999999999929e+01
3.100000000000000000e+01
1.409999999999999964e+01
3.639999999999999858e+01
3.629999999999999716e+01
3.019999999999999929e+01
3.239999999999999858e+01
