2.400000000000000000e+01
2.289999999999999858e+01
2.180000000000000071e+01
2.139999999999999858e+01
2.630000000000000071e+01
3.169999999999999929e+01
3.189999999999999858e+01
3.950000000000000000e+01
2.180000000000000071e+01
2.600000000000000000e+01
4.910000000000000142e+01
2.739999999999999858e+01
1.259999999999999964e+01
3.710000000000000142e+01
2.619999999999999929e+01
2.739999999999999858e+01
3.710000000000000142e+01
2.619999999999999929e+01
5.300000000000000000e+01
2.700000000000000000e+01
2.660000000000000142e+01
2.350000000000000000e+01
3.210000000000000142e+01
2.080000000000000071e+01
5.789999999999999858e+01
2.630000000000000071e+01
2.339999999999999858e+01
2.219999999999999929e+01
2.400000000000000000e+01
2.980000000000000071e+01
2.630000000000000071e+01
2.339999999999999858e+01
2.219999999999999929e+01
