3.779999999999999716e+01
2.489999999999999858e+01
4.629999999999999716e+01
3.389999999999999858e+01
3.520000000000000284e+01
2.510000000000000142e+01
1.380000000000000071e+01
3.180000000000000071e+01
4.110000000000000142e+01
3.729999999999999716e+01
2.360000000000000142e+01
3.180000000000000071e+01
4.110000000000000142e+01
3.729999999999999716e+01
2.360000000000000142e+01
3.400000000000000000e+01
3.169999999999999929e+01
3.039999999999999858e+01
4.079999999999999716e+01
2.739999999999999858e+01
2.219999999999999929e+01
2.010000000000000142e+01
4.410000000000000142e+01
5.520000000000000284e+01
4.939999999999999858e+01
4.310000000000000142e+01
3.750000000000000000e+01
3.800000000000000000e+01
4.950000000000000000e+01
4.779999999999999716e+01
4.170000000000000284e+01
4.820000000000000284e+01
4.200000000000000000e+01
4.950000000000000000e+01
3.180000000000000071e+01
3.200000000000000000e+01
2.339999999999999858e+01
3.660000000000000142e+01
4.339999999999999858e+01
5.520000000000000284e+01
4.939999999999999858e+01
4.310000000000000142e+01
3.750000000000000000e+01
3.800000000000000000e+01
4.950000000000000000e+01
