1.619999999999999929e+01
2.830000000000000071e+01
1.309999999999999964e+01
2.289999999999999858e+01
8.099999999999999645e+00
3.629999999999999716e+01
2.230000000000000071e+01
1.960000000000000142e+01
4.229999999999999716e+01
2.139999999999999858e+01
7.000000000000000000e+00
1.680000000000000071e+01
7.000000000000000000e+00
2.519999999999999929e+01
3.629999999999999716e+01
2.230000000000000071e+01
4.229999999999999716e+01
2.139999999999999858e+01
2.519999999999999929e+01
3.320000000000000284e+01
2.950000000000000000e+01
6.010000000000000142e+01
3.750000000000000000e+01
3.629999999999999716e+01
2.230000000000000071e+01
8.190000000000000568e+01
2.139999999999999858e+01
2.519999999999999929e+01
3.320000000000000284e+01
2.950000000000000000e+01
6.010000000000000142e+01
3.629999999999999716e+01
2.230000000000000071e+01
8.340000000000000568e+01
2.139999999999999858e+01
2.519999999999999929e+01
