5.610000000000000142e+01
3.379999999999999716e+01
3.470000000000000284e+01
2.800000000000000000e+01
4.150000000000000000e+01
3.729999999999999716e+01
3.560000000000000142e+01
2.619999999999999929e+01
3.560000000000000142e+01
2.619999999999999929e+01
2.850000000000000000e+01
3.720000000000000284e+01
2.969999999999999929e+01
4.660000000000000142e+01
2.289999999999999858e+01
2.669999999999999929e+01
2.060000000000000142e+01
2.289999999999999858e+01
2.969999999999999929e+01
4.660000000000000142e+01
2.289999999999999858e+01
2.669999999999999929e+01
