2.860000000000000142e+01
4.000000000000000000e+01
2.900000000000000000e+01
4.239999999999999858e+01
4.020000000000000284e+01
2.939999999999999858e+01
1.259999999999999964e+01
3.050000000000000000e+01
3.650000000000000000e+01
3.789999999999999858e+01
2.300000000000000000e+01
3.260000000000000142e+01
2.260000000000000142e+01
2.760000000000000142e+01
2.260000000000000142e+01
2.839999999999999858e+01
2.030000000000000071e+01
2.960000000000000142e+01
2.289999999999999858e+01
3.150000000000000000e+01
3.030000000000000071e+01
2.400000000000000000e+01
2.680000000000000071e+01
3.700000000000000000e+01
3.550000000000000000e+01
2.419999999999999929e+01
2.760000000000000142e+01
3.510000000000000142e+01
4.239999999999999858e+01
2.480000000000000071e+01
3.620000000000000284e+01
2.289999999999999858e+01
3.150000000000000000e+01
3.030000000000000071e+01
2.400000000000000000e+01
2.680000000000000071e+01
3.700000000000000000e+01
3.550000000000000000e+01
2.419999999999999929e+01
