3.460000000000000142e+01
1.050000000000000000e+01
2.819999999999999929e+01
1.800000000000000000e+01
2.250000000000000000e+01
1.200000000000000000e+01
3.670000000000000284e+01
1.400000000000000000e+01
3.889999999999999858e+01
3.130000000000000071e+01
2.610000000000000142e+01
1.619999999999999929e+01
2.430000000000000071e+01
3.450000000000000000e+01
3.589999999999999858e+01
3.829999999999999716e+01
3.789999999999999858e+01
3.710000000000000142e+01
3.789999999999999858e+01
3.710000000000000142e+01
2.539999999999999858e+01
3.689999999999999858e+01
3.000000000000000000e+01
3.570000000000000284e+01
4.289999999999999858e+01
3.689999999999999858e+01
2.660000000000000142e+01
2.460000000000000142e+01
4.939999999999999858e+01
6.629999999999999716e+01
2.089999999999999858e+01
3.420000000000000284e+01
4.539999999999999858e+01
2.719999999999999929e+01
3.579999999999999716e+01
2.460000000000000142e+01
2.060000000000000142e+01
3.810000000000000142e+01
3.850000000000000000e+01
3.039999999999999858e+01
8.070000000000000284e+01
4.310000000000000142e+01
4.889999999999999858e+01
2.880000000000000071e+01
7.529999999999999716e+01
5.310000000000000142e+01
2.719999999999999929e+01
3.579999999999999716e+01
2.460000000000000142e+01
2.060000000000000142e+01
3.810000000000000142e+01
3.850000000000000000e+01
3.039999999999999858e+01
8.070000000000000284e+01
