1.140000000000000036e+01
1.880000000000000071e+01
2.569999999999999929e+01
1.409999999999999964e+01
3.739999999999999858e+01
1.109999999999999964e+01
4.679999999999999716e+01
1.780000000000000071e+01
1.140000000000000036e+01
3.879999999999999716e+01
5.500000000000000000e+01
7.500000000000000000e+00
6.299999999999999822e+00
5.099999999999999645e+00
3.879999999999999716e+01
5.500000000000000000e+01
5.099999999999999645e+00
5.700000000000000178e+00
5.599999999999999645e+00
1.610000000000000142e+01
2.700000000000000000e+01
2.700000000000000000e+01
4.689999999999999858e+01
2.169999999999999929e+01
3.529999999999999716e+01
2.350000000000000000e+01
4.229999999999999716e+01
3.600000000000000000e+01
4.100000000000000000e+01
3.460000000000000142e+01
2.680000000000000071e+01
5.310000000000000142e+01
4.089999999999999858e+01
2.489999999999999858e+01
2.789999999999999858e+01
4.039999999999999858e+01
1.680000000000000071e+01
1.800000000000000000e+01
1.869999999999999929e+01
1.300000000000000000e+01
1.939999999999999858e+01
5.310000000000000142e+01
4.089999999999999858e+01
2.489999999999999858e+01
2.789999999999999858e+01
4.039999999999999858e+01
3.700000000000000000e+01
4.189999999999999858e+01
2.630000000000000071e+01
3.200000000000000000e+01
2.789999999999999858e+01
