2.900000000000000000e+01
3.850000000000000000e+01
3.700000000000000000e+01
3.220000000000000284e+01
3.910000000000000142e+01
3.160000000000000142e+01
2.760000000000000142e+01
7.099999999999999645e+00
7.400000000000000355e+00
8.300000000000000711e+00
6.400000000000000355e+00
3.160000000000000142e+01
2.760000000000000142e+01
4.639999999999999858e+01
3.260000000000000142e+01
3.500000000000000000e+01
3.289999999999999858e+01
1.450000000000000000e+01
1.569999999999999929e+01
4.929999999999999716e+01
3.160000000000000142e+01
2.760000000000000142e+01
4.639999999999999858e+01
3.260000000000000142e+01
3.500000000000000000e+01
3.289999999999999858e+01
4.929999999999999716e+01
2.639999999999999858e+01
1.450000000000000000e+01
1.569999999999999929e+01
3.150000000000000000e+01
3.300000000000000000e+01
