1.819999999999999929e+01
3.180000000000000071e+01
1.680000000000000071e+01
4.029999999999999716e+01
1.600000000000000000e+01
3.379999999999999716e+01
4.160000000000000142e+01
4.100000000000000000e+01
4.039999999999999858e+01
2.060000000000000142e+01
2.969999999999999929e+01
2.639999999999999858e+01
8.199999999999999289e+00
5.700000000000000178e+00
8.800000000000000711e+00
9.599999999999999645e+00
6.200000000000000178e+00
8.199999999999999289e+00
2.969999999999999929e+01
2.639999999999999858e+01
1.140000000000000036e+01
3.089999999999999858e+01
1.140000000000000036e+01
2.200000000000000000e+01
4.100000000000000000e+01
4.660000000000000142e+01
4.439999999999999858e+01
6.299999999999999822e+00
8.199999999999999289e+00
3.069999999999999929e+01
1.150000000000000000e+01
3.169999999999999929e+01
2.969999999999999929e+01
2.639999999999999858e+01
3.089999999999999858e+01
2.200000000000000000e+01
4.100000000000000000e+01
4.660000000000000142e+01
4.439999999999999858e+01
3.069999999999999929e+01
3.169999999999999929e+01
4.350000000000000000e+01
3.200000000000000000e+01
2.339999999999999858e+01
9.170000000000000284e+01
2.650000000000000000e+01
1.140000000000000036e+01
1.140000000000000036e+01
1.150000000000000000e+01
1.009999999999999964e+01
3.200000000000000000e+01
1.900000000000000000e+01
2.339999999999999858e+01
9.170000000000000284e+01
2.650000000000000000e+01
2.310000000000000142e+01
3.210000000000000142e+01
3.239999999999999858e+01
