5.420000000000000284e+01
3.489999999999999858e+01
1.450000000000000000e+01
1.490000000000000036e+01
2.980000000000000071e+01
2.980000000000000071e+01
2.400000000000000000e+01
4.039999999999999858e+01
5.979999999999999716e+01
2.980000000000000071e+01
2.689999999999999858e+01
2.350000000000000000e+01
7.729999999999999716e+01
5.010000000000000142e+01
3.030000000000000071e+01
5.039999999999999858e+01
2.689999999999999858e+01
3.150000000000000000e+01
3.600000000000000000e+01
5.010000000000000142e+01
2.530000000000000071e+01
5.010000000000000142e+01
3.030000000000000071e+01
5.039999999999999858e+01
2.689999999999999858e+01
7.729999999999999716e+01
