1.080000000000000071e+01
1.490000000000000036e+01
2.380000000000000071e+01
1.150000000000000000e+01
3.729999999999999716e+01
2.989999999999999858e+01
1.290000000000000036e+01
1.900000000000000000e+01
2.580000000000000071e+01
3.910000000000000142e+01
1.319999999999999929e+01
2.030000000000000071e+01
2.580000000000000071e+01
3.910000000000000142e+01
2.030000000000000071e+01
2.780000000000000071e+01
3.100000000000000000e+01
2.960000000000000142e+01
3.739999999999999858e+01
3.729999999999999716e+01
2.030000000000000071e+01
3.289999999999999858e+01
2.039999999999999858e+01
2.269999999999999929e+01
3.169999999999999929e+01
2.969999999999999929e+01
2.289999999999999858e+01
3.539999999999999858e+01
4.070000000000000284e+01
6.479999999999999716e+01
2.139999999999999858e+01
2.810000000000000142e+01
4.200000000000000178e+00
2.000000000000000000e+01
0.000000000000000000e+00
0.000000000000000000e+00
0.000000000000000000e+00
4.000000000000000000e+00
0.000000000000000000e+00
0.000000000000000000e+00
0.000000000000000000e+00
4.099999999999999645e+00
1.219999999999999929e+01
0.000000000000000000e+00
0.000000000000000000e+00
3.439999999999999858e+01
1.600000000000000089e+00
3.910000000000000142e+01
3.100000000000000000e+01
2.960000000000000142e+01
3.739999999999999858e+01
3.729999999999999716e+01
2.030000000000000071e+01
3.289999999999999858e+01
2.269999999999999929e+01
3.169999999999999929e+01
2.969999999999999929e+01
3.539999999999999858e+01
4.070000000000000284e+01
3.910000000000000142e+01
3.100000000000000000e+01
2.960000000000000142e+01
3.739999999999999858e+01
3.729999999999999716e+01
