2.260000000000000142e+01
4.779999999999999716e+01
2.669999999999999929e+01
3.270000000000000284e+01
4.120000000000000284e+01
1.450000000000000000e+01
2.589999999999999858e+01
2.889999999999999858e+01
3.069999999999999929e+01
3.069999999999999929e+01
3.429999999999999716e+01
5.010000000000000142e+01
3.920000000000000284e+01
6.250000000000000000e+01
3.770000000000000284e+01
2.030000000000000071e+01
4.300000000000000000e+01
6.940000000000000568e+01
4.739999999999999858e+01
4.660000000000000142e+01
5.660000000000000142e+01
3.350000000000000000e+01
3.069999999999999929e+01
3.429999999999999716e+01
5.010000000000000142e+01
3.920000000000000284e+01
6.250000000000000000e+01
3.770000000000000284e+01
2.030000000000000071e+01
4.300000000000000000e+01
6.940000000000000568e+01
4.739999999999999858e+01
4.660000000000000142e+01
5.660000000000000142e+01
3.350000000000000000e+01
3.069999999999999929e+01
3.429999999999999716e+01
5.010000000000000142e+01
3.920000000000000284e+01
6.250000000000000000e+01
3.069999999999999929e+01
3.429999999999999716e+01
5.010000000000000142e+01
3.920000000000000284e+01
6.250000000000000000e+01
