3.210000000000000142e+01
2.430000000000000071e+01
4.520000000000000284e+01
4.020000000000000284e+01
3.620000000000000284e+01
1.050000000000000000e+01
1.140000000000000036e+01
2.610000000000000142e+01
1.769999999999999929e+01
3.679999999999999716e+01
1.169999999999999929e+01
3.889999999999999858e+01
2.900000000000000000e+01
7.179999999999999716e+01
3.460000000000000142e+01
3.010000000000000142e+01
3.239999999999999858e+01
7.099999999999999645e+00
7.000000000000000000e+00
7.900000000000000355e+00
3.679999999999999716e+01
1.169999999999999929e+01
3.889999999999999858e+01
2.900000000000000000e+01
7.179999999999999716e+01
3.460000000000000142e+01
3.010000000000000142e+01
3.239999999999999858e+01
4.360000000000000142e+01
3.360000000000000142e+01
6.099999999999999645e+00
7.299999999999999822e+00
5.599999999999999645e+00
2.400000000000000000e+01
1.900000000000000000e+01
3.160000000000000142e+01
3.520000000000000284e+01
3.389999999999999858e+01
2.500000000000000000e+01
3.030000000000000071e+01
3.850000000000000000e+01
1.950000000000000000e+01
3.679999999999999716e+01
3.889999999999999858e+01
2.900000000000000000e+01
7.179999999999999716e+01
3.460000000000000142e+01
3.010000000000000142e+01
3.239999999999999858e+01
4.360000000000000142e+01
3.360000000000000142e+01
3.160000000000000142e+01
3.520000000000000284e+01
3.389999999999999858e+01
2.500000000000000000e+01
3.030000000000000071e+01
3.850000000000000000e+01
2.450000000000000000e+01
2.439999999999999858e+01
6.200000000000000000e+01
6.189999999999999858e+01
2.580000000000000071e+01
2.589999999999999858e+01
3.600000000000000000e+01
3.539999999999999858e+01
6.450000000000000000e+01
1.169999999999999929e+01
1.900000000000000000e+01
1.950000000000000000e+01
1.469999999999999929e+01
2.439999999999999858e+01
6.200000000000000000e+01
1.369999999999999929e+01
6.189999999999999858e+01
2.580000000000000071e+01
2.589999999999999858e+01
3.600000000000000000e+01
3.539999999999999858e+01
6.450000000000000000e+01
4.570000000000000284e+01
2.600000000000000000e+01
7.190000000000000568e+01
3.200000000000000000e+01
2.319999999999999929e+01
3.600000000000000000e+01
