2.980000000000000071e+01
3.000000000000000000e+01
3.050000000000000000e+01
3.820000000000000284e+01
3.820000000000000284e+01
2.050000000000000000e+01
2.089999999999999858e+01
3.250000000000000000e+01
7.790000000000000568e+01
2.189999999999999858e+01
4.539999999999999858e+01
2.410000000000000142e+01
2.700000000000000000e+01
2.039999999999999858e+01
0.000000000000000000e+00
4.500000000000000000e+00
0.000000000000000000e+00
5.700000000000000178e+00
2.700000000000000178e+00
0.000000000000000000e+00
8.000000000000000444e-01
0.000000000000000000e+00
0.000000000000000000e+00
3.820000000000000284e+01
2.050000000000000000e+01
2.089999999999999858e+01
3.250000000000000000e+01
7.790000000000000568e+01
2.700000000000000000e+01
2.039999999999999858e+01
3.820000000000000284e+01
2.050000000000000000e+01
2.089999999999999858e+01
3.250000000000000000e+01
7.790000000000000568e+01
