2.150000000000000000e+01
1.660000000000000142e+01
2.950000000000000000e+01
3.900000000000000000e+01
1.269999999999999929e+01
2.619999999999999929e+01
2.650000000000000000e+01
4.110000000000000142e+01
2.880000000000000071e+01
4.179999999999999716e+01
3.689999999999999858e+01
3.739999999999999858e+01
2.350000000000000000e+01
3.679999999999999716e+01
5.410000000000000142e+01
2.569999999999999929e+01
3.829999999999999716e+01
2.539999999999999858e+01
5.120000000000000284e+01
2.319999999999999929e+01
3.210000000000000142e+01
2.619999999999999929e+01
2.650000000000000000e+01
4.110000000000000142e+01
2.880000000000000071e+01
4.179999999999999716e+01
3.689999999999999858e+01
3.739999999999999858e+01
2.350000000000000000e+01
3.679999999999999716e+01
5.410000000000000142e+01
2.569999999999999929e+01
3.829999999999999716e+01
2.539999999999999858e+01
5.120000000000000284e+01
3.210000000000000142e+01
2.469999999999999929e+01
2.619999999999999929e+01
2.650000000000000000e+01
4.110000000000000142e+01
2.880000000000000071e+01
3.689999999999999858e+01
3.739999999999999858e+01
2.350000000000000000e+01
3.679999999999999716e+01
2.619999999999999929e+01
2.650000000000000000e+01
4.110000000000000142e+01
2.880000000000000071e+01
3.689999999999999858e+01
3.739999999999999858e+01
