3.080000000000000071e+01
1.069999999999999929e+01
5.000000000000000000e+01
2.900000000000000000e+01
1.680000000000000071e+01
4.770000000000000284e+01
1.280000000000000071e+01
4.770000000000000284e+01
2.739999999999999858e+01
4.789999999999999858e+01
2.319999999999999929e+01
2.039999999999999858e+01
2.430000000000000071e+01
7.129999999999999716e+01
2.880000000000000071e+01
2.419999999999999929e+01
2.600000000000000000e+01
4.170000000000000284e+01
4.770000000000000284e+01
2.739999999999999858e+01
4.789999999999999858e+01
2.039999999999999858e+01
2.430000000000000071e+01
7.129999999999999716e+01
2.880000000000000071e+01
2.419999999999999929e+01
2.600000000000000000e+01
4.170000000000000284e+01
4.770000000000000284e+01
2.739999999999999858e+01
4.789999999999999858e+01
4.770000000000000284e+01
2.739999999999999858e+01
4.789999999999999858e+01
