2.539999999999999858e+01
3.200000000000000000e+01
2.450000000000000000e+01
2.510000000000000142e+01
3.350000000000000000e+01
2.510000000000000142e+01
3.350000000000000000e+01
5.050000000000000000e+01
2.330000000000000071e+01
3.550000000000000000e+01
2.050000000000000000e+01
2.419999999999999929e+01
4.239999999999999858e+01
3.929999999999999716e+01
2.510000000000000142e+01
3.350000000000000000e+01
5.050000000000000000e+01
2.330000000000000071e+01
3.550000000000000000e+01
2.050000000000000000e+01
2.419999999999999929e+01
4.239999999999999858e+01
3.929999999999999716e+01
2.510000000000000142e+01
3.350000000000000000e+01
5.050000000000000000e+01
2.330000000000000071e+01
3.550000000000000000e+01
2.050000000000000000e+01
2.419999999999999929e+01
2.510000000000000142e+01
3.350000000000000000e+01
5.050000000000000000e+01
2.330000000000000071e+01
3.550000000000000000e+01
