3.570000000000000284e+01
2.889999999999999858e+01
4.660000000000000142e+01
7.029999999999999716e+01
1.680000000000000071e+01
1.960000000000000142e+01
2.689999999999999858e+01
1.369999999999999929e+01
2.689999999999999858e+01
2.689999999999999858e+01
3.520000000000000284e+01
3.979999999999999716e+01
2.750000000000000000e+01
3.829999999999999716e+01
2.010000000000000142e+01
3.889999999999999858e+01
2.810000000000000142e+01
4.610000000000000142e+01
2.200000000000000000e+01
3.429999999999999716e+01
3.479999999999999716e+01
3.979999999999999716e+01
2.750000000000000000e+01
3.829999999999999716e+01
2.010000000000000142e+01
3.889999999999999858e+01
