1.569999999999999929e+01
4.210000000000000142e+01
5.800000000000000000e+01
3.610000000000000142e+01
2.919999999999999929e+01
5.520000000000000284e+01
5.520000000000000284e+01
4.660000000000000142e+01
3.069999999999999929e+01
4.950000000000000000e+01
2.719999999999999929e+01
2.500000000000000000e+01
4.520000000000000284e+01
2.750000000000000000e+01
3.850000000000000000e+01
3.900000000000000000e+01
7.079999999999999716e+01
2.719999999999999929e+01
2.500000000000000000e+01
4.520000000000000284e+01
