5.050000000000000000e+01
3.200000000000000000e+01
7.900000000000000000e+01
1.469999999999999929e+01
2.019999999999999929e+01
3.810000000000000142e+01
2.569999999999999929e+01
2.960000000000000142e+01
2.760000000000000142e+01
2.010000000000000142e+01
3.189999999999999858e+01
3.260000000000000142e+01
1.340000000000000036e+01
4.879999999999999716e+01
2.030000000000000071e+01
2.600000000000000000e+01
5.900000000000000355e+00
8.199999999999999289e+00
5.200000000000000178e+00
7.500000000000000000e+00
8.199999999999999289e+00
9.599999999999999645e+00
3.260000000000000142e+01
1.340000000000000036e+01
4.879999999999999716e+01
2.030000000000000071e+01
7.000000000000000000e+00
2.600000000000000000e+01
2.480000000000000071e+01
1.880000000000000071e+01
3.289999999999999858e+01
4.710000000000000142e+01
1.030000000000000071e+01
3.889999999999999858e+01
5.700000000000000178e+00
1.900000000000000000e+01
5.299999999999999822e+00
3.110000000000000142e+01
2.060000000000000142e+01
5.599999999999999645e+00
3.260000000000000142e+01
4.879999999999999716e+01
2.030000000000000071e+01
2.600000000000000000e+01
2.480000000000000071e+01
3.289999999999999858e+01
4.710000000000000142e+01
3.889999999999999858e+01
3.110000000000000142e+01
2.060000000000000142e+01
3.030000000000000071e+01
3.510000000000000142e+01
3.750000000000000000e+01
2.319999999999999929e+01
2.050000000000000000e+01
2.919999999999999929e+01
2.310000000000000142e+01
1.340000000000000036e+01
1.880000000000000071e+01
1.030000000000000071e+01
1.900000000000000000e+01
3.510000000000000142e+01
3.750000000000000000e+01
2.319999999999999929e+01
2.050000000000000000e+01
2.919999999999999929e+01
2.310000000000000142e+01
2.739999999999999858e+01
1.140000000000000036e+01
2.800000000000000000e+01
3.150000000000000000e+01
4.300000000000000000e+01
2.989999999999999858e+01
