4.120000000000000284e+01
3.089999999999999858e+01
5.689999999999999858e+01
1.750000000000000000e+01
3.039999999999999858e+01
2.530000000000000071e+01
1.000000000000000000e+01
1.359999999999999964e+01
5.400000000000000355e+00
6.599999999999999645e+00
5.099999999999999645e+00
9.199999999999999289e+00
8.500000000000000000e+00
8.300000000000000711e+00
1.750000000000000000e+01
3.039999999999999858e+01
2.530000000000000071e+01
1.000000000000000000e+01
1.359999999999999964e+01
3.779999999999999716e+01
3.779999999999999716e+01
2.550000000000000000e+01
5.710000000000000142e+01
4.120000000000000284e+01
4.260000000000000142e+01
2.110000000000000142e+01
2.839999999999999858e+01
2.910000000000000142e+01
3.970000000000000284e+01
1.469999999999999929e+01
4.120000000000000284e+01
4.260000000000000142e+01
2.110000000000000142e+01
2.839999999999999858e+01
2.910000000000000142e+01
3.970000000000000284e+01
3.829999999999999716e+01
5.120000000000000284e+01
4.039999999999999858e+01
2.550000000000000000e+01
2.910000000000000142e+01
