2.530000000000000071e+01
2.160000000000000142e+01
4.000000000000000000e+01
2.550000000000000000e+01
3.320000000000000284e+01
4.829999999999999716e+01
4.350000000000000000e+01
7.500000000000000000e+00
6.900000000000000355e+00
4.350000000000000000e+01
8.000000000000000000e+00
3.069999999999999929e+01
5.700000000000000178e+00
9.500000000000000000e+00
2.789999999999999858e+01
4.020000000000000284e+01
3.010000000000000142e+01
5.000000000000000000e+01
1.830000000000000071e+01
2.150000000000000000e+01
4.350000000000000000e+01
3.069999999999999929e+01
2.789999999999999858e+01
4.020000000000000284e+01
3.010000000000000142e+01
5.000000000000000000e+01
2.150000000000000000e+01
2.160000000000000142e+01
2.980000000000000071e+01
2.410000000000000142e+01
3.069999999999999929e+01
2.789999999999999858e+01
3.010000000000000142e+01
2.160000000000000142e+01
3.069999999999999929e+01
2.789999999999999858e+01
3.010000000000000142e+01
