2.560000000000000142e+01
4.200000000000000000e+01
4.179999999999999716e+01
1.169999999999999929e+01
3.080000000000000071e+01
1.680000000000000071e+01
3.189999999999999858e+01
3.080000000000000071e+01
3.189999999999999858e+01
4.270000000000000284e+01
4.039999999999999858e+01
2.260000000000000142e+01
4.079999999999999716e+01
2.030000000000000071e+01
2.989999999999999858e+01
3.610000000000000142e+01
2.939999999999999858e+01
2.560000000000000142e+01
2.239999999999999858e+01
6.420000000000000284e+01
3.739999999999999858e+01
2.969999999999999929e+01
4.110000000000000142e+01
3.970000000000000284e+01
6.010000000000000142e+01
3.679999999999999716e+01
3.050000000000000000e+01
0.000000000000000000e+00
0.000000000000000000e+00
0.000000000000000000e+00
0.000000000000000000e+00
0.000000000000000000e+00
3.560000000000000142e+01
0.000000000000000000e+00
1.830000000000000071e+01
1.300000000000000044e+00
0.000000000000000000e+00
0.000000000000000000e+00
3.600000000000000089e+00
0.000000000000000000e+00
0.000000000000000000e+00
0.000000000000000000e+00
0.000000000000000000e+00
0.000000000000000000e+00
3.080000000000000071e+01
3.189999999999999858e+01
2.260000000000000142e+01
2.989999999999999858e+01
2.939999999999999858e+01
2.560000000000000142e+01
2.239999999999999858e+01
6.420000000000000284e+01
3.739999999999999858e+01
3.970000000000000284e+01
6.010000000000000142e+01
3.080000000000000071e+01
3.189999999999999858e+01
2.260000000000000142e+01
2.989999999999999858e+01
2.939999999999999858e+01
2.560000000000000142e+01
2.239999999999999858e+01
6.420000000000000284e+01
3.739999999999999858e+01
