2.389999999999999858e+01
1.369999999999999929e+01
1.789999999999999858e+01
2.719999999999999929e+01
3.550000000000000000e+01
2.719999999999999929e+01
3.550000000000000000e+01
2.310000000000000142e+01
5.900000000000000000e+01
2.439999999999999858e+01
3.050000000000000000e+01
2.289999999999999858e+01
3.800000000000000000e+01
2.119999999999999929e+01
3.189999999999999858e+01
3.910000000000000142e+01
4.550000000000000000e+01
2.989999999999999858e+01
2.289999999999999858e+01
3.800000000000000000e+01
2.119999999999999929e+01
