6.370000000000000284e+01
3.180000000000000071e+01
3.670000000000000284e+01
2.260000000000000142e+01
1.739999999999999858e+01
2.310000000000000142e+01
4.810000000000000142e+01
1.150000000000000000e+01
3.879999999999999716e+01
3.610000000000000142e+01
3.339999999999999858e+01
1.230000000000000071e+01
1.950000000000000000e+01
5.329999999999999716e+01
2.050000000000000000e+01
1.380000000000000071e+01
3.200000000000000000e+01
1.839999999999999858e+01
2.910000000000000142e+01
1.540000000000000036e+01
2.339999999999999858e+01
2.050000000000000000e+01
3.200000000000000000e+01
2.910000000000000142e+01
2.339999999999999858e+01
3.579999999999999716e+01
3.080000000000000071e+01
5.089999999999999858e+01
3.450000000000000000e+01
2.100000000000000000e+01
2.380000000000000071e+01
3.350000000000000000e+01
3.180000000000000071e+01
4.510000000000000142e+01
2.580000000000000071e+01
2.180000000000000071e+01
2.230000000000000071e+01
2.689999999999999858e+01
3.000000000000000000e+01
2.930000000000000071e+01
2.030000000000000071e+01
2.769999999999999929e+01
2.569999999999999929e+01
3.700000000000000000e+01
2.689999999999999858e+01
2.689999999999999858e+01
4.210000000000000142e+01
4.639999999999999858e+01
2.310000000000000142e+01
2.380000000000000071e+01
2.410000000000000142e+01
2.469999999999999929e+01
2.930000000000000071e+01
3.500000000000000000e+01
0.000000000000000000e+00
0.000000000000000000e+00
0.000000000000000000e+00
0.000000000000000000e+00
0.000000000000000000e+00
0.000000000000000000e+00
0.000000000000000000e+00
0.000000000000000000e+00
0.000000000000000000e+00
2.700000000000000178e+00
2.969999999999999929e+01
1.819999999999999929e+01
0.000000000000000000e+00
0.000000000000000000e+00
0.000000000000000000e+00
0.000000000000000000e+00
0.000000000000000000e+00
0.000000000000000000e+00
4.500000000000000000e+00
0.000000000000000000e+00
0.000000000000000000e+00
0.000000000000000000e+00
3.039999999999999858e+01
0.000000000000000000e+00
1.000000000000000056e-01
0.000000000000000000e+00
6.799999999999999822e+00
3.550000000000000000e+01
2.789999999999999858e+01
0.000000000000000000e+00
0.000000000000000000e+00
0.000000000000000000e+00
5.200000000000000178e+00
2.339999999999999858e+01
5.089999999999999858e+01
3.450000000000000000e+01
2.100000000000000000e+01
3.350000000000000000e+01
4.510000000000000142e+01
2.689999999999999858e+01
2.030000000000000071e+01
2.569999999999999929e+01
2.689999999999999858e+01
2.689999999999999858e+01
4.639999999999999858e+01
2.339999999999999858e+01
5.089999999999999858e+01
3.450000000000000000e+01
2.100000000000000000e+01
3.350000000000000000e+01
4.510000000000000142e+01
2.689999999999999858e+01
