3.650000000000000000e+01
4.270000000000000284e+01
5.229999999999999716e+01
3.529999999999999716e+01
3.270000000000000284e+01
3.689999999999999858e+01
3.720000000000000284e+01
1.969999999999999929e+01
6.400000000000000355e+00
6.099999999999999645e+00
7.599999999999999645e+00
1.969999999999999929e+01
6.099999999999999645e+00
6.400000000000000355e+00
8.199999999999999289e+00
7.099999999999999645e+00
7.000000000000000000e+00
0.000000000000000000e+00
3.299999999999999822e+00
0.000000000000000000e+00
0.000000000000000000e+00
0.000000000000000000e+00
0.000000000000000000e+00
0.000000000000000000e+00
0.000000000000000000e+00
0.000000000000000000e+00
0.000000000000000000e+00
0.000000000000000000e+00
1.000000000000000000e+00
0.000000000000000000e+00
5.999999999999999778e-01
0.000000000000000000e+00
0.000000000000000000e+00
0.000000000000000000e+00
0.000000000000000000e+00
1.850000000000000000e+01
1.960000000000000142e+01
1.319999999999999929e+01
1.630000000000000071e+01
3.420000000000000284e+01
1.380000000000000071e+01
1.150000000000000000e+01
1.009999999999999964e+01
2.860000000000000142e+01
4.339999999999999858e+01
5.339999999999999858e+01
2.839999999999999858e+01
3.839999999999999858e+01
2.839999999999999858e+01
1.200000000000000000e+01
1.430000000000000071e+01
2.680000000000000071e+01
1.419999999999999929e+01
