4.450000000000000000e+01
1.769999999999999929e+01
4.510000000000000142e+01
1.319999999999999929e+01
5.470000000000000284e+01
5.470000000000000284e+01
2.360000000000000142e+01
2.080000000000000071e+01
4.150000000000000000e+01
3.629999999999999716e+01
2.830000000000000071e+01
2.900000000000000000e+01
3.889999999999999858e+01
2.350000000000000000e+01
4.200000000000000000e+01
3.169999999999999929e+01
2.839999999999999858e+01
3.360000000000000142e+01
3.889999999999999858e+01
2.350000000000000000e+01
