3.239999999999999858e+01
4.020000000000000284e+01
2.139999999999999858e+01
1.109999999999999964e+01
2.219999999999999929e+01
2.539999999999999858e+01
7.500000000000000000e+00
7.000000000000000000e+00
5.500000000000000000e+00
6.299999999999999822e+00
9.300000000000000711e+00
2.219999999999999929e+01
2.539999999999999858e+01
9.099999999999999645e+00
2.089999999999999858e+01
2.960000000000000142e+01
3.639999999999999858e+01
6.900000000000000355e+00
3.030000000000000071e+01
3.650000000000000000e+01
2.850000000000000000e+01
8.199999999999999289e+00
8.099999999999999645e+00
2.169999999999999929e+01
6.500000000000000000e+00
2.219999999999999929e+01
2.539999999999999858e+01
2.089999999999999858e+01
2.960000000000000142e+01
3.639999999999999858e+01
3.030000000000000071e+01
3.650000000000000000e+01
2.850000000000000000e+01
2.169999999999999929e+01
2.660000000000000142e+01
2.830000000000000071e+01
3.080000000000000071e+01
2.869999999999999929e+01
2.289999999999999858e+01
2.400000000000000000e+01
2.500000000000000000e+01
3.080000000000000071e+01
2.869999999999999929e+01
2.289999999999999858e+01
1.739999999999999858e+01
2.400000000000000000e+01
2.500000000000000000e+01
1.700000000000000000e+01
3.850000000000000000e+01
1.350000000000000000e+01
2.200000000000000000e+01
3.860000000000000142e+01
1.059999999999999964e+01
