1.090000000000000036e+01
2.269999999999999929e+01
7.779999999999999716e+01
4.160000000000000142e+01
4.270000000000000284e+01
1.550000000000000000e+01
1.109999999999999964e+01
4.370000000000000284e+01
7.599999999999999645e+00
6.900000000000000355e+00
4.270000000000000284e+01
1.550000000000000000e+01
1.109999999999999964e+01
4.370000000000000284e+01
5.660000000000000142e+01
2.019999999999999929e+01
1.219999999999999929e+01
0.000000000000000000e+00
0.000000000000000000e+00
0.000000000000000000e+00
0.000000000000000000e+00
0.000000000000000000e+00
0.000000000000000000e+00
0.000000000000000000e+00
0.000000000000000000e+00
0.000000000000000000e+00
0.000000000000000000e+00
2.200000000000000178e+00
0.000000000000000000e+00
0.000000000000000000e+00
0.000000000000000000e+00
1.300000000000000044e+00
0.000000000000000000e+00
1.219999999999999929e+01
3.100000000000000000e+01
3.080000000000000071e+01
4.339999999999999858e+01
1.919999999999999929e+01
2.960000000000000142e+01
2.769999999999999929e+01
1.319999999999999929e+01
2.960000000000000142e+01
2.880000000000000071e+01
2.580000000000000071e+01
2.980000000000000071e+01
4.300000000000000000e+01
2.889999999999999858e+01
4.570000000000000284e+01
3.310000000000000142e+01
