6.029999999999999716e+01
2.680000000000000071e+01
3.080000000000000071e+01
2.389999999999999858e+01
2.819999999999999929e+01
1.419999999999999929e+01
1.159999999999999964e+01
1.209999999999999964e+01
1.330000000000000071e+01
2.989999999999999858e+01
5.099999999999999645e+00
8.300000000000000711e+00
7.099999999999999645e+00
5.200000000000000178e+00
2.989999999999999858e+01
8.300000000000000711e+00
8.300000000000000711e+00
5.500000000000000000e+00
8.300000000000000711e+00
2.739999999999999858e+01
1.140000000000000036e+01
5.299999999999999822e+00
3.470000000000000284e+01
4.820000000000000284e+01
3.270000000000000284e+01
2.469999999999999929e+01
3.810000000000000142e+01
2.560000000000000142e+01
2.600000000000000000e+01
1.469999999999999929e+01
1.590000000000000036e+01
1.639999999999999858e+01
2.989999999999999858e+01
2.739999999999999858e+01
3.470000000000000284e+01
4.820000000000000284e+01
3.270000000000000284e+01
2.469999999999999929e+01
3.810000000000000142e+01
2.560000000000000142e+01
2.600000000000000000e+01
3.629999999999999716e+01
3.239999999999999858e+01
2.100000000000000000e+01
3.810000000000000142e+01
3.410000000000000142e+01
1.140000000000000036e+01
1.469999999999999929e+01
1.590000000000000036e+01
1.639999999999999858e+01
3.239999999999999858e+01
2.100000000000000000e+01
1.590000000000000036e+01
3.810000000000000142e+01
3.410000000000000142e+01
7.540000000000000568e+01
4.210000000000000142e+01
1.780000000000000071e+01
