4.289999999999999858e+01
3.080000000000000071e+01
2.519999999999999929e+01
3.889999999999999858e+01
3.729999999999999716e+01
2.880000000000000071e+01
3.729999999999999716e+01
2.880000000000000071e+01
9.100000000000000000e+01
4.010000000000000142e+01
2.769999999999999929e+01
2.219999999999999929e+01
2.399999999999999911e+00
0.000000000000000000e+00
3.729999999999999716e+01
9.100000000000000000e+01
4.010000000000000142e+01
2.769999999999999929e+01
3.729999999999999716e+01
9.100000000000000000e+01
