1.180000000000000071e+01
5.210000000000000142e+01
3.900000000000000000e+01
6.260000000000000142e+01
1.989999999999999858e+01
2.610000000000000142e+01
3.239999999999999858e+01
3.710000000000000142e+01
3.279999999999999716e+01
6.170000000000000284e+01
6.170000000000000284e+01
3.670000000000000284e+01
3.420000000000000284e+01
2.000000000000000000e+01
3.150000000000000000e+01
3.000000000000000000e+01
2.210000000000000142e+01
2.919999999999999929e+01
3.329999999999999716e+01
3.160000000000000142e+01
2.210000000000000142e+01
