1.610000000000000142e+01
2.860000000000000142e+01
3.550000000000000000e+01
3.060000000000000142e+01
1.440000000000000036e+01
4.020000000000000284e+01
3.189999999999999858e+01
2.619999999999999929e+01
3.429999999999999716e+01
3.870000000000000284e+01
2.219999999999999929e+01
2.730000000000000071e+01
3.720000000000000284e+01
2.189999999999999858e+01
3.789999999999999858e+01
2.480000000000000071e+01
4.060000000000000142e+01
4.039999999999999858e+01
3.750000000000000000e+01
2.889999999999999858e+01
3.210000000000000142e+01
3.060000000000000142e+01
7.459999999999999432e+01
3.939999999999999858e+01
3.039999999999999858e+01
3.169999999999999929e+01
2.519999999999999929e+01
3.939999999999999858e+01
3.039999999999999858e+01
3.169999999999999929e+01
2.519999999999999929e+01
3.960000000000000142e+01
4.560000000000000142e+01
2.730000000000000071e+01
3.750000000000000000e+01
2.539999999999999858e+01
3.800000000000000000e+01
5.100000000000000000e+01
4.879999999999999716e+01
3.550000000000000000e+01
4.360000000000000142e+01
3.300000000000000000e+01
3.750000000000000000e+01
3.089999999999999858e+01
2.369999999999999929e+01
3.570000000000000284e+01
2.250000000000000000e+01
2.719999999999999929e+01
2.719999999999999929e+01
2.139999999999999858e+01
7.270000000000000284e+01
2.339999999999999858e+01
3.660000000000000142e+01
2.710000000000000142e+01
3.820000000000000284e+01
2.210000000000000142e+01
4.610000000000000142e+01
2.380000000000000071e+01
2.880000000000000071e+01
3.069999999999999929e+01
2.180000000000000071e+01
2.519999999999999929e+01
3.429999999999999716e+01
2.010000000000000142e+01
3.920000000000000284e+01
2.319999999999999929e+01
2.330000000000000071e+01
2.710000000000000142e+01
4.800000000000000000e+01
2.700000000000000000e+01
4.089999999999999858e+01
4.100000000000000000e+01
3.030000000000000071e+01
2.150000000000000000e+01
2.069999999999999929e+01
3.879999999999999716e+01
0.000000000000000000e+00
0.000000000000000000e+00
8.000000000000000444e-01
0.000000000000000000e+00
0.000000000000000000e+00
0.000000000000000000e+00
0.000000000000000000e+00
0.000000000000000000e+00
0.000000000000000000e+00
0.000000000000000000e+00
3.310000000000000142e+01
2.319999999999999929e+01
0.000000000000000000e+00
0.000000000000000000e+00
4.989999999999999858e+01
2.000000000000000000e+00
7.099999999999999645e+00
0.000000000000000000e+00
0.000000000000000000e+00
2.319999999999999929e+01
2.900000000000000000e+01
0.000000000000000000e+00
0.000000000000000000e+00
0.000000000000000000e+00
0.000000000000000000e+00
1.780000000000000071e+01
1.319999999999999929e+01
0.000000000000000000e+00
0.000000000000000000e+00
8.000000000000000000e+00
3.450000000000000000e+01
0.000000000000000000e+00
2.269999999999999929e+01
0.000000000000000000e+00
2.519999999999999929e+01
3.210000000000000142e+01
0.000000000000000000e+00
0.000000000000000000e+00
2.200000000000000000e+01
1.300000000000000044e+00
3.650000000000000000e+01
0.000000000000000000e+00
4.000000000000000000e+00
1.960000000000000142e+01
1.800000000000000044e+00
6.599999999999999645e+00
3.110000000000000142e+01
2.719999999999999929e+01
0.000000000000000000e+00
4.029999999999999716e+01
3.039999999999999858e+01
3.939999999999999858e+01
3.169999999999999929e+01
5.100000000000000000e+01
3.550000000000000000e+01
3.750000000000000000e+01
3.089999999999999858e+01
2.369999999999999929e+01
3.570000000000000284e+01
2.719999999999999929e+01
2.719999999999999929e+01
2.139999999999999858e+01
7.270000000000000284e+01
2.339999999999999858e+01
3.660000000000000142e+01
2.210000000000000142e+01
3.069999999999999929e+01
2.010000000000000142e+01
3.920000000000000284e+01
2.710000000000000142e+01
4.800000000000000000e+01
2.700000000000000000e+01
3.030000000000000071e+01
3.939999999999999858e+01
3.169999999999999929e+01
5.100000000000000000e+01
3.550000000000000000e+01
3.750000000000000000e+01
3.089999999999999858e+01
2.369999999999999929e+01
3.570000000000000284e+01
2.719999999999999929e+01
2.719999999999999929e+01
2.139999999999999858e+01
7.270000000000000284e+01
2.339999999999999858e+01
3.660000000000000142e+01
2.210000000000000142e+01
3.069999999999999929e+01
