1.000000000000000000e+01
1.889999999999999858e+01
1.080000000000000071e+01
2.930000000000000071e+01
2.930000000000000071e+01
5.350000000000000000e+01
3.010000000000000142e+01
3.760000000000000142e+01
2.489999999999999858e+01
2.230000000000000071e+01
3.760000000000000142e+01
2.489999999999999858e+01
2.910000000000000142e+01
2.969999999999999929e+01
4.089999999999999858e+01
3.210000000000000142e+01
3.220000000000000284e+01
2.439999999999999858e+01
3.529999999999999716e+01
3.169999999999999929e+01
3.570000000000000284e+01
2.819999999999999929e+01
2.280000000000000071e+01
2.580000000000000071e+01
3.620000000000000284e+01
3.570000000000000284e+01
2.819999999999999929e+01
2.280000000000000071e+01
