3.180000000000000071e+01
3.800000000000000000e+01
2.600000000000000000e+01
5.400000000000000355e+00
5.799999999999999822e+00
6.200000000000000178e+00
6.299999999999999822e+00
3.429999999999999716e+01
6.200000000000000178e+00
6.479999999999999716e+01
8.300000000000000711e+00
3.689999999999999858e+01
6.299999999999999822e+00
6.200000000000000178e+00
1.710000000000000142e+01
9.300000000000000711e+00
4.579999999999999716e+01
3.429999999999999716e+01
6.479999999999999716e+01
3.689999999999999858e+01
4.579999999999999716e+01
3.839999999999999858e+01
4.010000000000000142e+01
1.710000000000000142e+01
3.839999999999999858e+01
1.850000000000000000e+01
4.010000000000000142e+01
1.450000000000000000e+01
2.810000000000000142e+01
2.589999999999999858e+01
