4.439999999999999858e+01
3.529999999999999716e+01
6.370000000000000284e+01
2.169999999999999929e+01
3.360000000000000142e+01
5.189999999999999858e+01
3.700000000000000000e+01
2.050000000000000000e+01
6.039999999999999858e+01
2.069999999999999929e+01
4.070000000000000284e+01
1.530000000000000071e+01
5.850000000000000000e+01
4.070000000000000284e+01
5.850000000000000000e+01
2.519999999999999929e+01
4.320000000000000284e+01
4.600000000000000000e+01
4.470000000000000284e+01
2.600000000000000000e+01
5.700000000000000000e+01
2.169999999999999929e+01
4.389999999999999858e+01
3.700000000000000000e+01
3.389999999999999858e+01
4.129999999999999716e+01
4.370000000000000284e+01
2.289999999999999858e+01
4.389999999999999858e+01
3.700000000000000000e+01
