3.620000000000000284e+01
5.579999999999999716e+01
3.479999999999999716e+01
1.459999999999999964e+01
2.989999999999999858e+01
8.129999999999999716e+01
3.030000000000000071e+01
3.400000000000000000e+01
2.760000000000000142e+01
3.589999999999999858e+01
3.030000000000000071e+01
3.400000000000000000e+01
2.760000000000000142e+01
3.589999999999999858e+01
4.200000000000000000e+01
2.880000000000000071e+01
3.489999999999999858e+01
3.750000000000000000e+01
2.269999999999999929e+01
5.789999999999999858e+01
7.640000000000000568e+01
2.630000000000000071e+01
2.669999999999999929e+01
3.130000000000000071e+01
3.579999999999999716e+01
6.389999999999999858e+01
3.829999999999999716e+01
2.319999999999999929e+01
4.120000000000000284e+01
3.210000000000000142e+01
4.120000000000000284e+01
2.850000000000000000e+01
6.029999999999999716e+01
3.069999999999999929e+01
3.119999999999999929e+01
3.670000000000000284e+01
3.550000000000000000e+01
2.019999999999999929e+01
3.300000000000000000e+01
2.319999999999999929e+01
4.250000000000000000e+01
2.439999999999999858e+01
4.229999999999999716e+01
3.030000000000000071e+01
3.400000000000000000e+01
2.760000000000000142e+01
3.589999999999999858e+01
4.200000000000000000e+01
2.880000000000000071e+01
3.489999999999999858e+01
3.750000000000000000e+01
2.269999999999999929e+01
5.789999999999999858e+01
7.640000000000000568e+01
2.669999999999999929e+01
3.130000000000000071e+01
3.579999999999999716e+01
6.389999999999999858e+01
3.829999999999999716e+01
2.319999999999999929e+01
4.120000000000000284e+01
3.210000000000000142e+01
4.120000000000000284e+01
2.850000000000000000e+01
6.029999999999999716e+01
3.069999999999999929e+01
3.119999999999999929e+01
3.670000000000000284e+01
3.550000000000000000e+01
2.019999999999999929e+01
3.300000000000000000e+01
2.319999999999999929e+01
4.250000000000000000e+01
2.439999999999999858e+01
4.229999999999999716e+01
3.030000000000000071e+01
3.400000000000000000e+01
2.760000000000000142e+01
3.589999999999999858e+01
2.880000000000000071e+01
3.489999999999999858e+01
3.750000000000000000e+01
2.269999999999999929e+01
5.789999999999999858e+01
7.640000000000000568e+01
2.669999999999999929e+01
3.579999999999999716e+01
6.389999999999999858e+01
3.829999999999999716e+01
2.319999999999999929e+01
4.120000000000000284e+01
3.210000000000000142e+01
3.030000000000000071e+01
3.400000000000000000e+01
2.760000000000000142e+01
3.589999999999999858e+01
2.880000000000000071e+01
3.489999999999999858e+01
3.750000000000000000e+01
2.269999999999999929e+01
5.789999999999999858e+01
7.640000000000000568e+01
2.669999999999999929e+01
3.579999999999999716e+01
