7.509999999999999432e+01
1.780000000000000071e+01
3.160000000000000142e+01
7.159999999999999432e+01
3.710000000000000142e+01
2.389999999999999858e+01
3.729999999999999716e+01
3.779999999999999716e+01
3.729999999999999716e+01
3.779999999999999716e+01
2.660000000000000142e+01
2.950000000000000000e+01
5.900000000000000000e+01
3.910000000000000142e+01
2.200000000000000000e+01
2.060000000000000142e+01
3.000000000000000000e+01
2.519999999999999929e+01
4.570000000000000284e+01
6.540000000000000568e+01
5.220000000000000284e+01
2.060000000000000142e+01
3.000000000000000000e+01
