3.520000000000000284e+01
4.200000000000000000e+01
3.050000000000000000e+01
2.250000000000000000e+01
2.250000000000000000e+01
2.810000000000000142e+01
5.610000000000000142e+01
2.130000000000000071e+01
4.820000000000000284e+01
2.989999999999999858e+01
4.179999999999999716e+01
2.250000000000000000e+01
2.810000000000000142e+01
5.610000000000000142e+01
2.130000000000000071e+01
4.820000000000000284e+01
2.989999999999999858e+01
4.179999999999999716e+01
2.250000000000000000e+01
2.810000000000000142e+01
5.610000000000000142e+01
2.130000000000000071e+01
4.820000000000000284e+01
2.250000000000000000e+01
2.810000000000000142e+01
