1.769999999999999929e+01
1.889999999999999858e+01
3.550000000000000000e+01
1.540000000000000036e+01
2.530000000000000071e+01
1.480000000000000071e+01
2.450000000000000000e+01
4.170000000000000284e+01
4.520000000000000284e+01
4.170000000000000284e+01
4.520000000000000284e+01
1.869999999999999929e+01
0.000000000000000000e+00
0.000000000000000000e+00
0.000000000000000000e+00
1.380000000000000071e+01
4.150000000000000000e+01
3.850000000000000000e+01
2.469999999999999929e+01
3.389999999999999858e+01
2.810000000000000142e+01
3.539999999999999858e+01
