4.439999999999999858e+01
2.460000000000000142e+01
2.269999999999999929e+01
3.660000000000000142e+01
2.269999999999999929e+01
2.180000000000000071e+01
1.660000000000000142e+01
1.350000000000000000e+01
7.799999999999999822e+00
3.620000000000000284e+01
3.510000000000000142e+01
4.910000000000000142e+01
7.599999999999999645e+00
3.069999999999999929e+01
3.130000000000000071e+01
2.080000000000000071e+01
0.000000000000000000e+00
0.000000000000000000e+00
0.000000000000000000e+00
0.000000000000000000e+00
0.000000000000000000e+00
5.999999999999999778e-01
0.000000000000000000e+00
0.000000000000000000e+00
1.480000000000000071e+01
1.989999999999999858e+01
1.369999999999999929e+01
3.720000000000000284e+01
1.319999999999999929e+01
2.760000000000000142e+01
2.210000000000000142e+01
2.039999999999999858e+01
1.850000000000000000e+01
4.689999999999999858e+01
2.210000000000000142e+01
4.839999999999999858e+01
