1.889999999999999858e+01
2.800000000000000000e+01
2.739999999999999858e+01
3.860000000000000142e+01
3.180000000000000071e+01
2.760000000000000142e+01
1.810000000000000142e+01
2.119999999999999929e+01
3.089999999999999858e+01
3.529999999999999716e+01
5.339999999999999858e+01
3.800000000000000000e+01
1.869999999999999929e+01
3.529999999999999716e+01
5.339999999999999858e+01
3.800000000000000000e+01
2.750000000000000000e+01
2.650000000000000000e+01
4.100000000000000000e+01
4.100000000000000000e+01
4.029999999999999716e+01
6.139999999999999858e+01
4.260000000000000142e+01
4.010000000000000142e+01
3.050000000000000000e+01
3.250000000000000000e+01
4.260000000000000142e+01
3.789999999999999858e+01
2.350000000000000000e+01
2.280000000000000071e+01
3.820000000000000284e+01
3.570000000000000284e+01
2.819999999999999929e+01
2.169999999999999929e+01
3.080000000000000071e+01
2.330000000000000071e+01
2.180000000000000071e+01
6.470000000000000284e+01
5.850000000000000000e+01
2.930000000000000071e+01
3.189999999999999858e+01
3.169999999999999929e+01
3.279999999999999716e+01
3.180000000000000071e+01
2.710000000000000142e+01
0.000000000000000000e+00
0.000000000000000000e+00
0.000000000000000000e+00
4.610000000000000142e+01
2.919999999999999929e+01
5.400000000000000355e+00
0.000000000000000000e+00
3.300000000000000000e+01
0.000000000000000000e+00
4.000000000000000222e-01
5.200000000000000178e+00
0.000000000000000000e+00
2.339999999999999858e+01
0.000000000000000000e+00
0.000000000000000000e+00
4.150000000000000000e+01
2.930000000000000071e+01
0.000000000000000000e+00
0.000000000000000000e+00
0.000000000000000000e+00
1.150000000000000000e+01
5.539999999999999858e+01
0.000000000000000000e+00
2.830000000000000071e+01
0.000000000000000000e+00
6.020000000000000284e+01
0.000000000000000000e+00
3.529999999999999716e+01
5.339999999999999858e+01
3.800000000000000000e+01
2.750000000000000000e+01
2.650000000000000000e+01
4.100000000000000000e+01
4.100000000000000000e+01
4.029999999999999716e+01
6.139999999999999858e+01
4.260000000000000142e+01
4.010000000000000142e+01
3.050000000000000000e+01
3.250000000000000000e+01
4.260000000000000142e+01
3.789999999999999858e+01
2.350000000000000000e+01
2.280000000000000071e+01
3.570000000000000284e+01
2.819999999999999929e+01
2.169999999999999929e+01
3.080000000000000071e+01
2.180000000000000071e+01
6.470000000000000284e+01
5.850000000000000000e+01
3.529999999999999716e+01
5.339999999999999858e+01
3.800000000000000000e+01
2.750000000000000000e+01
2.650000000000000000e+01
4.100000000000000000e+01
4.100000000000000000e+01
4.029999999999999716e+01
6.139999999999999858e+01
4.260000000000000142e+01
4.010000000000000142e+01
3.050000000000000000e+01
3.250000000000000000e+01
4.260000000000000142e+01
3.789999999999999858e+01
2.350000000000000000e+01
2.280000000000000071e+01
