7.950000000000000000e+01
3.229999999999999716e+01
8.200000000000000000e+01
1.050000000000000000e+01
3.060000000000000142e+01
6.779999999999999716e+01
2.950000000000000000e+01
9.129999999999999716e+01
1.919999999999999929e+01
7.909999999999999432e+01
1.480000000000000071e+01
9.129999999999999716e+01
7.909999999999999432e+01
8.959999999999999432e+01
8.070000000000000284e+01
8.120000000000000284e+01
4.970000000000000284e+01
2.780000000000000071e+01
9.000000000000000000e+01
7.840000000000000568e+01
3.479999999999999716e+01
3.679999999999999716e+01
8.440000000000000568e+01
8.529999999999999716e+01
7.629999999999999716e+01
8.720000000000000284e+01
2.369999999999999929e+01
8.920000000000000284e+01
3.429999999999999716e+01
8.209999999999999432e+01
6.879999999999999716e+01
8.129999999999999716e+01
4.100000000000000000e+01
9.029999999999999716e+01
3.679999999999999716e+01
8.440000000000000568e+01
8.529999999999999716e+01
7.629999999999999716e+01
8.720000000000000284e+01
2.369999999999999929e+01
8.920000000000000284e+01
