3.010000000000000142e+01
2.880000000000000071e+01
7.279999999999999716e+01
2.719999999999999929e+01
4.720000000000000284e+01
2.360000000000000142e+01
2.800000000000000000e+01
5.789999999999999858e+01
3.239999999999999858e+01
5.639999999999999858e+01
3.810000000000000142e+01
2.589999999999999858e+01
2.719999999999999929e+01
4.720000000000000284e+01
2.360000000000000142e+01
2.800000000000000000e+01
5.789999999999999858e+01
3.239999999999999858e+01
5.639999999999999858e+01
3.810000000000000142e+01
2.589999999999999858e+01
2.719999999999999929e+01
4.720000000000000284e+01
2.360000000000000142e+01
2.800000000000000000e+01
5.789999999999999858e+01
2.719999999999999929e+01
4.720000000000000284e+01
2.360000000000000142e+01
