2.010000000000000142e+01
1.280000000000000071e+01
4.000000000000000000e+01
1.819999999999999929e+01
4.179999999999999716e+01
2.480000000000000071e+01
3.250000000000000000e+01
6.840000000000000568e+01
4.320000000000000284e+01
3.889999999999999858e+01
5.320000000000000284e+01
3.060000000000000142e+01
2.310000000000000142e+01
2.310000000000000142e+01
3.829999999999999716e+01
2.230000000000000071e+01
3.739999999999999858e+01
2.410000000000000142e+01
4.160000000000000142e+01
5.510000000000000142e+01
4.260000000000000142e+01
3.660000000000000142e+01
2.689999999999999858e+01
2.330000000000000071e+01
3.620000000000000284e+01
2.789999999999999858e+01
3.080000000000000071e+01
2.539999999999999858e+01
7.379999999999999716e+01
2.360000000000000142e+01
2.380000000000000071e+01
2.260000000000000142e+01
2.000000000000000000e+01
3.200000000000000000e+01
3.989999999999999858e+01
4.070000000000000284e+01
2.019999999999999929e+01
3.729999999999999716e+01
0.000000000000000000e+00
7.299999999999999822e+00
0.000000000000000000e+00
4.250000000000000000e+01
1.600000000000000089e+00
0.000000000000000000e+00
0.000000000000000000e+00
0.000000000000000000e+00
4.520000000000000284e+01
5.799999999999999822e+00
0.000000000000000000e+00
0.000000000000000000e+00
0.000000000000000000e+00
0.000000000000000000e+00
1.699999999999999956e+00
0.000000000000000000e+00
0.000000000000000000e+00
0.000000000000000000e+00
0.000000000000000000e+00
0.000000000000000000e+00
1.900000000000000000e+01
3.889999999999999858e+01
1.100000000000000089e+00
1.810000000000000142e+01
0.000000000000000000e+00
0.000000000000000000e+00
0.000000000000000000e+00
3.889999999999999858e+01
5.320000000000000284e+01
3.060000000000000142e+01
2.310000000000000142e+01
2.230000000000000071e+01
2.410000000000000142e+01
4.160000000000000142e+01
5.510000000000000142e+01
3.660000000000000142e+01
2.689999999999999858e+01
2.789999999999999858e+01
3.080000000000000071e+01
2.539999999999999858e+01
7.379999999999999716e+01
2.360000000000000142e+01
2.260000000000000142e+01
3.200000000000000000e+01
3.889999999999999858e+01
5.320000000000000284e+01
3.060000000000000142e+01
2.310000000000000142e+01
2.230000000000000071e+01
2.410000000000000142e+01
4.160000000000000142e+01
5.510000000000000142e+01
3.660000000000000142e+01
2.689999999999999858e+01
2.789999999999999858e+01
3.080000000000000071e+01
2.539999999999999858e+01
7.379999999999999716e+01
2.360000000000000142e+01
