3.670000000000000284e+01
2.689999999999999858e+01
3.360000000000000142e+01
1.910000000000000142e+01
1.409999999999999964e+01
2.830000000000000071e+01
2.230000000000000071e+01
1.919999999999999929e+01
8.500000000000000000e+00
6.200000000000000178e+00
5.099999999999999645e+00
2.230000000000000071e+01
1.919999999999999929e+01
3.529999999999999716e+01
1.250000000000000000e+01
3.910000000000000142e+01
3.299999999999999822e+00
0.000000000000000000e+00
0.000000000000000000e+00
0.000000000000000000e+00
0.000000000000000000e+00
1.190000000000000036e+01
2.439999999999999858e+01
4.610000000000000142e+01
3.570000000000000284e+01
2.619999999999999929e+01
3.329999999999999716e+01
3.250000000000000000e+01
3.150000000000000000e+01
3.110000000000000142e+01
3.130000000000000071e+01
2.880000000000000071e+01
