2.830000000000000071e+01
3.600000000000000000e+01
1.669999999999999929e+01
2.439999999999999858e+01
2.969999999999999929e+01
2.700000000000000000e+01
5.539999999999999858e+01
1.769999999999999929e+01
2.360000000000000142e+01
2.700000000000000000e+01
2.360000000000000142e+01
2.719999999999999929e+01
7.329999999999999716e+01
3.529999999999999716e+01
2.080000000000000071e+01
3.729999999999999716e+01
4.000000000000000000e+01
2.139999999999999858e+01
9.640000000000000568e+01
2.700000000000000000e+01
4.579999999999999716e+01
9.640000000000000568e+01
2.700000000000000000e+01
4.579999999999999716e+01
