4.339999999999999858e+01
2.619999999999999929e+01
1.769999999999999929e+01
3.429999999999999716e+01
3.660000000000000142e+01
3.720000000000000284e+01
1.590000000000000036e+01
1.169999999999999929e+01
3.139999999999999858e+01
1.380000000000000071e+01
8.400000000000000355e+00
7.599999999999999645e+00
7.299999999999999822e+00
7.599999999999999645e+00
1.380000000000000071e+01
3.200000000000000000e+01
2.519999999999999929e+01
2.280000000000000071e+01
2.230000000000000071e+01
2.519999999999999929e+01
1.190000000000000036e+01
2.280000000000000071e+01
2.230000000000000071e+01
5.789999999999999858e+01
6.360000000000000142e+01
