1.230000000000000071e+01
3.489999999999999858e+01
2.619999999999999929e+01
2.010000000000000142e+01
5.579999999999999716e+01
5.370000000000000284e+01
4.900000000000000000e+01
4.279999999999999716e+01
6.299999999999999822e+00
6.000000000000000000e+00
6.400000000000000355e+00
6.299999999999999822e+00
6.299999999999999822e+00
4.900000000000000000e+01
6.700000000000000178e+00
4.279999999999999716e+01
2.200000000000000000e+01
2.460000000000000142e+01
3.060000000000000142e+01
2.610000000000000142e+01
3.160000000000000142e+01
2.819999999999999929e+01
4.950000000000000000e+01
1.419999999999999929e+01
6.299999999999999822e+00
2.460000000000000142e+01
4.900000000000000000e+01
4.279999999999999716e+01
2.200000000000000000e+01
2.460000000000000142e+01
2.610000000000000142e+01
3.160000000000000142e+01
2.819999999999999929e+01
4.950000000000000000e+01
2.460000000000000142e+01
4.710000000000000142e+01
3.050000000000000000e+01
2.389999999999999858e+01
2.330000000000000071e+01
1.419999999999999929e+01
1.330000000000000071e+01
4.710000000000000142e+01
3.050000000000000000e+01
2.389999999999999858e+01
2.330000000000000071e+01
1.819999999999999929e+01
1.619999999999999929e+01
1.819999999999999929e+01
1.090000000000000036e+01
