2.989999999999999858e+01
2.180000000000000071e+01
2.819999999999999929e+01
1.040000000000000036e+01
2.300000000000000000e+01
2.169999999999999929e+01
2.180000000000000071e+01
1.850000000000000000e+01
8.400000000000000355e+00
7.700000000000000178e+00
9.900000000000000355e+00
6.700000000000000178e+00
5.400000000000000355e+00
5.200000000000000178e+00
9.099999999999999645e+00
7.099999999999999645e+00
6.000000000000000000e+00
2.180000000000000071e+01
1.850000000000000000e+01
3.379999999999999716e+01
5.099999999999999645e+00
8.500000000000000000e+00
3.019999999999999929e+01
6.500000000000000000e+00
7.099999999999999645e+00
0.000000000000000000e+00
0.000000000000000000e+00
0.000000000000000000e+00
0.000000000000000000e+00
0.000000000000000000e+00
0.000000000000000000e+00
0.000000000000000000e+00
0.000000000000000000e+00
0.000000000000000000e+00
0.000000000000000000e+00
0.000000000000000000e+00
0.000000000000000000e+00
0.000000000000000000e+00
0.000000000000000000e+00
0.000000000000000000e+00
0.000000000000000000e+00
0.000000000000000000e+00
0.000000000000000000e+00
0.000000000000000000e+00
0.000000000000000000e+00
0.000000000000000000e+00
1.500000000000000000e+01
2.110000000000000142e+01
2.200000000000000000e+01
2.780000000000000071e+01
3.739999999999999858e+01
2.780000000000000071e+01
2.910000000000000142e+01
2.169999999999999929e+01
2.119999999999999929e+01
1.780000000000000071e+01
1.590000000000000036e+01
2.630000000000000071e+01
5.079999999999999716e+01
2.219999999999999929e+01
3.800000000000000000e+01
3.500000000000000000e+01
