2.400000000000000000e+01
2.180000000000000071e+01
1.710000000000000142e+01
2.219999999999999929e+01
2.780000000000000071e+01
2.219999999999999929e+01
2.780000000000000071e+01
2.160000000000000142e+01
5.500000000000000000e+01
3.520000000000000284e+01
2.350000000000000000e+01
5.000000000000000000e+01
2.600000000000000000e+01
5.789999999999999858e+01
4.110000000000000142e+01
3.650000000000000000e+01
2.239999999999999858e+01
3.570000000000000284e+01
2.339999999999999858e+01
2.239999999999999858e+01
3.570000000000000284e+01
2.339999999999999858e+01
