2.700000000000000000e+01
2.100000000000000000e+01
2.310000000000000142e+01
2.500000000000000000e+01
3.150000000000000000e+01
3.030000000000000071e+01
4.110000000000000142e+01
1.669999999999999929e+01
4.729999999999999716e+01
3.329999999999999716e+01
1.580000000000000071e+01
2.230000000000000071e+01
2.369999999999999929e+01
4.620000000000000284e+01
5.239999999999999858e+01
2.619999999999999929e+01
2.350000000000000000e+01
3.180000000000000071e+01
1.230000000000000071e+01
4.639999999999999858e+01
3.650000000000000000e+01
3.370000000000000284e+01
1.880000000000000071e+01
2.989999999999999858e+01
3.370000000000000284e+01
2.989999999999999858e+01
4.000000000000000000e+01
2.350000000000000000e+01
2.969999999999999929e+01
2.039999999999999858e+01
2.139999999999999858e+01
3.470000000000000284e+01
3.570000000000000284e+01
2.850000000000000000e+01
6.679999999999999716e+01
2.300000000000000000e+01
3.429999999999999716e+01
5.289999999999999858e+01
3.770000000000000284e+01
2.910000000000000142e+01
4.570000000000000284e+01
3.779999999999999716e+01
2.669999999999999929e+01
2.200000000000000000e+01
2.169999999999999929e+01
2.800000000000000000e+01
2.669999999999999929e+01
2.850000000000000000e+01
3.320000000000000284e+01
2.589999999999999858e+01
2.969999999999999929e+01
3.770000000000000284e+01
2.569999999999999929e+01
2.119999999999999929e+01
4.550000000000000000e+01
4.160000000000000142e+01
2.350000000000000000e+01
3.400000000000000000e+01
3.039999999999999858e+01
3.379999999999999716e+01
2.160000000000000142e+01
3.489999999999999858e+01
3.229999999999999716e+01
4.710000000000000142e+01
2.910000000000000142e+01
4.779999999999999716e+01
2.400000000000000000e+01
3.860000000000000142e+01
2.430000000000000071e+01
4.339999999999999858e+01
2.489999999999999858e+01
2.789999999999999858e+01
2.719999999999999929e+01
0.000000000000000000e+00
5.299999999999999822e+00
0.000000000000000000e+00
8.000000000000000000e+00
3.479999999999999716e+01
0.000000000000000000e+00
0.000000000000000000e+00
0.000000000000000000e+00
0.000000000000000000e+00
2.299999999999999822e+00
0.000000000000000000e+00
0.000000000000000000e+00
0.000000000000000000e+00
2.400000000000000000e+01
3.700000000000000178e+00
5.000000000000000000e+01
0.000000000000000000e+00
0.000000000000000000e+00
0.000000000000000000e+00
0.000000000000000000e+00
0.000000000000000000e+00
0.000000000000000000e+00
5.700000000000000178e+00
0.000000000000000000e+00
0.000000000000000000e+00
0.000000000000000000e+00
0.000000000000000000e+00
0.000000000000000000e+00
0.000000000000000000e+00
2.700000000000000000e+01
0.000000000000000000e+00
2.710000000000000142e+01
0.000000000000000000e+00
6.200000000000000178e+00
0.000000000000000000e+00
2.050000000000000000e+01
0.000000000000000000e+00
2.519999999999999929e+01
0.000000000000000000e+00
3.489999999999999858e+01
3.100000000000000089e+00
2.000000000000000111e-01
0.000000000000000000e+00
1.819999999999999929e+01
3.370000000000000284e+01
4.000000000000000000e+01
2.969999999999999929e+01
2.039999999999999858e+01
2.139999999999999858e+01
3.570000000000000284e+01
2.850000000000000000e+01
6.679999999999999716e+01
5.289999999999999858e+01
2.669999999999999929e+01
2.119999999999999929e+01
4.550000000000000000e+01
4.160000000000000142e+01
2.910000000000000142e+01
2.400000000000000000e+01
3.860000000000000142e+01
2.430000000000000071e+01
4.339999999999999858e+01
2.489999999999999858e+01
3.370000000000000284e+01
4.000000000000000000e+01
2.969999999999999929e+01
2.039999999999999858e+01
2.139999999999999858e+01
3.570000000000000284e+01
2.850000000000000000e+01
6.679999999999999716e+01
5.289999999999999858e+01
2.669999999999999929e+01
