3.089999999999999858e+01
2.089999999999999858e+01
3.550000000000000000e+01
2.180000000000000071e+01
3.420000000000000284e+01
1.000000000000000000e+01
2.580000000000000071e+01
3.570000000000000284e+01
2.739999999999999858e+01
3.200000000000000000e+01
3.030000000000000071e+01
2.639999999999999858e+01
5.270000000000000284e+01
6.350000000000000000e+01
4.520000000000000284e+01
2.350000000000000000e+01
2.260000000000000142e+01
2.560000000000000142e+01
1.950000000000000000e+01
6.940000000000000568e+01
4.129999999999999716e+01
0.000000000000000000e+00
8.500000000000000000e+00
0.000000000000000000e+00
0.000000000000000000e+00
5.500000000000000000e+00
0.000000000000000000e+00
4.929999999999999716e+01
5.500000000000000000e+00
0.000000000000000000e+00
0.000000000000000000e+00
0.000000000000000000e+00
0.000000000000000000e+00
3.839999999999999858e+01
3.169999999999999929e+01
0.000000000000000000e+00
0.000000000000000000e+00
8.500000000000000000e+00
2.580000000000000071e+01
3.570000000000000284e+01
2.739999999999999858e+01
3.200000000000000000e+01
3.030000000000000071e+01
2.639999999999999858e+01
6.350000000000000000e+01
4.520000000000000284e+01
2.350000000000000000e+01
2.260000000000000142e+01
2.580000000000000071e+01
3.570000000000000284e+01
2.739999999999999858e+01
3.200000000000000000e+01
3.030000000000000071e+01
2.639999999999999858e+01
6.350000000000000000e+01
