1.680000000000000071e+01
4.929999999999999716e+01
1.769999999999999929e+01
3.870000000000000284e+01
1.300000000000000000e+01
5.370000000000000284e+01
8.599999999999999645e+00
9.000000000000000000e+00
7.799999999999999822e+00
5.400000000000000355e+00
6.400000000000000355e+00
3.870000000000000284e+01
1.300000000000000000e+01
5.370000000000000284e+01
2.930000000000000071e+01
0.000000000000000000e+00
0.000000000000000000e+00
0.000000000000000000e+00
0.000000000000000000e+00
6.999999999999999556e-01
0.000000000000000000e+00
0.000000000000000000e+00
1.290000000000000036e+01
1.090000000000000036e+01
1.730000000000000071e+01
2.150000000000000000e+01
3.610000000000000142e+01
3.920000000000000284e+01
1.760000000000000142e+01
3.220000000000000284e+01
1.569999999999999929e+01
