3.379999999999999716e+01
2.989999999999999858e+01
6.400000000000000355e+00
6.400000000000000355e+00
2.400000000000000000e+01
2.000000000000000000e+01
1.610000000000000142e+01
2.400000000000000000e+01
2.000000000000000000e+01
3.650000000000000000e+01
4.339999999999999858e+01
4.410000000000000142e+01
3.160000000000000142e+01
1.610000000000000142e+01
3.650000000000000000e+01
4.339999999999999858e+01
4.410000000000000142e+01
3.160000000000000142e+01
1.689999999999999858e+01
4.410000000000000142e+01
