3.689999999999999858e+01
3.130000000000000071e+01
1.140000000000000036e+01
1.830000000000000071e+01
3.100000000000000000e+01
4.289999999999999858e+01
3.420000000000000284e+01
3.150000000000000000e+01
3.960000000000000142e+01
3.450000000000000000e+01
2.710000000000000142e+01
3.429999999999999716e+01
3.429999999999999716e+01
3.260000000000000142e+01
2.480000000000000071e+01
2.480000000000000071e+01
3.610000000000000142e+01
2.689999999999999858e+01
2.919999999999999929e+01
3.979999999999999716e+01
4.229999999999999716e+01
3.420000000000000284e+01
5.160000000000000142e+01
3.520000000000000284e+01
3.429999999999999716e+01
3.279999999999999716e+01
3.239999999999999858e+01
2.239999999999999858e+01
3.520000000000000284e+01
3.429999999999999716e+01
3.279999999999999716e+01
