5.200000000000000000e+01
3.069999999999999929e+01
1.800000000000000000e+01
3.100000000000000000e+01
5.000000000000000000e+00
7.299999999999999822e+00
6.099999999999999645e+00
6.500000000000000000e+00
3.100000000000000000e+01
2.669999999999999929e+01
1.109999999999999964e+01
3.379999999999999716e+01
4.089999999999999858e+01
1.830000000000000071e+01
2.939999999999999858e+01
2.189999999999999858e+01
2.339999999999999858e+01
6.170000000000000284e+01
8.199999999999999289e+00
2.960000000000000142e+01
3.229999999999999716e+01
3.100000000000000000e+01
2.669999999999999929e+01
3.379999999999999716e+01
4.089999999999999858e+01
2.939999999999999858e+01
2.189999999999999858e+01
2.339999999999999858e+01
6.170000000000000284e+01
2.960000000000000142e+01
3.229999999999999716e+01
2.680000000000000071e+01
2.610000000000000142e+01
4.389999999999999858e+01
1.109999999999999964e+01
1.830000000000000071e+01
1.119999999999999929e+01
2.610000000000000142e+01
4.389999999999999858e+01
2.189999999999999858e+01
1.500000000000000000e+01
1.150000000000000000e+01
