3.789999999999999858e+01
4.810000000000000142e+01
1.769999999999999929e+01
3.060000000000000142e+01
3.500000000000000000e+01
6.200000000000000178e+00
8.500000000000000000e+00
6.799999999999999822e+00
6.200000000000000178e+00
3.060000000000000142e+01
3.500000000000000000e+01
4.089999999999999858e+01
6.200000000000000178e+00
2.369999999999999929e+01
2.330000000000000071e+01
2.339999999999999858e+01
5.799999999999999822e+00
5.000000000000000000e+00
5.099999999999999645e+00
3.060000000000000142e+01
3.500000000000000000e+01
4.089999999999999858e+01
2.369999999999999929e+01
2.330000000000000071e+01
2.339999999999999858e+01
7.000000000000000000e+01
2.439999999999999858e+01
2.180000000000000071e+01
3.639999999999999858e+01
2.439999999999999858e+01
2.180000000000000071e+01
3.639999999999999858e+01
2.180000000000000071e+01
3.639999999999999858e+01
