5.400000000000000000e+01
3.420000000000000284e+01
4.150000000000000000e+01
1.350000000000000000e+01
3.119999999999999929e+01
3.100000000000000000e+01
1.780000000000000071e+01
2.580000000000000071e+01
4.150000000000000000e+01
5.189999999999999858e+01
3.339999999999999858e+01
3.150000000000000000e+01
2.810000000000000142e+01
2.400000000000000000e+01
3.560000000000000142e+01
2.400000000000000000e+01
2.810000000000000142e+01
4.150000000000000000e+01
5.189999999999999858e+01
3.339999999999999858e+01
3.150000000000000000e+01
2.810000000000000142e+01
2.400000000000000000e+01
3.560000000000000142e+01
2.400000000000000000e+01
2.810000000000000142e+01
4.150000000000000000e+01
4.150000000000000000e+01
