2.989999999999999858e+01
1.880000000000000071e+01
4.079999999999999716e+01
2.430000000000000071e+01
1.639999999999999858e+01
3.629999999999999716e+01
1.119999999999999929e+01
3.589999999999999858e+01
5.120000000000000284e+01
5.599999999999999645e+00
5.200000000000000178e+00
3.589999999999999858e+01
5.120000000000000284e+01
8.900000000000000000e+01
2.300000000000000000e+01
8.000000000000000000e+00
0.000000000000000000e+00
2.150000000000000000e+01
6.609999999999999432e+01
3.229999999999999716e+01
1.269999999999999929e+01
1.180000000000000071e+01
3.389999999999999858e+01
2.719999999999999929e+01
