2.280000000000000071e+01
2.919999999999999929e+01
1.760000000000000142e+01
4.660000000000000142e+01
2.600000000000000000e+01
2.839999999999999858e+01
3.210000000000000142e+01
3.089999999999999858e+01
2.769999999999999929e+01
2.639999999999999858e+01
1.350000000000000000e+01
3.039999999999999858e+01
3.789999999999999858e+01
3.169999999999999929e+01
3.979999999999999716e+01
4.139999999999999858e+01
2.519999999999999929e+01
1.739999999999999858e+01
2.519999999999999929e+01
2.939999999999999858e+01
3.550000000000000000e+01
2.339999999999999858e+01
2.160000000000000142e+01
4.039999999999999858e+01
2.800000000000000000e+01
3.160000000000000142e+01
3.039999999999999858e+01
2.669999999999999929e+01
4.200000000000000000e+01
3.860000000000000142e+01
2.280000000000000071e+01
2.839999999999999858e+01
9.920000000000000284e+01
3.189999999999999858e+01
3.010000000000000142e+01
2.319999999999999929e+01
2.780000000000000071e+01
3.460000000000000142e+01
3.470000000000000284e+01
3.789999999999999858e+01
2.200000000000000000e+01
4.510000000000000142e+01
2.939999999999999858e+01
4.000000000000000000e+01
2.280000000000000071e+01
2.839999999999999858e+01
9.920000000000000284e+01
3.189999999999999858e+01
3.010000000000000142e+01
2.319999999999999929e+01
3.860000000000000142e+01
