3.279999999999999716e+01
1.789999999999999858e+01
7.740000000000000568e+01
4.139999999999999858e+01
4.100000000000000000e+01
2.519999999999999929e+01
2.550000000000000000e+01
4.710000000000000142e+01
2.730000000000000071e+01
3.629999999999999716e+01
4.139999999999999858e+01
4.100000000000000000e+01
2.519999999999999929e+01
2.550000000000000000e+01
4.710000000000000142e+01
2.730000000000000071e+01
3.629999999999999716e+01
4.510000000000000142e+01
4.100000000000000000e+01
4.510000000000000142e+01
4.100000000000000000e+01
