3.030000000000000071e+01
4.160000000000000142e+01
3.189999999999999858e+01
4.089999999999999858e+01
3.000000000000000000e+01
6.279999999999999716e+01
5.739999999999999858e+01
2.980000000000000071e+01
6.640000000000000568e+01
1.380000000000000071e+01
7.000000000000000000e+01
2.130000000000000071e+01
2.439999999999999858e+01
4.379999999999999716e+01
3.460000000000000142e+01
5.500000000000000000e+01
4.250000000000000000e+01
3.800000000000000000e+01
3.539999999999999858e+01
4.120000000000000284e+01
4.510000000000000142e+01
2.139999999999999858e+01
6.970000000000000284e+01
2.700000000000000000e+01
4.710000000000000142e+01
4.120000000000000284e+01
4.510000000000000142e+01
2.139999999999999858e+01
6.970000000000000284e+01
3.539999999999999858e+01
