3.439999999999999858e+01
1.910000000000000142e+01
3.910000000000000142e+01
5.250000000000000000e+01
3.510000000000000142e+01
3.510000000000000142e+01
4.600000000000000000e+01
3.950000000000000000e+01
2.439999999999999858e+01
4.620000000000000284e+01
3.060000000000000142e+01
5.750000000000000000e+01
5.760000000000000142e+01
3.039999999999999858e+01
3.629999999999999716e+01
3.579999999999999716e+01
3.010000000000000142e+01
5.220000000000000284e+01
3.510000000000000142e+01
4.600000000000000000e+01
3.950000000000000000e+01
2.439999999999999858e+01
4.620000000000000284e+01
3.060000000000000142e+01
5.750000000000000000e+01
5.760000000000000142e+01
3.039999999999999858e+01
3.629999999999999716e+01
3.579999999999999716e+01
3.010000000000000142e+01
5.220000000000000284e+01
3.510000000000000142e+01
2.439999999999999858e+01
4.620000000000000284e+01
3.060000000000000142e+01
5.750000000000000000e+01
3.510000000000000142e+01
2.439999999999999858e+01
4.620000000000000284e+01
3.060000000000000142e+01
