3.089999999999999858e+01
4.229999999999999716e+01
4.120000000000000284e+01
2.430000000000000071e+01
3.289999999999999858e+01
6.299999999999999822e+00
6.299999999999999822e+00
5.900000000000000355e+00
1.630000000000000071e+01
9.000000000000000222e-01
0.000000000000000000e+00
0.000000000000000000e+00
0.000000000000000000e+00
0.000000000000000000e+00
0.000000000000000000e+00
0.000000000000000000e+00
1.380000000000000071e+01
3.260000000000000142e+01
1.650000000000000000e+01
2.280000000000000071e+01
3.650000000000000000e+01
3.110000000000000142e+01
3.860000000000000142e+01
