5.679999999999999716e+01
4.089999999999999858e+01
2.169999999999999929e+01
3.729999999999999716e+01
3.729999999999999716e+01
4.670000000000000284e+01
8.159999999999999432e+01
4.310000000000000142e+01
3.239999999999999858e+01
3.589999999999999858e+01
3.329999999999999716e+01
3.960000000000000142e+01
2.739999999999999858e+01
7.870000000000000284e+01
2.039999999999999858e+01
2.830000000000000071e+01
0.000000000000000000e+00
5.799999999999999822e+00
0.000000000000000000e+00
5.799999999999999822e+00
5.799999999999999822e+00
4.189999999999999858e+01
1.209999999999999964e+01
0.000000000000000000e+00
0.000000000000000000e+00
3.610000000000000142e+01
0.000000000000000000e+00
3.500000000000000000e+00
3.350000000000000000e+01
9.400000000000000355e+00
3.620000000000000284e+01
3.729999999999999716e+01
4.670000000000000284e+01
8.159999999999999432e+01
4.310000000000000142e+01
3.239999999999999858e+01
3.589999999999999858e+01
3.329999999999999716e+01
3.960000000000000142e+01
2.739999999999999858e+01
7.870000000000000284e+01
2.039999999999999858e+01
3.729999999999999716e+01
4.670000000000000284e+01
8.159999999999999432e+01
