1.430000000000000071e+01
5.210000000000000142e+01
3.210000000000000142e+01
1.839999999999999858e+01
3.920000000000000284e+01
3.060000000000000142e+01
3.200000000000000000e+01
2.850000000000000000e+01
4.710000000000000142e+01
2.850000000000000000e+01
4.710000000000000142e+01
3.110000000000000142e+01
2.650000000000000000e+01
2.430000000000000071e+01
3.650000000000000000e+01
2.130000000000000071e+01
2.989999999999999858e+01
3.239999999999999858e+01
3.879999999999999716e+01
3.670000000000000284e+01
3.400000000000000000e+01
2.919999999999999929e+01
3.429999999999999716e+01
3.650000000000000000e+01
2.130000000000000071e+01
2.989999999999999858e+01
3.239999999999999858e+01
3.879999999999999716e+01
3.670000000000000284e+01
