3.370000000000000284e+01
4.210000000000000142e+01
2.669999999999999929e+01
2.339999999999999858e+01
2.169999999999999929e+01
3.600000000000000000e+01
3.080000000000000071e+01
3.160000000000000142e+01
7.900000000000000000e+01
3.160000000000000142e+01
7.900000000000000000e+01
2.250000000000000000e+01
3.920000000000000284e+01
3.210000000000000142e+01
3.460000000000000142e+01
2.130000000000000071e+01
3.470000000000000284e+01
2.810000000000000142e+01
2.330000000000000071e+01
4.089999999999999858e+01
2.960000000000000142e+01
2.210000000000000142e+01
3.789999999999999858e+01
3.660000000000000142e+01
3.500000000000000000e+01
4.889999999999999858e+01
2.330000000000000071e+01
4.089999999999999858e+01
2.960000000000000142e+01
2.210000000000000142e+01
