5.320000000000000284e+01
2.980000000000000071e+01
4.270000000000000284e+01
3.589999999999999858e+01
3.050000000000000000e+01
6.299999999999999822e+00
6.299999999999999822e+00
5.400000000000000355e+00
6.299999999999999822e+00
3.589999999999999858e+01
3.050000000000000000e+01
4.800000000000000000e+01
6.400000000000000355e+00
1.810000000000000142e+01
2.980000000000000071e+01
2.010000000000000142e+01
1.939999999999999858e+01
8.300000000000000711e+00
6.400000000000000355e+00
3.589999999999999858e+01
3.050000000000000000e+01
4.800000000000000000e+01
2.980000000000000071e+01
2.010000000000000142e+01
2.319999999999999929e+01
3.760000000000000142e+01
1.810000000000000142e+01
1.939999999999999858e+01
2.319999999999999929e+01
3.760000000000000142e+01
3.829999999999999716e+01
1.069999999999999929e+01
3.069999999999999929e+01
