4.489999999999999858e+01
3.810000000000000142e+01
2.919999999999999929e+01
3.389999999999999858e+01
2.850000000000000000e+01
3.389999999999999858e+01
1.259999999999999964e+01
7.200000000000000178e+00
9.800000000000000711e+00
1.259999999999999964e+01
3.410000000000000142e+01
3.410000000000000142e+01
2.210000000000000142e+01
2.180000000000000071e+01
2.339999999999999858e+01
4.250000000000000000e+01
3.829999999999999716e+01
3.189999999999999858e+01
3.229999999999999716e+01
6.329999999999999716e+01
1.340000000000000036e+01
1.780000000000000071e+01
4.250000000000000000e+01
1.969999999999999929e+01
3.829999999999999716e+01
3.189999999999999858e+01
3.229999999999999716e+01
6.329999999999999716e+01
3.370000000000000284e+01
3.770000000000000284e+01
4.779999999999999716e+01
