1.669999999999999929e+01
3.729999999999999716e+01
9.640000000000000568e+01
3.119999999999999929e+01
5.700000000000000000e+01
1.939999999999999858e+01
2.080000000000000071e+01
2.080000000000000071e+01
2.300000000000000000e+01
2.800000000000000000e+01
3.900000000000000000e+01
2.639999999999999858e+01
3.910000000000000142e+01
4.810000000000000142e+01
0.000000000000000000e+00
0.000000000000000000e+00
0.000000000000000000e+00
0.000000000000000000e+00
0.000000000000000000e+00
0.000000000000000000e+00
0.000000000000000000e+00
0.000000000000000000e+00
0.000000000000000000e+00
0.000000000000000000e+00
0.000000000000000000e+00
0.000000000000000000e+00
0.000000000000000000e+00
0.000000000000000000e+00
0.000000000000000000e+00
0.000000000000000000e+00
2.080000000000000071e+01
2.300000000000000000e+01
2.800000000000000000e+01
3.900000000000000000e+01
2.639999999999999858e+01
3.910000000000000142e+01
2.080000000000000071e+01
2.300000000000000000e+01
2.800000000000000000e+01
3.900000000000000000e+01
