2.139999999999999858e+01
2.469999999999999929e+01
3.679999999999999716e+01
1.569999999999999929e+01
1.819999999999999929e+01
2.960000000000000142e+01
2.960000000000000142e+01
2.800000000000000000e+01
2.700000000000000000e+01
3.539999999999999858e+01
2.950000000000000000e+01
2.939999999999999858e+01
8.300000000000000711e+00
0.000000000000000000e+00
1.330000000000000071e+01
2.000000000000000111e-01
0.000000000000000000e+00
0.000000000000000000e+00
0.000000000000000000e+00
3.069999999999999929e+01
5.360000000000000142e+01
0.000000000000000000e+00
4.260000000000000142e+01
2.960000000000000142e+01
2.800000000000000000e+01
2.700000000000000000e+01
3.539999999999999858e+01
2.950000000000000000e+01
2.939999999999999858e+01
2.960000000000000142e+01
2.800000000000000000e+01
2.700000000000000000e+01
