3.550000000000000000e+01
4.129999999999999716e+01
1.430000000000000071e+01
2.830000000000000071e+01
3.810000000000000142e+01
2.560000000000000142e+01
4.210000000000000142e+01
2.560000000000000142e+01
4.210000000000000142e+01
2.680000000000000071e+01
3.220000000000000284e+01
4.810000000000000142e+01
2.800000000000000000e+01
2.560000000000000142e+01
4.210000000000000142e+01
2.680000000000000071e+01
3.220000000000000284e+01
4.810000000000000142e+01
2.800000000000000000e+01
4.229999999999999716e+01
2.560000000000000142e+01
4.210000000000000142e+01
2.680000000000000071e+01
3.220000000000000284e+01
4.810000000000000142e+01
2.800000000000000000e+01
2.560000000000000142e+01
4.210000000000000142e+01
2.680000000000000071e+01
