1.650000000000000000e+01
7.599999999999999645e+00
9.699999999999999289e+00
8.900000000000000355e+00
1.650000000000000000e+01
3.200000000000000000e+01
4.629999999999999716e+01
5.720000000000000284e+01
4.839999999999999858e+01
2.339999999999999858e+01
3.329999999999999716e+01
7.270000000000000284e+01
5.720000000000000284e+01
4.839999999999999858e+01
2.339999999999999858e+01
1.059999999999999964e+01
3.329999999999999716e+01
7.270000000000000284e+01
1.030000000000000071e+01
1.430000000000000071e+01
