2.050000000000000000e+01
5.129999999999999716e+01
2.960000000000000142e+01
3.650000000000000000e+01
3.060000000000000142e+01
3.180000000000000071e+01
3.710000000000000142e+01
2.330000000000000071e+01
3.479999999999999716e+01
1.430000000000000071e+01
3.429999999999999716e+01
3.169999999999999929e+01
5.429999999999999716e+01
2.039999999999999858e+01
2.300000000000000000e+01
2.510000000000000142e+01
2.310000000000000142e+01
2.089999999999999858e+01
3.729999999999999716e+01
1.950000000000000000e+01
2.380000000000000071e+01
1.190000000000000036e+01
2.380000000000000071e+01
2.819999999999999929e+01
1.530000000000000071e+01
2.580000000000000071e+01
3.189999999999999858e+01
5.900000000000000355e+00
6.099999999999999645e+00
6.000000000000000000e+00
6.599999999999999645e+00
6.700000000000000178e+00
6.599999999999999645e+00
7.500000000000000000e+00
5.400000000000000355e+00
5.900000000000000355e+00
6.400000000000000355e+00
6.299999999999999822e+00
6.200000000000000178e+00
6.900000000000000355e+00
7.200000000000000178e+00
6.900000000000000355e+00
6.299999999999999822e+00
7.000000000000000000e+00
6.099999999999999645e+00
5.000000000000000000e+00
5.900000000000000355e+00
5.000000000000000000e+00
1.950000000000000000e+01
9.099999999999999645e+00
2.380000000000000071e+01
1.190000000000000036e+01
2.380000000000000071e+01
2.819999999999999929e+01
1.530000000000000071e+01
2.580000000000000071e+01
3.189999999999999858e+01
7.400000000000000355e+00
7.400000000000000355e+00
6.200000000000000178e+00
7.000000000000000000e+00
2.500000000000000000e+01
2.180000000000000071e+01
6.500000000000000000e+00
1.889999999999999858e+01
6.000000000000000000e+00
4.960000000000000142e+01
7.299999999999999822e+00
2.139999999999999858e+01
7.099999999999999645e+00
0.000000000000000000e+00
0.000000000000000000e+00
0.000000000000000000e+00
0.000000000000000000e+00
0.000000000000000000e+00
0.000000000000000000e+00
0.000000000000000000e+00
0.000000000000000000e+00
0.000000000000000000e+00
0.000000000000000000e+00
1.300000000000000044e+00
0.000000000000000000e+00
0.000000000000000000e+00
0.000000000000000000e+00
0.000000000000000000e+00
0.000000000000000000e+00
0.000000000000000000e+00
0.000000000000000000e+00
0.000000000000000000e+00
0.000000000000000000e+00
0.000000000000000000e+00
0.000000000000000000e+00
0.000000000000000000e+00
0.000000000000000000e+00
0.000000000000000000e+00
0.000000000000000000e+00
0.000000000000000000e+00
1.399999999999999911e+00
0.000000000000000000e+00
0.000000000000000000e+00
0.000000000000000000e+00
0.000000000000000000e+00
0.000000000000000000e+00
0.000000000000000000e+00
0.000000000000000000e+00
0.000000000000000000e+00
0.000000000000000000e+00
0.000000000000000000e+00
0.000000000000000000e+00
0.000000000000000000e+00
0.000000000000000000e+00
0.000000000000000000e+00
5.000000000000000000e-01
0.000000000000000000e+00
0.000000000000000000e+00
0.000000000000000000e+00
0.000000000000000000e+00
0.000000000000000000e+00
0.000000000000000000e+00
0.000000000000000000e+00
0.000000000000000000e+00
0.000000000000000000e+00
0.000000000000000000e+00
0.000000000000000000e+00
0.000000000000000000e+00
0.000000000000000000e+00
0.000000000000000000e+00
0.000000000000000000e+00
0.000000000000000000e+00
0.000000000000000000e+00
0.000000000000000000e+00
0.000000000000000000e+00
0.000000000000000000e+00
0.000000000000000000e+00
0.000000000000000000e+00
0.000000000000000000e+00
0.000000000000000000e+00
0.000000000000000000e+00
0.000000000000000000e+00
0.000000000000000000e+00
2.700000000000000178e+00
0.000000000000000000e+00
0.000000000000000000e+00
0.000000000000000000e+00
0.000000000000000000e+00
0.000000000000000000e+00
0.000000000000000000e+00
0.000000000000000000e+00
0.000000000000000000e+00
0.000000000000000000e+00
0.000000000000000000e+00
0.000000000000000000e+00
0.000000000000000000e+00
0.000000000000000000e+00
0.000000000000000000e+00
0.000000000000000000e+00
0.000000000000000000e+00
0.000000000000000000e+00
0.000000000000000000e+00
0.000000000000000000e+00
0.000000000000000000e+00
3.500000000000000000e+00
0.000000000000000000e+00
0.000000000000000000e+00
0.000000000000000000e+00
0.000000000000000000e+00
0.000000000000000000e+00
0.000000000000000000e+00
0.000000000000000000e+00
1.669999999999999929e+01
1.409999999999999964e+01
2.030000000000000071e+01
2.710000000000000142e+01
1.219999999999999929e+01
3.130000000000000071e+01
3.710000000000000142e+01
3.600000000000000000e+01
1.469999999999999929e+01
1.980000000000000071e+01
2.900000000000000000e+01
2.310000000000000142e+01
3.979999999999999716e+01
1.889999999999999858e+01
2.360000000000000142e+01
1.209999999999999964e+01
2.319999999999999929e+01
3.600000000000000000e+01
