1.650000000000000000e+01
7.679999999999999716e+01
2.469999999999999929e+01
1.240000000000000036e+01
1.469999999999999929e+01
2.539999999999999858e+01
2.450000000000000000e+01
3.350000000000000000e+01
1.730000000000000071e+01
4.039999999999999858e+01
8.590000000000000568e+01
2.950000000000000000e+01
2.439999999999999858e+01
4.370000000000000284e+01
4.060000000000000142e+01
3.910000000000000142e+01
1.500000000000000000e+01
3.010000000000000142e+01
3.460000000000000142e+01
3.460000000000000142e+01
2.300000000000000000e+01
2.930000000000000071e+01
2.519999999999999929e+01
4.020000000000000284e+01
4.139999999999999858e+01
2.300000000000000000e+01
7.520000000000000284e+01
5.000000000000000000e+01
3.089999999999999858e+01
3.460000000000000142e+01
2.569999999999999929e+01
2.719999999999999929e+01
2.130000000000000071e+01
2.969999999999999929e+01
4.079999999999999716e+01
8.229999999999999716e+01
2.519999999999999929e+01
5.289999999999999858e+01
3.220000000000000284e+01
3.770000000000000284e+01
3.019999999999999929e+01
3.100000000000000000e+01
4.110000000000000142e+01
2.010000000000000142e+01
2.280000000000000071e+01
4.079999999999999716e+01
8.229999999999999716e+01
2.519999999999999929e+01
5.289999999999999858e+01
3.220000000000000284e+01
3.770000000000000284e+01
