3.950000000000000000e+01
3.500000000000000000e+01
1.650000000000000000e+01
4.110000000000000142e+01
1.200000000000000000e+01
1.100000000000000000e+01
1.140000000000000036e+01
1.380000000000000071e+01
3.739999999999999858e+01
2.350000000000000000e+01
1.819999999999999929e+01
3.420000000000000284e+01
3.929999999999999716e+01
3.239999999999999858e+01
3.489999999999999858e+01
3.560000000000000142e+01
3.520000000000000284e+01
3.650000000000000000e+01
3.400000000000000000e+01
2.119999999999999929e+01
7.200000000000000178e+00
8.300000000000000711e+00
8.900000000000000355e+00
7.599999999999999645e+00
5.599999999999999645e+00
5.299999999999999822e+00
5.799999999999999822e+00
3.520000000000000284e+01
3.650000000000000000e+01
3.400000000000000000e+01
8.699999999999999289e+00
5.799999999999999822e+00
2.119999999999999929e+01
3.729999999999999716e+01
5.089999999999999858e+01
3.679999999999999716e+01
2.039999999999999858e+01
7.400000000000000355e+00
2.810000000000000142e+01
2.989999999999999858e+01
9.000000000000000000e+00
2.989999999999999858e+01
2.150000000000000000e+01
2.260000000000000142e+01
2.639999999999999858e+01
2.869999999999999929e+01
4.210000000000000142e+01
5.279999999999999716e+01
4.139999999999999858e+01
2.819999999999999929e+01
1.300000000000000000e+01
2.869999999999999929e+01
4.210000000000000142e+01
5.279999999999999716e+01
4.139999999999999858e+01
2.819999999999999929e+01
1.290000000000000036e+01
2.980000000000000071e+01
1.240000000000000036e+01
3.350000000000000000e+01
1.780000000000000071e+01
5.160000000000000142e+01
3.350000000000000000e+01
1.180000000000000071e+01
1.250000000000000000e+01
2.960000000000000142e+01
1.440000000000000036e+01
