2.569999999999999929e+01
6.020000000000000284e+01
2.660000000000000142e+01
2.939999999999999858e+01
3.089999999999999858e+01
2.810000000000000142e+01
1.300000000000000000e+01
5.479999999999999716e+01
2.219999999999999929e+01
9.699999999999999289e+00
7.299999999999999822e+00
5.099999999999999645e+00
7.000000000000000000e+00
5.479999999999999716e+01
2.219999999999999929e+01
3.089999999999999858e+01
4.879999999999999716e+01
4.660000000000000142e+01
4.589999999999999858e+01
0.000000000000000000e+00
0.000000000000000000e+00
0.000000000000000000e+00
0.000000000000000000e+00
0.000000000000000000e+00
0.000000000000000000e+00
0.000000000000000000e+00
0.000000000000000000e+00
0.000000000000000000e+00
0.000000000000000000e+00
0.000000000000000000e+00
1.000000000000000056e-01
0.000000000000000000e+00
0.000000000000000000e+00
0.000000000000000000e+00
0.000000000000000000e+00
0.000000000000000000e+00
0.000000000000000000e+00
0.000000000000000000e+00
0.000000000000000000e+00
1.590000000000000036e+01
1.960000000000000142e+01
1.369999999999999929e+01
2.730000000000000071e+01
1.259999999999999964e+01
2.200000000000000000e+01
2.060000000000000142e+01
3.489999999999999858e+01
2.000000000000000000e+01
2.280000000000000071e+01
