2.119999999999999929e+01
1.600000000000000000e+01
2.730000000000000071e+01
3.950000000000000000e+01
3.570000000000000284e+01
1.330000000000000071e+01
2.500000000000000000e+01
1.760000000000000142e+01
1.500000000000000000e+01
9.800000000000000711e+00
6.200000000000000178e+00
9.900000000000000355e+00
9.699999999999999289e+00
6.200000000000000178e+00
1.500000000000000000e+01
2.800000000000000000e+01
3.950000000000000000e+01
2.239999999999999858e+01
0.000000000000000000e+00
0.000000000000000000e+00
1.199999999999999956e+00
0.000000000000000000e+00
0.000000000000000000e+00
0.000000000000000000e+00
0.000000000000000000e+00
0.000000000000000000e+00
0.000000000000000000e+00
0.000000000000000000e+00
0.000000000000000000e+00
1.409999999999999964e+01
3.500000000000000000e+01
3.700000000000000000e+01
1.550000000000000000e+01
2.750000000000000000e+01
2.560000000000000142e+01
3.160000000000000142e+01
4.429999999999999716e+01
3.739999999999999858e+01
