5.860000000000000142e+01
3.500000000000000000e+01
1.150000000000000000e+01
4.300000000000000000e+01
3.100000000000000000e+01
8.509999999999999432e+01
2.460000000000000142e+01
3.920000000000000284e+01
1.850000000000000000e+01
1.800000000000000000e+01
2.230000000000000071e+01
2.069999999999999929e+01
3.080000000000000071e+01
3.520000000000000284e+01
6.299999999999999822e+00
7.400000000000000355e+00
5.599999999999999645e+00
6.500000000000000000e+00
6.000000000000000000e+00
8.199999999999999289e+00
1.800000000000000000e+01
6.700000000000000178e+00
2.230000000000000071e+01
8.300000000000000711e+00
2.069999999999999929e+01
3.080000000000000071e+01
7.799999999999999822e+00
3.520000000000000284e+01
1.800000000000000000e+01
1.800000000000000000e+01
1.989999999999999858e+01
2.289999999999999858e+01
1.340000000000000036e+01
4.079999999999999716e+01
6.799999999999999822e+00
3.239999999999999858e+01
3.479999999999999716e+01
3.139999999999999858e+01
8.699999999999999289e+00
2.889999999999999858e+01
2.460000000000000142e+01
1.340000000000000036e+01
4.720000000000000284e+01
8.300000000000000711e+00
7.400000000000000355e+00
3.960000000000000142e+01
8.150000000000000000e+01
2.230000000000000071e+01
2.069999999999999929e+01
3.080000000000000071e+01
3.520000000000000284e+01
2.289999999999999858e+01
4.079999999999999716e+01
3.239999999999999858e+01
3.479999999999999716e+01
3.139999999999999858e+01
2.889999999999999858e+01
2.460000000000000142e+01
4.720000000000000284e+01
3.960000000000000142e+01
8.150000000000000000e+01
2.489999999999999858e+01
4.410000000000000142e+01
4.929999999999999716e+01
4.120000000000000284e+01
2.280000000000000071e+01
3.389999999999999858e+01
3.770000000000000284e+01
2.860000000000000142e+01
1.800000000000000000e+01
1.800000000000000000e+01
1.800000000000000000e+01
1.989999999999999858e+01
1.340000000000000036e+01
1.340000000000000036e+01
1.400000000000000000e+01
4.410000000000000142e+01
4.929999999999999716e+01
1.430000000000000071e+01
1.680000000000000071e+01
4.120000000000000284e+01
2.280000000000000071e+01
3.389999999999999858e+01
3.770000000000000284e+01
2.860000000000000142e+01
1.880000000000000071e+01
3.019999999999999929e+01
1.069999999999999929e+01
1.419999999999999929e+01
1.430000000000000071e+01
4.689999999999999858e+01
