1.889999999999999858e+01
6.459999999999999432e+01
3.210000000000000142e+01
2.160000000000000142e+01
2.689999999999999858e+01
3.350000000000000000e+01
1.219999999999999929e+01
1.580000000000000071e+01
1.989999999999999858e+01
3.689999999999999858e+01
2.339999999999999858e+01
4.539999999999999858e+01
4.479999999999999716e+01
2.639999999999999858e+01
4.050000000000000000e+01
1.180000000000000071e+01
2.719999999999999929e+01
3.839999999999999858e+01
7.000000000000000000e+00
1.180000000000000071e+01
6.099999999999999645e+00
2.719999999999999929e+01
3.839999999999999858e+01
7.299999999999999822e+00
2.369999999999999929e+01
0.000000000000000000e+00
0.000000000000000000e+00
4.000000000000000000e+00
0.000000000000000000e+00
0.000000000000000000e+00
0.000000000000000000e+00
0.000000000000000000e+00
3.299999999999999822e+00
0.000000000000000000e+00
1.800000000000000044e+00
0.000000000000000000e+00
0.000000000000000000e+00
0.000000000000000000e+00
0.000000000000000000e+00
0.000000000000000000e+00
0.000000000000000000e+00
0.000000000000000000e+00
0.000000000000000000e+00
0.000000000000000000e+00
4.200000000000000178e+00
2.999999999999999889e-01
0.000000000000000000e+00
0.000000000000000000e+00
0.000000000000000000e+00
0.000000000000000000e+00
0.000000000000000000e+00
0.000000000000000000e+00
1.500000000000000000e+00
0.000000000000000000e+00
0.000000000000000000e+00
1.630000000000000071e+01
1.850000000000000000e+01
1.190000000000000036e+01
6.540000000000000568e+01
3.889999999999999858e+01
4.110000000000000142e+01
4.000000000000000000e+01
3.420000000000000284e+01
1.730000000000000071e+01
2.400000000000000000e+01
3.810000000000000142e+01
2.400000000000000000e+01
1.150000000000000000e+01
3.479999999999999716e+01
3.960000000000000142e+01
4.110000000000000142e+01
