2.619999999999999929e+01
6.850000000000000000e+01
2.560000000000000142e+01
3.139999999999999858e+01
1.050000000000000000e+01
4.529999999999999716e+01
1.580000000000000071e+01
3.329999999999999716e+01
2.130000000000000071e+01
4.220000000000000284e+01
2.669999999999999929e+01
2.480000000000000071e+01
8.300000000000000711e+00
7.700000000000000178e+00
7.500000000000000000e+00
9.400000000000000355e+00
8.400000000000000355e+00
5.299999999999999822e+00
5.000000000000000000e+00
9.000000000000000000e+00
2.669999999999999929e+01
2.480000000000000071e+01
2.269999999999999929e+01
9.400000000000000355e+00
5.099999999999999645e+00
8.300000000000000711e+00
1.250000000000000000e+01
3.870000000000000284e+01
2.969999999999999929e+01
8.099999999999999645e+00
1.839999999999999858e+01
6.400000000000000355e+00
3.820000000000000284e+01
1.650000000000000000e+01
2.730000000000000071e+01
2.689999999999999858e+01
2.160000000000000142e+01
3.150000000000000000e+01
7.200000000000000178e+00
2.669999999999999929e+01
2.480000000000000071e+01
2.269999999999999929e+01
3.870000000000000284e+01
2.969999999999999929e+01
3.820000000000000284e+01
2.730000000000000071e+01
2.689999999999999858e+01
2.160000000000000142e+01
3.150000000000000000e+01
3.570000000000000284e+01
2.280000000000000071e+01
2.300000000000000000e+01
4.089999999999999858e+01
3.889999999999999858e+01
2.210000000000000142e+01
3.150000000000000000e+01
4.470000000000000284e+01
1.250000000000000000e+01
1.839999999999999858e+01
1.650000000000000000e+01
2.280000000000000071e+01
2.300000000000000000e+01
4.089999999999999858e+01
3.889999999999999858e+01
2.210000000000000142e+01
3.150000000000000000e+01
4.470000000000000284e+01
1.340000000000000036e+01
1.950000000000000000e+01
