3.810000000000000142e+01
2.260000000000000142e+01
1.730000000000000071e+01
3.779999999999999716e+01
1.639999999999999858e+01
3.910000000000000142e+01
3.360000000000000142e+01
2.380000000000000071e+01
3.720000000000000284e+01
4.620000000000000284e+01
5.110000000000000142e+01
4.200000000000000000e+01
5.110000000000000142e+01
4.200000000000000000e+01
5.520000000000000284e+01
3.100000000000000000e+01
4.579999999999999716e+01
3.589999999999999858e+01
2.030000000000000071e+01
3.760000000000000142e+01
2.400000000000000000e+01
4.279999999999999716e+01
2.139999999999999858e+01
2.689999999999999858e+01
4.160000000000000142e+01
3.069999999999999929e+01
8.870000000000000284e+01
2.660000000000000142e+01
4.860000000000000142e+01
3.030000000000000071e+01
3.589999999999999858e+01
4.879999999999999716e+01
2.760000000000000142e+01
4.279999999999999716e+01
2.139999999999999858e+01
2.689999999999999858e+01
4.160000000000000142e+01
3.069999999999999929e+01
8.870000000000000284e+01
2.660000000000000142e+01
4.860000000000000142e+01
3.030000000000000071e+01
3.589999999999999858e+01
