2.700000000000000000e+01
3.829999999999999716e+01
1.059999999999999964e+01
4.260000000000000142e+01
4.629999999999999716e+01
1.219999999999999929e+01
2.880000000000000071e+01
1.340000000000000036e+01
1.030000000000000071e+01
4.029999999999999716e+01
2.710000000000000142e+01
4.529999999999999716e+01
1.359999999999999964e+01
4.529999999999999716e+01
6.320000000000000284e+01
2.660000000000000142e+01
3.389999999999999858e+01
4.400000000000000000e+01
3.100000000000000000e+01
5.070000000000000284e+01
3.030000000000000071e+01
3.689999999999999858e+01
2.569999999999999929e+01
3.870000000000000284e+01
2.969999999999999929e+01
2.869999999999999929e+01
2.989999999999999858e+01
2.539999999999999858e+01
2.710000000000000142e+01
3.689999999999999858e+01
2.569999999999999929e+01
3.870000000000000284e+01
2.969999999999999929e+01
