3.320000000000000284e+01
4.729999999999999716e+01
2.310000000000000142e+01
2.900000000000000000e+01
3.379999999999999716e+01
6.039999999999999858e+01
1.939999999999999858e+01
6.200000000000000000e+01
6.010000000000000142e+01
1.680000000000000071e+01
5.579999999999999716e+01
3.700000000000000000e+01
2.269999999999999929e+01
2.719999999999999929e+01
2.880000000000000071e+01
4.060000000000000142e+01
3.220000000000000284e+01
1.810000000000000142e+01
3.030000000000000071e+01
2.800000000000000000e+01
2.489999999999999858e+01
2.180000000000000071e+01
3.300000000000000000e+01
2.930000000000000071e+01
3.510000000000000142e+01
4.089999999999999858e+01
2.719999999999999929e+01
1.490000000000000036e+01
1.839999999999999858e+01
2.219999999999999929e+01
5.200000000000000178e+00
5.700000000000000178e+00
1.490000000000000036e+01
1.839999999999999858e+01
2.219999999999999929e+01
3.050000000000000000e+01
8.700000000000000000e+01
9.099999999999999645e+00
5.299999999999999822e+00
3.560000000000000142e+01
3.220000000000000284e+01
7.000000000000000000e+00
0.000000000000000000e+00
0.000000000000000000e+00
0.000000000000000000e+00
0.000000000000000000e+00
0.000000000000000000e+00
2.899999999999999911e+00
0.000000000000000000e+00
0.000000000000000000e+00
0.000000000000000000e+00
0.000000000000000000e+00
0.000000000000000000e+00
0.000000000000000000e+00
0.000000000000000000e+00
0.000000000000000000e+00
0.000000000000000000e+00
0.000000000000000000e+00
0.000000000000000000e+00
0.000000000000000000e+00
0.000000000000000000e+00
0.000000000000000000e+00
0.000000000000000000e+00
0.000000000000000000e+00
0.000000000000000000e+00
0.000000000000000000e+00
0.000000000000000000e+00
0.000000000000000000e+00
0.000000000000000000e+00
0.000000000000000000e+00
0.000000000000000000e+00
0.000000000000000000e+00
0.000000000000000000e+00
0.000000000000000000e+00
0.000000000000000000e+00
0.000000000000000000e+00
0.000000000000000000e+00
0.000000000000000000e+00
0.000000000000000000e+00
0.000000000000000000e+00
0.000000000000000000e+00
0.000000000000000000e+00
0.000000000000000000e+00
0.000000000000000000e+00
0.000000000000000000e+00
0.000000000000000000e+00
0.000000000000000000e+00
0.000000000000000000e+00
0.000000000000000000e+00
0.000000000000000000e+00
0.000000000000000000e+00
0.000000000000000000e+00
0.000000000000000000e+00
0.000000000000000000e+00
0.000000000000000000e+00
0.000000000000000000e+00
0.000000000000000000e+00
0.000000000000000000e+00
0.000000000000000000e+00
0.000000000000000000e+00
0.000000000000000000e+00
0.000000000000000000e+00
2.700000000000000178e+00
0.000000000000000000e+00
0.000000000000000000e+00
0.000000000000000000e+00
1.000000000000000000e+00
0.000000000000000000e+00
0.000000000000000000e+00
0.000000000000000000e+00
0.000000000000000000e+00
0.000000000000000000e+00
0.000000000000000000e+00
0.000000000000000000e+00
0.000000000000000000e+00
0.000000000000000000e+00
0.000000000000000000e+00
0.000000000000000000e+00
0.000000000000000000e+00
0.000000000000000000e+00
2.700000000000000178e+00
0.000000000000000000e+00
0.000000000000000000e+00
0.000000000000000000e+00
0.000000000000000000e+00
0.000000000000000000e+00
0.000000000000000000e+00
0.000000000000000000e+00
0.000000000000000000e+00
0.000000000000000000e+00
0.000000000000000000e+00
0.000000000000000000e+00
0.000000000000000000e+00
0.000000000000000000e+00
0.000000000000000000e+00
0.000000000000000000e+00
0.000000000000000000e+00
0.000000000000000000e+00
0.000000000000000000e+00
0.000000000000000000e+00
0.000000000000000000e+00
0.000000000000000000e+00
0.000000000000000000e+00
0.000000000000000000e+00
0.000000000000000000e+00
0.000000000000000000e+00
0.000000000000000000e+00
0.000000000000000000e+00
0.000000000000000000e+00
0.000000000000000000e+00
0.000000000000000000e+00
0.000000000000000000e+00
0.000000000000000000e+00
0.000000000000000000e+00
0.000000000000000000e+00
0.000000000000000000e+00
0.000000000000000000e+00
0.000000000000000000e+00
0.000000000000000000e+00
0.000000000000000000e+00
0.000000000000000000e+00
0.000000000000000000e+00
0.000000000000000000e+00
2.000000000000000111e-01
0.000000000000000000e+00
0.000000000000000000e+00
0.000000000000000000e+00
1.610000000000000142e+01
1.860000000000000142e+01
2.769999999999999929e+01
3.579999999999999716e+01
1.419999999999999929e+01
2.730000000000000071e+01
2.330000000000000071e+01
5.120000000000000284e+01
1.290000000000000036e+01
4.389999999999999858e+01
4.220000000000000284e+01
4.029999999999999716e+01
1.040000000000000036e+01
3.670000000000000284e+01
1.050000000000000000e+01
2.669999999999999929e+01
3.660000000000000142e+01
6.020000000000000284e+01
2.069999999999999929e+01
2.530000000000000071e+01
2.280000000000000071e+01
1.059999999999999964e+01
3.850000000000000000e+01
4.550000000000000000e+01
2.250000000000000000e+01
4.220000000000000284e+01
4.029999999999999716e+01
