3.160000000000000142e+01
6.010000000000000142e+01
5.889999999999999858e+01
2.469999999999999929e+01
1.950000000000000000e+01
2.039999999999999858e+01
4.279999999999999716e+01
3.720000000000000284e+01
3.420000000000000284e+01
3.860000000000000142e+01
2.430000000000000071e+01
3.189999999999999858e+01
7.250000000000000000e+01
2.960000000000000142e+01
2.389999999999999858e+01
8.459999999999999432e+01
5.389999999999999858e+01
2.019999999999999929e+01
2.389999999999999858e+01
5.389999999999999858e+01
2.019999999999999929e+01
3.650000000000000000e+01
2.480000000000000071e+01
3.910000000000000142e+01
2.930000000000000071e+01
5.889999999999999858e+01
3.789999999999999858e+01
7.270000000000000284e+01
2.630000000000000071e+01
2.289999999999999858e+01
6.239999999999999858e+01
2.610000000000000142e+01
2.739999999999999858e+01
3.820000000000000284e+01
3.139999999999999858e+01
2.619999999999999929e+01
3.900000000000000000e+01
2.880000000000000071e+01
3.629999999999999716e+01
3.600000000000000000e+01
2.269999999999999929e+01
2.260000000000000142e+01
2.089999999999999858e+01
2.269999999999999929e+01
3.910000000000000142e+01
3.729999999999999716e+01
2.119999999999999929e+01
3.939999999999999858e+01
3.479999999999999716e+01
3.820000000000000284e+01
3.139999999999999858e+01
2.619999999999999929e+01
3.900000000000000000e+01
2.880000000000000071e+01
3.629999999999999716e+01
3.600000000000000000e+01
2.269999999999999929e+01
