2.600000000000000000e+01
3.279999999999999716e+01
2.430000000000000071e+01
6.010000000000000142e+01
3.200000000000000000e+01
2.550000000000000000e+01
3.650000000000000000e+01
2.719999999999999929e+01
2.760000000000000142e+01
2.860000000000000142e+01
2.010000000000000142e+01
4.000000000000000000e+01
2.769999999999999929e+01
3.220000000000000284e+01
2.769999999999999929e+01
2.989999999999999858e+01
4.210000000000000142e+01
3.750000000000000000e+01
4.170000000000000284e+01
4.050000000000000000e+01
2.300000000000000000e+01
6.220000000000000284e+01
9.309999999999999432e+01
3.589999999999999858e+01
2.130000000000000071e+01
2.630000000000000071e+01
3.019999999999999929e+01
2.760000000000000142e+01
3.030000000000000071e+01
6.520000000000000284e+01
2.850000000000000000e+01
3.060000000000000142e+01
5.139999999999999858e+01
3.339999999999999858e+01
3.239999999999999858e+01
3.450000000000000000e+01
3.520000000000000284e+01
3.239999999999999858e+01
3.329999999999999716e+01
3.069999999999999929e+01
3.710000000000000142e+01
2.769999999999999929e+01
2.989999999999999858e+01
4.210000000000000142e+01
3.750000000000000000e+01
4.170000000000000284e+01
4.050000000000000000e+01
2.300000000000000000e+01
6.220000000000000284e+01
9.309999999999999432e+01
3.589999999999999858e+01
2.130000000000000071e+01
2.630000000000000071e+01
3.019999999999999929e+01
2.760000000000000142e+01
3.030000000000000071e+01
6.520000000000000284e+01
2.850000000000000000e+01
3.060000000000000142e+01
5.139999999999999858e+01
3.339999999999999858e+01
3.239999999999999858e+01
3.450000000000000000e+01
3.520000000000000284e+01
3.239999999999999858e+01
3.329999999999999716e+01
3.069999999999999929e+01
3.710000000000000142e+01
3.220000000000000284e+01
4.150000000000000000e+01
2.350000000000000000e+01
4.020000000000000284e+01
3.729999999999999716e+01
2.769999999999999929e+01
2.989999999999999858e+01
4.210000000000000142e+01
3.750000000000000000e+01
4.170000000000000284e+01
4.050000000000000000e+01
2.300000000000000000e+01
6.220000000000000284e+01
9.309999999999999432e+01
3.589999999999999858e+01
2.130000000000000071e+01
2.630000000000000071e+01
3.019999999999999929e+01
2.760000000000000142e+01
3.030000000000000071e+01
6.520000000000000284e+01
2.850000000000000000e+01
2.769999999999999929e+01
2.989999999999999858e+01
4.210000000000000142e+01
3.750000000000000000e+01
4.170000000000000284e+01
4.050000000000000000e+01
2.300000000000000000e+01
6.220000000000000284e+01
9.309999999999999432e+01
3.589999999999999858e+01
