3.779999999999999716e+01
1.769999999999999929e+01
6.029999999999999716e+01
1.919999999999999929e+01
2.250000000000000000e+01
1.780000000000000071e+01
3.879999999999999716e+01
2.560000000000000142e+01
2.869999999999999929e+01
2.380000000000000071e+01
2.850000000000000000e+01
2.200000000000000000e+01
2.380000000000000071e+01
1.450000000000000000e+01
1.850000000000000000e+01
2.960000000000000142e+01
3.100000000000000000e+01
2.360000000000000142e+01
2.960000000000000142e+01
3.100000000000000000e+01
2.360000000000000142e+01
2.910000000000000142e+01
5.720000000000000284e+01
3.939999999999999858e+01
3.729999999999999716e+01
4.120000000000000284e+01
2.000000000000000000e+01
3.539999999999999858e+01
2.900000000000000000e+01
3.069999999999999929e+01
5.870000000000000284e+01
3.000000000000000000e+01
5.229999999999999716e+01
2.289999999999999858e+01
2.439999999999999858e+01
2.789999999999999858e+01
2.360000000000000142e+01
2.800000000000000000e+01
5.610000000000000142e+01
6.250000000000000000e+01
3.510000000000000142e+01
5.420000000000000284e+01
3.839999999999999858e+01
2.489999999999999858e+01
2.450000000000000000e+01
4.600000000000000000e+01
2.910000000000000142e+01
7.470000000000000284e+01
4.110000000000000142e+01
3.169999999999999929e+01
5.720000000000000284e+01
4.510000000000000142e+01
3.550000000000000000e+01
4.429999999999999716e+01
2.419999999999999929e+01
6.529999999999999716e+01
2.789999999999999858e+01
2.360000000000000142e+01
2.800000000000000000e+01
5.610000000000000142e+01
6.250000000000000000e+01
3.510000000000000142e+01
5.420000000000000284e+01
3.839999999999999858e+01
2.489999999999999858e+01
