3.420000000000000284e+01
7.259999999999999432e+01
1.050000000000000000e+01
1.760000000000000142e+01
1.290000000000000036e+01
5.800000000000000000e+01
1.009999999999999964e+01
2.439999999999999858e+01
3.470000000000000284e+01
2.080000000000000071e+01
1.480000000000000071e+01
2.719999999999999929e+01
2.600000000000000000e+01
1.889999999999999858e+01
1.509999999999999964e+01
6.239999999999999858e+01
5.000000000000000000e+01
4.839999999999999858e+01
2.030000000000000071e+01
1.850000000000000000e+01
1.100000000000000000e+01
4.339999999999999858e+01
5.000000000000000000e+01
4.839999999999999858e+01
2.030000000000000071e+01
4.339999999999999858e+01
4.070000000000000284e+01
2.939999999999999858e+01
4.820000000000000284e+01
3.760000000000000142e+01
4.479999999999999716e+01
3.750000000000000000e+01
2.419999999999999929e+01
4.279999999999999716e+01
3.030000000000000071e+01
2.600000000000000000e+01
2.710000000000000142e+01
3.529999999999999716e+01
3.160000000000000142e+01
2.739999999999999858e+01
4.089999999999999858e+01
3.750000000000000000e+01
2.419999999999999929e+01
4.279999999999999716e+01
3.030000000000000071e+01
2.600000000000000000e+01
