1.719999999999999929e+01
6.039999999999999858e+01
2.269999999999999929e+01
2.210000000000000142e+01
1.710000000000000142e+01
3.119999999999999929e+01
4.029999999999999716e+01
2.019999999999999929e+01
1.789999999999999858e+01
3.350000000000000000e+01
2.400000000000000000e+01
3.080000000000000071e+01
2.100000000000000000e+01
2.789999999999999858e+01
2.910000000000000142e+01
3.229999999999999716e+01
1.669999999999999929e+01
5.900000000000000000e+01
3.860000000000000142e+01
6.070000000000000284e+01
2.530000000000000071e+01
2.469999999999999929e+01
2.110000000000000142e+01
2.610000000000000142e+01
2.200000000000000000e+01
2.380000000000000071e+01
3.729999999999999716e+01
1.240000000000000036e+01
6.070000000000000284e+01
2.530000000000000071e+01
2.469999999999999929e+01
2.610000000000000142e+01
2.200000000000000000e+01
2.380000000000000071e+01
3.729999999999999716e+01
3.820000000000000284e+01
2.050000000000000000e+01
2.869999999999999929e+01
4.210000000000000142e+01
2.250000000000000000e+01
2.850000000000000000e+01
2.360000000000000142e+01
2.410000000000000142e+01
2.169999999999999929e+01
4.539999999999999858e+01
3.229999999999999716e+01
4.089999999999999858e+01
3.629999999999999716e+01
3.610000000000000142e+01
3.620000000000000284e+01
3.350000000000000000e+01
5.579999999999999716e+01
2.480000000000000071e+01
2.180000000000000071e+01
5.910000000000000142e+01
4.270000000000000284e+01
2.700000000000000000e+01
2.139999999999999858e+01
2.030000000000000071e+01
4.620000000000000284e+01
2.850000000000000000e+01
2.400000000000000000e+01
2.769999999999999929e+01
8.479999999999999716e+01
3.350000000000000000e+01
3.180000000000000071e+01
2.560000000000000142e+01
2.260000000000000142e+01
3.520000000000000284e+01
2.910000000000000142e+01
3.629999999999999716e+01
3.610000000000000142e+01
3.620000000000000284e+01
3.350000000000000000e+01
2.480000000000000071e+01
2.180000000000000071e+01
5.910000000000000142e+01
4.270000000000000284e+01
2.700000000000000000e+01
2.139999999999999858e+01
2.030000000000000071e+01
4.620000000000000284e+01
4.089999999999999858e+01
