1.600000000000000000e+01
4.050000000000000000e+01
6.270000000000000284e+01
1.469999999999999929e+01
2.110000000000000142e+01
4.839999999999999858e+01
2.650000000000000000e+01
3.639999999999999858e+01
2.180000000000000071e+01
3.710000000000000142e+01
1.459999999999999964e+01
3.139999999999999858e+01
2.619999999999999929e+01
3.920000000000000284e+01
2.939999999999999858e+01
3.810000000000000142e+01
3.429999999999999716e+01
2.169999999999999929e+01
6.799999999999999822e+00
7.200000000000000178e+00
3.160000000000000142e+01
5.299999999999999822e+00
2.239999999999999858e+01
6.000000000000000000e+00
1.619999999999999929e+01
0.000000000000000000e+00
1.500000000000000000e+00
0.000000000000000000e+00
0.000000000000000000e+00
0.000000000000000000e+00
0.000000000000000000e+00
0.000000000000000000e+00
0.000000000000000000e+00
0.000000000000000000e+00
0.000000000000000000e+00
0.000000000000000000e+00
0.000000000000000000e+00
0.000000000000000000e+00
0.000000000000000000e+00
4.000000000000000000e+00
0.000000000000000000e+00
1.490000000000000036e+01
1.900000000000000000e+01
2.850000000000000000e+01
2.360000000000000142e+01
3.529999999999999716e+01
2.339999999999999858e+01
1.440000000000000036e+01
1.710000000000000142e+01
2.080000000000000071e+01
3.320000000000000284e+01
1.219999999999999929e+01
3.660000000000000142e+01
2.810000000000000142e+01
2.080000000000000071e+01
