3.210000000000000142e+01
2.689999999999999858e+01
3.920000000000000284e+01
3.520000000000000284e+01
2.800000000000000000e+01
3.389999999999999858e+01
3.789999999999999858e+01
3.629999999999999716e+01
4.929999999999999716e+01
2.639999999999999858e+01
3.879999999999999716e+01
1.800000000000000000e+01
3.370000000000000284e+01
5.120000000000000284e+01
2.410000000000000142e+01
2.269999999999999929e+01
4.620000000000000284e+01
3.860000000000000142e+01
1.700000000000000000e+01
2.600000000000000000e+01
3.320000000000000284e+01
4.620000000000000284e+01
5.900000000000000000e+01
4.620000000000000284e+01
3.860000000000000142e+01
2.600000000000000000e+01
3.320000000000000284e+01
4.620000000000000284e+01
5.900000000000000000e+01
3.610000000000000142e+01
4.570000000000000284e+01
2.239999999999999858e+01
6.170000000000000284e+01
3.850000000000000000e+01
2.189999999999999858e+01
3.379999999999999716e+01
3.529999999999999716e+01
2.250000000000000000e+01
2.060000000000000142e+01
3.470000000000000284e+01
2.780000000000000071e+01
5.639999999999999858e+01
4.100000000000000000e+01
2.889999999999999858e+01
5.260000000000000142e+01
3.080000000000000071e+01
3.679999999999999716e+01
2.350000000000000000e+01
3.060000000000000142e+01
3.639999999999999858e+01
3.450000000000000000e+01
2.500000000000000000e+01
2.600000000000000000e+01
4.029999999999999716e+01
3.050000000000000000e+01
3.210000000000000142e+01
3.470000000000000284e+01
2.489999999999999858e+01
3.520000000000000284e+01
4.250000000000000000e+01
2.469999999999999929e+01
2.980000000000000071e+01
6.770000000000000284e+01
2.060000000000000142e+01
4.089999999999999858e+01
6.520000000000000284e+01
5.929999999999999716e+01
2.089999999999999858e+01
4.289999999999999858e+01
3.629999999999999716e+01
8.470000000000000284e+01
4.100000000000000000e+01
2.169999999999999929e+01
2.500000000000000000e+01
2.600000000000000000e+01
4.029999999999999716e+01
3.050000000000000000e+01
3.210000000000000142e+01
3.470000000000000284e+01
2.489999999999999858e+01
3.520000000000000284e+01
4.250000000000000000e+01
2.469999999999999929e+01
3.639999999999999858e+01
