4.820000000000000284e+01
1.650000000000000000e+01
2.300000000000000000e+01
1.730000000000000071e+01
3.800000000000000000e+01
4.200000000000000000e+01
1.760000000000000142e+01
1.109999999999999964e+01
2.910000000000000142e+01
2.760000000000000142e+01
6.029999999999999716e+01
4.929999999999999716e+01
1.350000000000000000e+01
2.860000000000000142e+01
6.629999999999999716e+01
2.110000000000000142e+01
2.860000000000000142e+01
6.629999999999999716e+01
2.110000000000000142e+01
2.589999999999999858e+01
2.130000000000000071e+01
2.880000000000000071e+01
3.829999999999999716e+01
4.239999999999999858e+01
5.979999999999999716e+01
3.169999999999999929e+01
3.420000000000000284e+01
3.500000000000000000e+01
2.769999999999999929e+01
3.550000000000000000e+01
3.670000000000000284e+01
2.410000000000000142e+01
3.089999999999999858e+01
4.029999999999999716e+01
2.910000000000000142e+01
2.910000000000000142e+01
2.269999999999999929e+01
2.489999999999999858e+01
3.089999999999999858e+01
3.489999999999999858e+01
3.850000000000000000e+01
3.189999999999999858e+01
3.089999999999999858e+01
4.029999999999999716e+01
2.910000000000000142e+01
2.910000000000000142e+01
2.269999999999999929e+01
2.489999999999999858e+01
3.089999999999999858e+01
3.489999999999999858e+01
2.410000000000000142e+01
