3.139999999999999858e+01
3.239999999999999858e+01
3.789999999999999858e+01
1.730000000000000071e+01
5.750000000000000000e+01
2.889999999999999858e+01
3.019999999999999929e+01
5.599999999999999645e+00
7.099999999999999645e+00
6.099999999999999645e+00
3.019999999999999929e+01
1.950000000000000000e+01
3.229999999999999716e+01
3.250000000000000000e+01
2.910000000000000142e+01
2.589999999999999858e+01
3.750000000000000000e+01
2.510000000000000142e+01
2.789999999999999858e+01
2.680000000000000071e+01
4.289999999999999858e+01
2.130000000000000071e+01
3.239999999999999858e+01
3.689999999999999858e+01
4.139999999999999858e+01
1.950000000000000000e+01
1.650000000000000000e+01
1.369999999999999929e+01
2.680000000000000071e+01
4.289999999999999858e+01
1.080000000000000071e+01
2.130000000000000071e+01
1.860000000000000142e+01
3.239999999999999858e+01
3.689999999999999858e+01
4.139999999999999858e+01
4.500000000000000000e+01
4.679999999999999716e+01
4.310000000000000142e+01
1.839999999999999858e+01
3.270000000000000284e+01
1.300000000000000000e+01
2.230000000000000071e+01
