1.989999999999999858e+01
2.080000000000000071e+01
4.470000000000000284e+01
7.259999999999999432e+01
2.350000000000000000e+01
3.760000000000000142e+01
3.470000000000000284e+01
2.830000000000000071e+01
5.970000000000000284e+01
3.760000000000000142e+01
3.550000000000000000e+01
4.010000000000000142e+01
2.760000000000000142e+01
6.060000000000000142e+01
6.990000000000000568e+01
3.670000000000000284e+01
7.159999999999999432e+01
5.820000000000000284e+01
1.200000000000000000e+01
2.269999999999999929e+01
4.379999999999999716e+01
3.529999999999999716e+01
2.030000000000000071e+01
3.550000000000000000e+01
5.429999999999999716e+01
1.359999999999999964e+01
2.750000000000000000e+01
3.119999999999999929e+01
2.369999999999999929e+01
2.360000000000000142e+01
2.839999999999999858e+01
4.089999999999999858e+01
2.369999999999999929e+01
3.200000000000000000e+01
4.529999999999999716e+01
9.379999999999999716e+01
3.839999999999999858e+01
3.660000000000000142e+01
2.819999999999999929e+01
2.830000000000000071e+01
4.820000000000000284e+01
6.929999999999999716e+01
4.010000000000000142e+01
3.250000000000000000e+01
7.950000000000000000e+01
4.010000000000000142e+01
1.830000000000000071e+01
3.539999999999999858e+01
3.660000000000000142e+01
2.819999999999999929e+01
4.820000000000000284e+01
6.929999999999999716e+01
4.010000000000000142e+01
3.250000000000000000e+01
4.010000000000000142e+01
3.539999999999999858e+01
2.369999999999999929e+01
3.910000000000000142e+01
5.050000000000000000e+01
3.139999999999999858e+01
6.379999999999999716e+01
4.210000000000000142e+01
8.479999999999999716e+01
2.350000000000000000e+01
7.100000000000000000e+01
8.640000000000000568e+01
7.850000000000000000e+01
7.950000000000000000e+01
5.950000000000000000e+01
4.960000000000000142e+01
3.180000000000000071e+01
2.269999999999999929e+01
3.850000000000000000e+01
6.929999999999999716e+01
4.650000000000000000e+01
7.379999999999999716e+01
2.819999999999999929e+01
4.320000000000000284e+01
4.089999999999999858e+01
3.660000000000000142e+01
7.479999999999999716e+01
5.750000000000000000e+01
3.800000000000000000e+01
3.910000000000000142e+01
2.919999999999999929e+01
5.689999999999999858e+01
6.740000000000000568e+01
8.359999999999999432e+01
2.360000000000000142e+01
7.200000000000000000e+01
2.310000000000000142e+01
5.000000000000000000e+01
4.150000000000000000e+01
7.240000000000000568e+01
3.229999999999999716e+01
5.779999999999999716e+01
4.560000000000000142e+01
6.050000000000000000e+01
6.339999999999999858e+01
4.610000000000000142e+01
3.839999999999999858e+01
7.990000000000000568e+01
7.579999999999999716e+01
5.589999999999999858e+01
2.030000000000000071e+01
3.910000000000000142e+01
3.900000000000000000e+01
5.389999999999999858e+01
3.839999999999999858e+01
7.729999999999999716e+01
4.100000000000000000e+01
6.659999999999999432e+01
2.789999999999999858e+01
3.069999999999999929e+01
2.439999999999999858e+01
2.850000000000000000e+01
3.229999999999999716e+01
7.829999999999999716e+01
5.600000000000000000e+01
3.829999999999999716e+01
6.200000000000000000e+01
5.350000000000000000e+01
3.069999999999999929e+01
3.910000000000000142e+01
2.919999999999999929e+01
5.689999999999999858e+01
6.740000000000000568e+01
8.359999999999999432e+01
2.360000000000000142e+01
7.200000000000000000e+01
2.310000000000000142e+01
5.000000000000000000e+01
4.150000000000000000e+01
7.240000000000000568e+01
3.229999999999999716e+01
5.779999999999999716e+01
4.560000000000000142e+01
6.339999999999999858e+01
4.610000000000000142e+01
3.839999999999999858e+01
7.990000000000000568e+01
7.579999999999999716e+01
5.589999999999999858e+01
2.030000000000000071e+01
3.910000000000000142e+01
3.900000000000000000e+01
5.389999999999999858e+01
3.839999999999999858e+01
7.729999999999999716e+01
5.750000000000000000e+01
3.800000000000000000e+01
