2.769999999999999929e+01
6.039999999999999858e+01
2.800000000000000000e+01
1.619999999999999929e+01
3.779999999999999716e+01
3.860000000000000142e+01
2.960000000000000142e+01
1.030000000000000071e+01
1.530000000000000071e+01
3.710000000000000142e+01
2.650000000000000000e+01
3.570000000000000284e+01
4.029999999999999716e+01
2.119999999999999929e+01
1.760000000000000142e+01
2.669999999999999929e+01
9.599999999999999645e+00
5.000000000000000000e+00
8.800000000000000711e+00
8.300000000000000711e+00
2.669999999999999929e+01
2.610000000000000142e+01
3.200000000000000000e+01
2.919999999999999929e+01
0.000000000000000000e+00
0.000000000000000000e+00
4.299999999999999822e+00
0.000000000000000000e+00
0.000000000000000000e+00
0.000000000000000000e+00
0.000000000000000000e+00
0.000000000000000000e+00
0.000000000000000000e+00
0.000000000000000000e+00
0.000000000000000000e+00
0.000000000000000000e+00
0.000000000000000000e+00
0.000000000000000000e+00
0.000000000000000000e+00
4.400000000000000355e+00
0.000000000000000000e+00
0.000000000000000000e+00
0.000000000000000000e+00
0.000000000000000000e+00
0.000000000000000000e+00
0.000000000000000000e+00
0.000000000000000000e+00
0.000000000000000000e+00
0.000000000000000000e+00
0.000000000000000000e+00
0.000000000000000000e+00
0.000000000000000000e+00
0.000000000000000000e+00
3.200000000000000178e+00
0.000000000000000000e+00
0.000000000000000000e+00
0.000000000000000000e+00
0.000000000000000000e+00
0.000000000000000000e+00
0.000000000000000000e+00
0.000000000000000000e+00
0.000000000000000000e+00
0.000000000000000000e+00
0.000000000000000000e+00
0.000000000000000000e+00
0.000000000000000000e+00
0.000000000000000000e+00
0.000000000000000000e+00
0.000000000000000000e+00
0.000000000000000000e+00
0.000000000000000000e+00
0.000000000000000000e+00
0.000000000000000000e+00
0.000000000000000000e+00
1.789999999999999858e+01
1.509999999999999964e+01
1.009999999999999964e+01
1.430000000000000071e+01
1.419999999999999929e+01
1.059999999999999964e+01
1.810000000000000142e+01
1.939999999999999858e+01
1.900000000000000000e+01
4.510000000000000142e+01
2.960000000000000142e+01
2.580000000000000071e+01
2.289999999999999858e+01
3.189999999999999858e+01
2.569999999999999929e+01
2.139999999999999858e+01
2.669999999999999929e+01
1.209999999999999964e+01
3.929999999999999716e+01
3.189999999999999858e+01
3.739999999999999858e+01
1.769999999999999929e+01
