2.160000000000000142e+01
6.039999999999999858e+01
2.189999999999999858e+01
7.429999999999999716e+01
4.100000000000000000e+01
2.510000000000000142e+01
3.300000000000000000e+01
1.590000000000000036e+01
2.430000000000000071e+01
3.420000000000000284e+01
2.950000000000000000e+01
3.420000000000000284e+01
2.950000000000000000e+01
5.189999999999999858e+01
2.360000000000000142e+01
3.900000000000000000e+01
2.910000000000000142e+01
2.460000000000000142e+01
8.200000000000000000e+01
4.989999999999999858e+01
4.200000000000000000e+01
3.139999999999999858e+01
3.350000000000000000e+01
3.410000000000000142e+01
6.200000000000000000e+01
4.989999999999999858e+01
4.200000000000000000e+01
