2.560000000000000142e+01
4.910000000000000142e+01
2.939999999999999858e+01
1.689999999999999858e+01
5.110000000000000142e+01
2.480000000000000071e+01
2.760000000000000142e+01
2.289999999999999858e+01
1.689999999999999858e+01
6.920000000000000284e+01
6.900000000000000355e+00
9.099999999999999645e+00
6.599999999999999645e+00
5.500000000000000000e+00
6.920000000000000284e+01
3.529999999999999716e+01
2.969999999999999929e+01
4.329999999999999716e+01
0.000000000000000000e+00
0.000000000000000000e+00
0.000000000000000000e+00
0.000000000000000000e+00
0.000000000000000000e+00
6.999999999999999556e-01
0.000000000000000000e+00
0.000000000000000000e+00
0.000000000000000000e+00
0.000000000000000000e+00
0.000000000000000000e+00
0.000000000000000000e+00
6.999999999999999556e-01
0.000000000000000000e+00
0.000000000000000000e+00
0.000000000000000000e+00
0.000000000000000000e+00
0.000000000000000000e+00
2.160000000000000142e+01
3.200000000000000000e+01
1.509999999999999964e+01
3.400000000000000000e+01
3.210000000000000142e+01
1.689999999999999858e+01
1.009999999999999964e+01
