3.679999999999999716e+01
3.810000000000000142e+01
2.339999999999999858e+01
2.480000000000000071e+01
2.939999999999999858e+01
6.010000000000000142e+01
2.330000000000000071e+01
1.969999999999999929e+01
2.300000000000000000e+01
2.839999999999999858e+01
6.790000000000000568e+01
4.089999999999999858e+01
3.329999999999999716e+01
2.189999999999999858e+01
6.010000000000000142e+01
2.330000000000000071e+01
1.450000000000000000e+01
4.510000000000000142e+01
2.560000000000000142e+01
3.250000000000000000e+01
3.800000000000000000e+01
1.209999999999999964e+01
3.250000000000000000e+01
1.719999999999999929e+01
4.620000000000000284e+01
1.159999999999999964e+01
2.550000000000000000e+01
4.520000000000000284e+01
1.130000000000000071e+01
1.440000000000000036e+01
1.130000000000000071e+01
2.730000000000000071e+01
4.520000000000000284e+01
2.630000000000000071e+01
1.150000000000000000e+01
2.610000000000000142e+01
1.739999999999999858e+01
4.120000000000000284e+01
1.710000000000000142e+01
4.389999999999999858e+01
6.010000000000000142e+01
2.650000000000000000e+01
2.060000000000000142e+01
3.970000000000000284e+01
3.239999999999999858e+01
1.219999999999999929e+01
4.100000000000000000e+01
3.979999999999999716e+01
4.629999999999999716e+01
1.739999999999999858e+01
1.169999999999999929e+01
3.060000000000000142e+01
3.839999999999999858e+01
2.650000000000000000e+01
1.109999999999999964e+01
3.920000000000000284e+01
1.960000000000000142e+01
1.130000000000000071e+01
4.760000000000000142e+01
8.529999999999999716e+01
3.470000000000000284e+01
1.380000000000000071e+01
4.139999999999999858e+01
4.389999999999999858e+01
2.130000000000000071e+01
3.750000000000000000e+01
2.169999999999999929e+01
3.629999999999999716e+01
4.400000000000000000e+01
2.069999999999999929e+01
6.529999999999999716e+01
2.450000000000000000e+01
3.679999999999999716e+01
9.090000000000000568e+01
3.710000000000000142e+01
2.169999999999999929e+01
2.919999999999999929e+01
3.460000000000000142e+01
6.050000000000000000e+01
1.559999999999999964e+01
2.369999999999999929e+01
1.359999999999999964e+01
2.039999999999999858e+01
6.039999999999999858e+01
1.159999999999999964e+01
3.370000000000000284e+01
4.189999999999999858e+01
6.010000000000000142e+01
4.229999999999999716e+01
2.119999999999999929e+01
6.039999999999999858e+01
5.989999999999999858e+01
3.229999999999999716e+01
2.469999999999999929e+01
3.460000000000000142e+01
3.379999999999999716e+01
1.190000000000000036e+01
4.239999999999999858e+01
2.100000000000000000e+01
1.630000000000000071e+01
3.130000000000000071e+01
3.169999999999999929e+01
2.839999999999999858e+01
2.510000000000000142e+01
3.110000000000000142e+01
3.019999999999999929e+01
3.720000000000000284e+01
2.610000000000000142e+01
1.359999999999999964e+01
4.220000000000000284e+01
3.030000000000000071e+01
2.339999999999999858e+01
4.070000000000000284e+01
6.579999999999999716e+01
2.400000000000000000e+01
2.219999999999999929e+01
2.669999999999999929e+01
5.679999999999999716e+01
4.179999999999999716e+01
3.139999999999999858e+01
2.239999999999999858e+01
1.860000000000000142e+01
2.850000000000000000e+01
2.030000000000000071e+01
7.120000000000000284e+01
3.539999999999999858e+01
5.500000000000000000e+00
9.800000000000000711e+00
7.799999999999999822e+00
7.000000000000000000e+00
5.000000000000000000e+00
9.400000000000000355e+00
5.200000000000000178e+00
5.599999999999999645e+00
6.000000000000000000e+00
1.860000000000000142e+01
2.850000000000000000e+01
2.030000000000000071e+01
7.120000000000000284e+01
3.539999999999999858e+01
6.950000000000000000e+01
1.059999999999999964e+01
5.900000000000000355e+00
8.679999999999999716e+01
3.860000000000000142e+01
1.569999999999999929e+01
3.729999999999999716e+01
6.099999999999999645e+00
2.300000000000000000e+01
0.000000000000000000e+00
0.000000000000000000e+00
0.000000000000000000e+00
0.000000000000000000e+00
0.000000000000000000e+00
0.000000000000000000e+00
0.000000000000000000e+00
0.000000000000000000e+00
0.000000000000000000e+00
0.000000000000000000e+00
0.000000000000000000e+00
0.000000000000000000e+00
0.000000000000000000e+00
0.000000000000000000e+00
0.000000000000000000e+00
0.000000000000000000e+00
0.000000000000000000e+00
0.000000000000000000e+00
0.000000000000000000e+00
0.000000000000000000e+00
0.000000000000000000e+00
0.000000000000000000e+00
0.000000000000000000e+00
0.000000000000000000e+00
0.000000000000000000e+00
0.000000000000000000e+00
0.000000000000000000e+00
0.000000000000000000e+00
0.000000000000000000e+00
0.000000000000000000e+00
0.000000000000000000e+00
0.000000000000000000e+00
0.000000000000000000e+00
0.000000000000000000e+00
0.000000000000000000e+00
0.000000000000000000e+00
0.000000000000000000e+00
0.000000000000000000e+00
0.000000000000000000e+00
0.000000000000000000e+00
0.000000000000000000e+00
4.299999999999999822e+00
3.299999999999999822e+00
0.000000000000000000e+00
0.000000000000000000e+00
0.000000000000000000e+00
0.000000000000000000e+00
0.000000000000000000e+00
0.000000000000000000e+00
0.000000000000000000e+00
0.000000000000000000e+00
0.000000000000000000e+00
0.000000000000000000e+00
0.000000000000000000e+00
0.000000000000000000e+00
0.000000000000000000e+00
0.000000000000000000e+00
0.000000000000000000e+00
0.000000000000000000e+00
0.000000000000000000e+00
0.000000000000000000e+00
0.000000000000000000e+00
0.000000000000000000e+00
0.000000000000000000e+00
0.000000000000000000e+00
0.000000000000000000e+00
0.000000000000000000e+00
0.000000000000000000e+00
0.000000000000000000e+00
0.000000000000000000e+00
0.000000000000000000e+00
0.000000000000000000e+00
0.000000000000000000e+00
0.000000000000000000e+00
0.000000000000000000e+00
0.000000000000000000e+00
0.000000000000000000e+00
0.000000000000000000e+00
0.000000000000000000e+00
0.000000000000000000e+00
0.000000000000000000e+00
0.000000000000000000e+00
0.000000000000000000e+00
0.000000000000000000e+00
0.000000000000000000e+00
0.000000000000000000e+00
0.000000000000000000e+00
0.000000000000000000e+00
1.760000000000000142e+01
1.700000000000000000e+01
2.860000000000000142e+01
1.230000000000000071e+01
2.310000000000000142e+01
1.530000000000000071e+01
2.739999999999999858e+01
4.060000000000000142e+01
3.970000000000000284e+01
2.750000000000000000e+01
1.109999999999999964e+01
2.400000000000000000e+01
2.660000000000000142e+01
2.939999999999999858e+01
1.889999999999999858e+01
9.500000000000000000e+01
1.919999999999999929e+01
3.239999999999999858e+01
3.510000000000000142e+01
3.610000000000000142e+01
1.550000000000000000e+01
4.229999999999999716e+01
2.100000000000000000e+01
3.739999999999999858e+01
2.769999999999999929e+01
3.119999999999999929e+01
2.950000000000000000e+01
3.139999999999999858e+01
2.400000000000000000e+01
