1.910000000000000142e+01
3.239999999999999858e+01
4.429999999999999716e+01
3.620000000000000284e+01
1.080000000000000071e+01
5.379999999999999716e+01
2.050000000000000000e+01
3.250000000000000000e+01
3.860000000000000142e+01
3.639999999999999858e+01
3.069999999999999929e+01
2.460000000000000142e+01
2.250000000000000000e+01
4.289999999999999858e+01
3.770000000000000284e+01
1.850000000000000000e+01
3.989999999999999858e+01
1.309999999999999964e+01
1.680000000000000071e+01
2.739999999999999858e+01
1.969999999999999929e+01
2.169999999999999929e+01
1.800000000000000000e+01
3.010000000000000142e+01
1.390000000000000036e+01
3.970000000000000284e+01
1.550000000000000000e+01
6.799999999999999822e+00
6.599999999999999645e+00
6.599999999999999645e+00
7.599999999999999645e+00
5.599999999999999645e+00
7.000000000000000000e+00
9.699999999999999289e+00
9.500000000000000000e+00
7.099999999999999645e+00
6.900000000000000355e+00
5.000000000000000000e+00
5.299999999999999822e+00
1.800000000000000000e+01
3.010000000000000142e+01
8.099999999999999645e+00
1.390000000000000036e+01
3.970000000000000284e+01
1.550000000000000000e+01
2.260000000000000142e+01
2.050000000000000000e+01
1.950000000000000000e+01
7.599999999999999645e+00
4.310000000000000142e+01
5.400000000000000355e+00
5.000000000000000000e+00
3.950000000000000000e+01
3.210000000000000142e+01
6.139999999999999858e+01
2.789999999999999858e+01
4.270000000000000284e+01
8.500000000000000000e+00
4.620000000000000284e+01
1.350000000000000000e+01
4.360000000000000142e+01
1.130000000000000071e+01
3.239999999999999858e+01
5.500000000000000000e+00
3.950000000000000000e+01
6.099999999999999645e+00
3.550000000000000000e+01
8.500000000000000000e+00
2.760000000000000142e+01
9.699999999999999289e+00
1.650000000000000000e+01
1.989999999999999858e+01
3.420000000000000284e+01
3.250000000000000000e+01
3.010000000000000142e+01
3.970000000000000284e+01
2.260000000000000142e+01
2.050000000000000000e+01
4.310000000000000142e+01
3.950000000000000000e+01
3.210000000000000142e+01
6.139999999999999858e+01
2.789999999999999858e+01
4.270000000000000284e+01
4.620000000000000284e+01
4.360000000000000142e+01
3.239999999999999858e+01
3.950000000000000000e+01
3.550000000000000000e+01
2.760000000000000142e+01
3.420000000000000284e+01
3.250000000000000000e+01
3.160000000000000142e+01
3.139999999999999858e+01
2.080000000000000071e+01
2.900000000000000000e+01
3.489999999999999858e+01
2.269999999999999929e+01
3.470000000000000284e+01
3.479999999999999716e+01
6.020000000000000284e+01
2.760000000000000142e+01
3.650000000000000000e+01
4.210000000000000142e+01
2.219999999999999929e+01
2.130000000000000071e+01
2.230000000000000071e+01
1.800000000000000000e+01
1.390000000000000036e+01
1.550000000000000000e+01
1.950000000000000000e+01
1.350000000000000000e+01
1.130000000000000071e+01
1.650000000000000000e+01
1.989999999999999858e+01
3.139999999999999858e+01
2.080000000000000071e+01
1.960000000000000142e+01
2.900000000000000000e+01
1.860000000000000142e+01
3.489999999999999858e+01
2.269999999999999929e+01
1.789999999999999858e+01
3.470000000000000284e+01
3.479999999999999716e+01
6.020000000000000284e+01
2.760000000000000142e+01
1.009999999999999964e+01
3.650000000000000000e+01
1.500000000000000000e+01
4.210000000000000142e+01
1.760000000000000142e+01
2.219999999999999929e+01
2.130000000000000071e+01
2.230000000000000071e+01
3.860000000000000142e+01
1.400000000000000000e+01
1.930000000000000071e+01
1.619999999999999929e+01
2.880000000000000071e+01
1.090000000000000036e+01
2.239999999999999858e+01
1.519999999999999929e+01
4.739999999999999858e+01
