3.150000000000000000e+01
2.200000000000000000e+01
3.239999999999999858e+01
3.429999999999999716e+01
7.599999999999999645e+00
9.199999999999999289e+00
7.500000000000000000e+00
6.500000000000000000e+00
6.099999999999999645e+00
3.429999999999999716e+01
7.509999999999999432e+01
1.390000000000000036e+01
3.729999999999999716e+01
6.400000000000000355e+00
3.550000000000000000e+01
5.500000000000000000e+00
1.580000000000000071e+01
2.469999999999999929e+01
4.160000000000000142e+01
5.000000000000000000e+01
3.650000000000000000e+01
2.189999999999999858e+01
2.930000000000000071e+01
1.059999999999999964e+01
3.429999999999999716e+01
7.509999999999999432e+01
3.729999999999999716e+01
3.550000000000000000e+01
2.469999999999999929e+01
4.160000000000000142e+01
5.000000000000000000e+01
3.650000000000000000e+01
2.189999999999999858e+01
2.930000000000000071e+01
3.579999999999999716e+01
2.889999999999999858e+01
5.510000000000000142e+01
4.089999999999999858e+01
4.329999999999999716e+01
3.389999999999999858e+01
3.670000000000000284e+01
3.429999999999999716e+01
7.509999999999999432e+01
3.729999999999999716e+01
3.550000000000000000e+01
2.469999999999999929e+01
4.160000000000000142e+01
5.000000000000000000e+01
3.650000000000000000e+01
2.189999999999999858e+01
2.930000000000000071e+01
3.579999999999999716e+01
2.889999999999999858e+01
5.510000000000000142e+01
4.089999999999999858e+01
3.429999999999999716e+01
7.509999999999999432e+01
3.729999999999999716e+01
3.550000000000000000e+01
2.469999999999999929e+01
4.160000000000000142e+01
5.000000000000000000e+01
3.650000000000000000e+01
2.189999999999999858e+01
2.930000000000000071e+01
