3.670000000000000284e+01
2.410000000000000142e+01
6.000000000000000000e+01
6.010000000000000142e+01
3.460000000000000142e+01
5.370000000000000284e+01
2.300000000000000000e+01
4.629999999999999716e+01
4.010000000000000142e+01
2.800000000000000000e+01
4.139999999999999858e+01
2.360000000000000142e+01
1.760000000000000142e+01
3.979999999999999716e+01
1.330000000000000071e+01
2.439999999999999858e+01
3.239999999999999858e+01
1.000000000000000000e+01
2.660000000000000142e+01
7.299999999999999822e+00
6.799999999999999822e+00
7.700000000000000178e+00
6.000000000000000000e+00
9.400000000000000355e+00
9.199999999999999289e+00
1.330000000000000071e+01
6.900000000000000355e+00
2.439999999999999858e+01
7.700000000000000178e+00
3.239999999999999858e+01
6.099999999999999645e+00
1.000000000000000000e+01
6.700000000000000178e+00
2.660000000000000142e+01
3.000000000000000000e+01
1.319999999999999929e+01
1.700000000000000000e+01
2.700000000000000000e+01
2.089999999999999858e+01
1.380000000000000071e+01
4.339999999999999858e+01
4.189999999999999858e+01
5.799999999999999822e+00
2.180000000000000071e+01
4.150000000000000000e+01
1.150000000000000000e+01
4.529999999999999716e+01
1.630000000000000071e+01
3.410000000000000142e+01
3.650000000000000000e+01
6.500000000000000000e+00
7.859999999999999432e+01
8.599999999999999645e+00
2.660000000000000142e+01
4.750000000000000000e+01
8.500000000000000000e+00
2.110000000000000142e+01
2.439999999999999858e+01
3.239999999999999858e+01
2.660000000000000142e+01
3.000000000000000000e+01
2.700000000000000000e+01
2.089999999999999858e+01
4.339999999999999858e+01
4.189999999999999858e+01
2.180000000000000071e+01
4.150000000000000000e+01
4.529999999999999716e+01
3.410000000000000142e+01
3.650000000000000000e+01
7.859999999999999432e+01
2.660000000000000142e+01
4.750000000000000000e+01
2.110000000000000142e+01
4.370000000000000284e+01
3.520000000000000284e+01
2.480000000000000071e+01
2.119999999999999929e+01
3.260000000000000142e+01
4.979999999999999716e+01
3.560000000000000142e+01
2.980000000000000071e+01
3.080000000000000071e+01
3.539999999999999858e+01
2.619999999999999929e+01
1.330000000000000071e+01
1.000000000000000000e+01
1.319999999999999929e+01
1.700000000000000000e+01
1.380000000000000071e+01
1.150000000000000000e+01
1.630000000000000071e+01
2.480000000000000071e+01
2.119999999999999929e+01
3.260000000000000142e+01
1.269999999999999929e+01
4.979999999999999716e+01
3.560000000000000142e+01
2.980000000000000071e+01
3.080000000000000071e+01
3.539999999999999858e+01
2.619999999999999929e+01
1.910000000000000142e+01
1.980000000000000071e+01
4.620000000000000284e+01
4.520000000000000284e+01
2.069999999999999929e+01
2.769999999999999929e+01
3.689999999999999858e+01
3.019999999999999929e+01
1.109999999999999964e+01
7.790000000000000568e+01
3.080000000000000071e+01
