1.980000000000000071e+01
3.470000000000000284e+01
3.900000000000000000e+01
2.910000000000000142e+01
2.339999999999999858e+01
2.880000000000000071e+01
1.919999999999999929e+01
2.619999999999999929e+01
3.600000000000000000e+01
2.900000000000000000e+01
3.150000000000000000e+01
2.430000000000000071e+01
3.429999999999999716e+01
2.430000000000000071e+01
3.160000000000000142e+01
3.429999999999999716e+01
2.430000000000000071e+01
3.160000000000000142e+01
3.110000000000000142e+01
2.030000000000000071e+01
2.710000000000000142e+01
3.810000000000000142e+01
4.529999999999999716e+01
4.100000000000000000e+01
2.269999999999999929e+01
4.439999999999999858e+01
2.550000000000000000e+01
2.910000000000000142e+01
2.019999999999999929e+01
3.479999999999999716e+01
3.169999999999999929e+01
3.479999999999999716e+01
2.830000000000000071e+01
2.150000000000000000e+01
2.550000000000000000e+01
2.910000000000000142e+01
2.019999999999999929e+01
