3.060000000000000142e+01
4.370000000000000284e+01
1.650000000000000000e+01
1.350000000000000000e+01
5.979999999999999716e+01
2.589999999999999858e+01
2.530000000000000071e+01
4.110000000000000142e+01
3.260000000000000142e+01
1.330000000000000071e+01
1.530000000000000071e+01
3.779999999999999716e+01
1.359999999999999964e+01
1.430000000000000071e+01
5.599999999999999645e+00
9.099999999999999645e+00
6.299999999999999822e+00
8.000000000000000000e+00
8.099999999999999645e+00
9.599999999999999645e+00
6.299999999999999822e+00
1.359999999999999964e+01
1.430000000000000071e+01
6.900000000000000355e+00
2.180000000000000071e+01
3.310000000000000142e+01
8.090000000000000568e+01
5.000000000000000000e+00
3.950000000000000000e+01
3.670000000000000284e+01
2.460000000000000142e+01
3.050000000000000000e+01
8.900000000000000355e+00
1.469999999999999929e+01
1.419999999999999929e+01
9.599999999999999645e+00
4.089999999999999858e+01
9.599999999999999645e+00
5.679999999999999716e+01
1.109999999999999964e+01
6.099999999999999645e+00
7.099999999999999645e+00
3.260000000000000142e+01
3.639999999999999858e+01
1.219999999999999929e+01
1.219999999999999929e+01
3.589999999999999858e+01
2.860000000000000142e+01
8.599999999999999645e+00
1.100000000000000000e+01
1.800000000000000000e+01
4.729999999999999716e+01
2.180000000000000071e+01
3.310000000000000142e+01
8.090000000000000568e+01
3.950000000000000000e+01
3.670000000000000284e+01
2.460000000000000142e+01
3.050000000000000000e+01
4.089999999999999858e+01
5.679999999999999716e+01
3.260000000000000142e+01
3.639999999999999858e+01
3.589999999999999858e+01
2.860000000000000142e+01
4.729999999999999716e+01
3.820000000000000284e+01
3.929999999999999716e+01
5.400000000000000000e+01
2.360000000000000142e+01
2.150000000000000000e+01
9.390000000000000568e+01
2.860000000000000142e+01
2.430000000000000071e+01
6.400000000000000000e+01
4.739999999999999858e+01
3.789999999999999858e+01
2.639999999999999858e+01
3.270000000000000284e+01
4.660000000000000142e+01
5.979999999999999716e+01
3.300000000000000000e+01
2.760000000000000142e+01
3.239999999999999858e+01
3.879999999999999716e+01
1.359999999999999964e+01
1.430000000000000071e+01
1.469999999999999929e+01
1.419999999999999929e+01
1.109999999999999964e+01
1.219999999999999929e+01
1.219999999999999929e+01
1.100000000000000000e+01
1.800000000000000000e+01
1.689999999999999858e+01
1.719999999999999929e+01
5.400000000000000000e+01
2.360000000000000142e+01
2.150000000000000000e+01
9.390000000000000568e+01
2.860000000000000142e+01
1.630000000000000071e+01
2.430000000000000071e+01
6.400000000000000000e+01
4.739999999999999858e+01
3.789999999999999858e+01
2.639999999999999858e+01
3.270000000000000284e+01
1.019999999999999929e+01
4.660000000000000142e+01
5.979999999999999716e+01
3.300000000000000000e+01
1.069999999999999929e+01
2.760000000000000142e+01
3.239999999999999858e+01
3.879999999999999716e+01
4.470000000000000284e+01
1.069999999999999929e+01
2.069999999999999929e+01
4.070000000000000284e+01
3.670000000000000284e+01
2.400000000000000000e+01
3.229999999999999716e+01
6.179999999999999716e+01
1.900000000000000000e+01
3.000000000000000000e+01
2.880000000000000071e+01
1.650000000000000000e+01
