5.789999999999999858e+01
3.750000000000000000e+01
3.850000000000000000e+01
9.229999999999999716e+01
3.030000000000000071e+01
4.050000000000000000e+01
3.510000000000000142e+01
3.520000000000000284e+01
3.500000000000000000e+01
1.810000000000000142e+01
1.280000000000000071e+01
3.670000000000000284e+01
1.000000000000000000e+01
1.689999999999999858e+01
2.500000000000000000e+01
3.260000000000000142e+01
6.000000000000000000e+00
8.199999999999999289e+00
8.000000000000000000e+00
8.300000000000000711e+00
9.800000000000000711e+00
5.299999999999999822e+00
5.099999999999999645e+00
1.810000000000000142e+01
1.280000000000000071e+01
3.670000000000000284e+01
1.000000000000000000e+01
1.689999999999999858e+01
2.500000000000000000e+01
3.260000000000000142e+01
7.700000000000000178e+00
2.550000000000000000e+01
9.800000000000000711e+00
2.280000000000000071e+01
1.550000000000000000e+01
5.000000000000000000e+00
0.000000000000000000e+00
0.000000000000000000e+00
0.000000000000000000e+00
0.000000000000000000e+00
0.000000000000000000e+00
0.000000000000000000e+00
0.000000000000000000e+00
0.000000000000000000e+00
0.000000000000000000e+00
0.000000000000000000e+00
0.000000000000000000e+00
0.000000000000000000e+00
1.399999999999999911e+00
4.400000000000000355e+00
0.000000000000000000e+00
0.000000000000000000e+00
0.000000000000000000e+00
0.000000000000000000e+00
0.000000000000000000e+00
0.000000000000000000e+00
1.550000000000000000e+01
1.819999999999999929e+01
2.000000000000000000e+01
2.500000000000000000e+01
2.610000000000000142e+01
1.600000000000000000e+01
2.150000000000000000e+01
2.650000000000000000e+01
2.780000000000000071e+01
2.569999999999999929e+01
3.729999999999999716e+01
2.510000000000000142e+01
3.229999999999999716e+01
3.700000000000000000e+01
4.470000000000000284e+01
