3.989999999999999858e+01
3.110000000000000142e+01
2.110000000000000142e+01
3.729999999999999716e+01
1.789999999999999858e+01
3.850000000000000000e+01
2.950000000000000000e+01
2.330000000000000071e+01
1.900000000000000000e+01
4.370000000000000284e+01
2.089999999999999858e+01
2.780000000000000071e+01
1.140000000000000036e+01
6.039999999999999858e+01
6.039999999999999858e+01
6.039999999999999858e+01
6.039999999999999858e+01
6.039999999999999858e+01
6.039999999999999858e+01
6.039999999999999858e+01
6.039999999999999858e+01
6.039999999999999858e+01
6.039999999999999858e+01
6.039999999999999858e+01
6.039999999999999858e+01
6.039999999999999858e+01
6.039999999999999858e+01
6.039999999999999858e+01
6.039999999999999858e+01
6.039999999999999858e+01
1.960000000000000142e+01
6.039999999999999858e+01
6.039999999999999858e+01
1.080000000000000071e+01
6.039999999999999858e+01
6.039999999999999858e+01
6.039999999999999858e+01
6.039999999999999858e+01
6.039999999999999858e+01
6.039999999999999858e+01
6.039999999999999858e+01
2.560000000000000142e+01
6.039999999999999858e+01
2.689999999999999858e+01
6.060000000000000142e+01
6.039999999999999858e+01
6.039999999999999858e+01
6.039999999999999858e+01
2.310000000000000142e+01
6.039999999999999858e+01
6.039999999999999858e+01
6.039999999999999858e+01
6.039999999999999858e+01
6.039999999999999858e+01
6.039999999999999858e+01
6.039999999999999858e+01
6.039999999999999858e+01
6.039999999999999858e+01
2.780000000000000071e+01
6.039999999999999858e+01
6.039999999999999858e+01
6.039999999999999858e+01
6.039999999999999858e+01
6.039999999999999858e+01
2.589999999999999858e+01
6.039999999999999858e+01
6.039999999999999858e+01
6.039999999999999858e+01
6.039999999999999858e+01
6.039999999999999858e+01
6.039999999999999858e+01
6.039999999999999858e+01
6.039999999999999858e+01
2.780000000000000071e+01
6.039999999999999858e+01
3.900000000000000000e+01
6.039999999999999858e+01
6.039999999999999858e+01
6.039999999999999858e+01
6.039999999999999858e+01
1.789999999999999858e+01
6.039999999999999858e+01
6.060000000000000142e+01
6.039999999999999858e+01
1.469999999999999929e+01
6.039999999999999858e+01
6.039999999999999858e+01
4.529999999999999716e+01
1.669999999999999929e+01
6.039999999999999858e+01
6.039999999999999858e+01
6.070000000000000284e+01
6.039999999999999858e+01
2.739999999999999858e+01
6.039999999999999858e+01
2.900000000000000000e+01
6.039999999999999858e+01
3.910000000000000142e+01
6.039999999999999858e+01
2.180000000000000071e+01
1.100000000000000000e+01
6.039999999999999858e+01
6.039999999999999858e+01
6.039999999999999858e+01
3.130000000000000071e+01
6.039999999999999858e+01
2.669999999999999929e+01
6.039999999999999858e+01
6.039999999999999858e+01
6.039999999999999858e+01
6.039999999999999858e+01
6.039999999999999858e+01
2.780000000000000071e+01
6.039999999999999858e+01
3.900000000000000000e+01
6.039999999999999858e+01
6.039999999999999858e+01
6.039999999999999858e+01
6.039999999999999858e+01
6.039999999999999858e+01
6.060000000000000142e+01
6.039999999999999858e+01
6.039999999999999858e+01
6.039999999999999858e+01
4.529999999999999716e+01
6.039999999999999858e+01
6.039999999999999858e+01
6.070000000000000284e+01
6.039999999999999858e+01
2.739999999999999858e+01
6.039999999999999858e+01
2.900000000000000000e+01
6.039999999999999858e+01
3.910000000000000142e+01
6.039999999999999858e+01
2.180000000000000071e+01
6.039999999999999858e+01
6.039999999999999858e+01
6.039999999999999858e+01
3.130000000000000071e+01
6.039999999999999858e+01
2.669999999999999929e+01
6.039999999999999858e+01
6.039999999999999858e+01
6.039999999999999858e+01
6.039999999999999858e+01
6.039999999999999858e+01
2.819999999999999929e+01
6.039999999999999858e+01
6.039999999999999858e+01
6.039999999999999858e+01
6.039999999999999858e+01
3.910000000000000142e+01
6.039999999999999858e+01
6.039999999999999858e+01
6.039999999999999858e+01
6.060000000000000142e+01
6.039999999999999858e+01
6.039999999999999858e+01
6.039999999999999858e+01
6.039999999999999858e+01
6.039999999999999858e+01
6.039999999999999858e+01
6.039999999999999858e+01
6.039999999999999858e+01
6.039999999999999858e+01
6.039999999999999858e+01
6.039999999999999858e+01
6.039999999999999858e+01
6.039999999999999858e+01
6.039999999999999858e+01
6.039999999999999858e+01
6.039999999999999858e+01
6.039999999999999858e+01
6.039999999999999858e+01
6.039999999999999858e+01
6.039999999999999858e+01
6.039999999999999858e+01
6.039999999999999858e+01
6.039999999999999858e+01
6.039999999999999858e+01
6.039999999999999858e+01
6.060000000000000142e+01
6.039999999999999858e+01
6.039999999999999858e+01
6.039999999999999858e+01
6.039999999999999858e+01
6.039999999999999858e+01
6.039999999999999858e+01
2.510000000000000142e+01
6.039999999999999858e+01
6.039999999999999858e+01
6.039999999999999858e+01
6.039999999999999858e+01
6.039999999999999858e+01
6.039999999999999858e+01
6.039999999999999858e+01
3.960000000000000142e+01
6.039999999999999858e+01
6.039999999999999858e+01
6.039999999999999858e+01
6.039999999999999858e+01
6.039999999999999858e+01
6.039999999999999858e+01
6.039999999999999858e+01
6.039999999999999858e+01
6.039999999999999858e+01
6.039999999999999858e+01
6.039999999999999858e+01
6.039999999999999858e+01
6.039999999999999858e+01
6.039999999999999858e+01
6.039999999999999858e+01
6.070000000000000284e+01
6.039999999999999858e+01
6.039999999999999858e+01
6.039999999999999858e+01
6.039999999999999858e+01
2.880000000000000071e+01
6.039999999999999858e+01
6.039999999999999858e+01
6.039999999999999858e+01
6.070000000000000284e+01
6.039999999999999858e+01
6.039999999999999858e+01
6.039999999999999858e+01
6.039999999999999858e+01
6.039999999999999858e+01
6.039999999999999858e+01
6.060000000000000142e+01
6.070000000000000284e+01
6.039999999999999858e+01
6.039999999999999858e+01
6.039999999999999858e+01
6.039999999999999858e+01
6.039999999999999858e+01
6.039999999999999858e+01
6.039999999999999858e+01
6.039999999999999858e+01
6.039999999999999858e+01
6.070000000000000284e+01
6.039999999999999858e+01
6.039999999999999858e+01
6.060000000000000142e+01
6.039999999999999858e+01
6.039999999999999858e+01
6.039999999999999858e+01
6.039999999999999858e+01
6.039999999999999858e+01
6.039999999999999858e+01
6.039999999999999858e+01
6.039999999999999858e+01
6.039999999999999858e+01
6.039999999999999858e+01
6.039999999999999858e+01
6.039999999999999858e+01
6.039999999999999858e+01
4.710000000000000142e+01
6.039999999999999858e+01
6.070000000000000284e+01
6.039999999999999858e+01
6.039999999999999858e+01
6.039999999999999858e+01
3.420000000000000284e+01
6.039999999999999858e+01
6.039999999999999858e+01
6.039999999999999858e+01
6.039999999999999858e+01
6.039999999999999858e+01
6.039999999999999858e+01
6.039999999999999858e+01
6.039999999999999858e+01
4.120000000000000284e+01
6.039999999999999858e+01
6.039999999999999858e+01
6.039999999999999858e+01
6.039999999999999858e+01
6.039999999999999858e+01
6.039999999999999858e+01
6.039999999999999858e+01
6.060000000000000142e+01
6.039999999999999858e+01
2.489999999999999858e+01
3.310000000000000142e+01
6.039999999999999858e+01
6.039999999999999858e+01
6.039999999999999858e+01
6.039999999999999858e+01
6.039999999999999858e+01
6.039999999999999858e+01
2.080000000000000071e+01
6.039999999999999858e+01
6.039999999999999858e+01
6.039999999999999858e+01
6.039999999999999858e+01
6.039999999999999858e+01
6.039999999999999858e+01
6.039999999999999858e+01
6.039999999999999858e+01
6.039999999999999858e+01
6.039999999999999858e+01
6.039999999999999858e+01
6.039999999999999858e+01
6.039999999999999858e+01
4.439999999999999858e+01
6.039999999999999858e+01
6.100000000000000000e+01
6.039999999999999858e+01
3.200000000000000000e+01
6.039999999999999858e+01
6.039999999999999858e+01
6.039999999999999858e+01
3.250000000000000000e+01
6.039999999999999858e+01
6.039999999999999858e+01
6.039999999999999858e+01
6.039999999999999858e+01
6.100000000000000000e+01
6.039999999999999858e+01
6.039999999999999858e+01
6.039999999999999858e+01
6.039999999999999858e+01
6.039999999999999858e+01
6.039999999999999858e+01
6.039999999999999858e+01
6.039999999999999858e+01
6.039999999999999858e+01
2.650000000000000000e+01
6.039999999999999858e+01
6.039999999999999858e+01
6.039999999999999858e+01
6.039999999999999858e+01
6.039999999999999858e+01
6.039999999999999858e+01
6.039999999999999858e+01
2.589999999999999858e+01
6.039999999999999858e+01
6.039999999999999858e+01
6.039999999999999858e+01
6.039999999999999858e+01
6.039999999999999858e+01
6.039999999999999858e+01
6.039999999999999858e+01
6.039999999999999858e+01
6.039999999999999858e+01
6.039999999999999858e+01
6.039999999999999858e+01
6.039999999999999858e+01
6.039999999999999858e+01
6.039999999999999858e+01
6.070000000000000284e+01
6.039999999999999858e+01
6.039999999999999858e+01
6.039999999999999858e+01
6.039999999999999858e+01
3.670000000000000284e+01
6.039999999999999858e+01
0.000000000000000000e+00
6.039999999999999858e+01
0.000000000000000000e+00
6.039999999999999858e+01
6.039999999999999858e+01
0.000000000000000000e+00
6.039999999999999858e+01
6.039999999999999858e+01
0.000000000000000000e+00
0.000000000000000000e+00
2.439999999999999858e+01
0.000000000000000000e+00
6.039999999999999858e+01
0.000000000000000000e+00
0.000000000000000000e+00
6.039999999999999858e+01
6.039999999999999858e+01
6.070000000000000284e+01
6.039999999999999858e+01
0.000000000000000000e+00
0.000000000000000000e+00
6.039999999999999858e+01
6.039999999999999858e+01
6.039999999999999858e+01
0.000000000000000000e+00
6.039999999999999858e+01
0.000000000000000000e+00
6.039999999999999858e+01
6.700000000000000178e+00
0.000000000000000000e+00
6.039999999999999858e+01
0.000000000000000000e+00
0.000000000000000000e+00
0.000000000000000000e+00
0.000000000000000000e+00
6.039999999999999858e+01
0.000000000000000000e+00
6.039999999999999858e+01
0.000000000000000000e+00
9.500000000000000000e+00
6.039999999999999858e+01
1.650000000000000000e+01
6.039999999999999858e+01
0.000000000000000000e+00
6.039999999999999858e+01
6.039999999999999858e+01
6.039999999999999858e+01
6.039999999999999858e+01
0.000000000000000000e+00
0.000000000000000000e+00
0.000000000000000000e+00
0.000000000000000000e+00
1.440000000000000036e+01
0.000000000000000000e+00
0.000000000000000000e+00
6.039999999999999858e+01
0.000000000000000000e+00
6.039999999999999858e+01
6.039999999999999858e+01
0.000000000000000000e+00
9.000000000000000222e-01
0.000000000000000000e+00
6.039999999999999858e+01
6.039999999999999858e+01
0.000000000000000000e+00
6.039999999999999858e+01
0.000000000000000000e+00
0.000000000000000000e+00
6.799999999999999822e+00
6.039999999999999858e+01
6.039999999999999858e+01
6.070000000000000284e+01
6.060000000000000142e+01
0.000000000000000000e+00
2.369999999999999929e+01
0.000000000000000000e+00
6.039999999999999858e+01
0.000000000000000000e+00
6.039999999999999858e+01
6.039999999999999858e+01
1.300000000000000000e+01
6.039999999999999858e+01
0.000000000000000000e+00
7.099999999999999645e+00
6.039999999999999858e+01
0.000000000000000000e+00
0.000000000000000000e+00
0.000000000000000000e+00
0.000000000000000000e+00
0.000000000000000000e+00
6.039999999999999858e+01
6.039999999999999858e+01
6.039999999999999858e+01
2.000000000000000111e-01
0.000000000000000000e+00
0.000000000000000000e+00
0.000000000000000000e+00
0.000000000000000000e+00
0.000000000000000000e+00
0.000000000000000000e+00
6.039999999999999858e+01
6.039999999999999858e+01
6.400000000000000355e+00
0.000000000000000000e+00
6.039999999999999858e+01
6.039999999999999858e+01
0.000000000000000000e+00
0.000000000000000000e+00
0.000000000000000000e+00
5.599999999999999645e+00
8.500000000000000000e+00
0.000000000000000000e+00
0.000000000000000000e+00
0.000000000000000000e+00
6.099999999999999645e+00
6.039999999999999858e+01
6.070000000000000284e+01
4.700000000000000178e+00
6.039999999999999858e+01
0.000000000000000000e+00
0.000000000000000000e+00
6.060000000000000142e+01
0.000000000000000000e+00
0.000000000000000000e+00
6.039999999999999858e+01
3.899999999999999911e+00
6.039999999999999858e+01
0.000000000000000000e+00
1.100000000000000089e+00
0.000000000000000000e+00
0.000000000000000000e+00
6.039999999999999858e+01
6.039999999999999858e+01
2.780000000000000071e+01
6.039999999999999858e+01
6.039999999999999858e+01
6.039999999999999858e+01
6.039999999999999858e+01
6.039999999999999858e+01
6.039999999999999858e+01
6.060000000000000142e+01
6.039999999999999858e+01
6.039999999999999858e+01
6.039999999999999858e+01
4.529999999999999716e+01
6.039999999999999858e+01
6.039999999999999858e+01
6.070000000000000284e+01
6.039999999999999858e+01
6.039999999999999858e+01
6.039999999999999858e+01
6.039999999999999858e+01
2.180000000000000071e+01
6.039999999999999858e+01
6.039999999999999858e+01
6.039999999999999858e+01
3.130000000000000071e+01
6.039999999999999858e+01
2.669999999999999929e+01
6.039999999999999858e+01
6.039999999999999858e+01
6.039999999999999858e+01
6.039999999999999858e+01
6.039999999999999858e+01
2.819999999999999929e+01
6.039999999999999858e+01
6.039999999999999858e+01
6.039999999999999858e+01
6.039999999999999858e+01
3.910000000000000142e+01
6.039999999999999858e+01
6.039999999999999858e+01
6.039999999999999858e+01
6.060000000000000142e+01
6.039999999999999858e+01
6.039999999999999858e+01
6.039999999999999858e+01
6.039999999999999858e+01
6.039999999999999858e+01
6.039999999999999858e+01
6.039999999999999858e+01
6.039999999999999858e+01
6.039999999999999858e+01
6.039999999999999858e+01
6.039999999999999858e+01
6.039999999999999858e+01
6.039999999999999858e+01
6.039999999999999858e+01
6.039999999999999858e+01
6.039999999999999858e+01
6.039999999999999858e+01
6.039999999999999858e+01
6.039999999999999858e+01
6.039999999999999858e+01
6.039999999999999858e+01
6.039999999999999858e+01
6.039999999999999858e+01
6.039999999999999858e+01
6.039999999999999858e+01
6.060000000000000142e+01
6.039999999999999858e+01
6.039999999999999858e+01
6.039999999999999858e+01
6.039999999999999858e+01
6.039999999999999858e+01
6.039999999999999858e+01
2.510000000000000142e+01
6.039999999999999858e+01
6.039999999999999858e+01
6.039999999999999858e+01
6.039999999999999858e+01
6.039999999999999858e+01
6.039999999999999858e+01
6.039999999999999858e+01
3.960000000000000142e+01
6.039999999999999858e+01
6.039999999999999858e+01
6.039999999999999858e+01
6.039999999999999858e+01
6.039999999999999858e+01
6.039999999999999858e+01
6.039999999999999858e+01
6.039999999999999858e+01
6.039999999999999858e+01
6.039999999999999858e+01
6.039999999999999858e+01
6.039999999999999858e+01
6.039999999999999858e+01
6.039999999999999858e+01
6.039999999999999858e+01
6.070000000000000284e+01
6.039999999999999858e+01
6.039999999999999858e+01
6.039999999999999858e+01
6.039999999999999858e+01
2.880000000000000071e+01
6.039999999999999858e+01
6.039999999999999858e+01
6.039999999999999858e+01
6.070000000000000284e+01
6.039999999999999858e+01
6.039999999999999858e+01
6.039999999999999858e+01
6.039999999999999858e+01
6.039999999999999858e+01
6.039999999999999858e+01
6.060000000000000142e+01
6.070000000000000284e+01
6.039999999999999858e+01
6.039999999999999858e+01
6.039999999999999858e+01
6.039999999999999858e+01
6.039999999999999858e+01
6.039999999999999858e+01
6.039999999999999858e+01
6.039999999999999858e+01
6.039999999999999858e+01
6.070000000000000284e+01
6.039999999999999858e+01
6.039999999999999858e+01
6.060000000000000142e+01
6.039999999999999858e+01
6.039999999999999858e+01
6.039999999999999858e+01
6.039999999999999858e+01
6.039999999999999858e+01
6.039999999999999858e+01
6.039999999999999858e+01
6.039999999999999858e+01
6.039999999999999858e+01
6.039999999999999858e+01
6.039999999999999858e+01
6.039999999999999858e+01
6.039999999999999858e+01
4.710000000000000142e+01
6.039999999999999858e+01
6.070000000000000284e+01
6.039999999999999858e+01
6.039999999999999858e+01
6.039999999999999858e+01
3.420000000000000284e+01
6.039999999999999858e+01
6.039999999999999858e+01
6.039999999999999858e+01
6.039999999999999858e+01
6.039999999999999858e+01
6.039999999999999858e+01
6.039999999999999858e+01
6.039999999999999858e+01
4.120000000000000284e+01
6.039999999999999858e+01
6.039999999999999858e+01
6.039999999999999858e+01
6.039999999999999858e+01
6.039999999999999858e+01
6.039999999999999858e+01
6.039999999999999858e+01
6.060000000000000142e+01
6.039999999999999858e+01
2.489999999999999858e+01
3.310000000000000142e+01
6.039999999999999858e+01
6.039999999999999858e+01
6.039999999999999858e+01
6.039999999999999858e+01
6.039999999999999858e+01
6.039999999999999858e+01
2.080000000000000071e+01
6.039999999999999858e+01
6.039999999999999858e+01
6.039999999999999858e+01
6.039999999999999858e+01
6.039999999999999858e+01
6.039999999999999858e+01
6.039999999999999858e+01
6.039999999999999858e+01
6.039999999999999858e+01
6.039999999999999858e+01
6.039999999999999858e+01
6.039999999999999858e+01
6.039999999999999858e+01
4.439999999999999858e+01
6.039999999999999858e+01
6.100000000000000000e+01
6.039999999999999858e+01
3.200000000000000000e+01
6.039999999999999858e+01
6.039999999999999858e+01
6.039999999999999858e+01
3.250000000000000000e+01
6.039999999999999858e+01
6.039999999999999858e+01
6.039999999999999858e+01
6.039999999999999858e+01
6.100000000000000000e+01
6.039999999999999858e+01
6.039999999999999858e+01
6.039999999999999858e+01
6.039999999999999858e+01
6.039999999999999858e+01
6.039999999999999858e+01
6.039999999999999858e+01
6.039999999999999858e+01
6.039999999999999858e+01
2.650000000000000000e+01
6.039999999999999858e+01
6.039999999999999858e+01
6.039999999999999858e+01
6.039999999999999858e+01
6.039999999999999858e+01
6.039999999999999858e+01
6.039999999999999858e+01
2.589999999999999858e+01
6.039999999999999858e+01
6.039999999999999858e+01
6.039999999999999858e+01
6.039999999999999858e+01
6.039999999999999858e+01
6.039999999999999858e+01
6.039999999999999858e+01
6.039999999999999858e+01
6.039999999999999858e+01
6.039999999999999858e+01
6.039999999999999858e+01
6.039999999999999858e+01
2.780000000000000071e+01
6.039999999999999858e+01
6.039999999999999858e+01
6.039999999999999858e+01
6.039999999999999858e+01
6.039999999999999858e+01
6.039999999999999858e+01
6.060000000000000142e+01
6.039999999999999858e+01
6.039999999999999858e+01
6.039999999999999858e+01
4.529999999999999716e+01
6.039999999999999858e+01
6.039999999999999858e+01
6.070000000000000284e+01
6.039999999999999858e+01
6.039999999999999858e+01
6.039999999999999858e+01
6.039999999999999858e+01
2.180000000000000071e+01
6.039999999999999858e+01
6.039999999999999858e+01
6.039999999999999858e+01
3.130000000000000071e+01
6.039999999999999858e+01
2.669999999999999929e+01
6.039999999999999858e+01
6.039999999999999858e+01
6.039999999999999858e+01
6.039999999999999858e+01
6.039999999999999858e+01
2.819999999999999929e+01
6.039999999999999858e+01
6.039999999999999858e+01
6.039999999999999858e+01
6.039999999999999858e+01
3.910000000000000142e+01
6.039999999999999858e+01
6.039999999999999858e+01
6.039999999999999858e+01
6.060000000000000142e+01
6.039999999999999858e+01
6.039999999999999858e+01
6.039999999999999858e+01
6.039999999999999858e+01
6.039999999999999858e+01
6.039999999999999858e+01
6.039999999999999858e+01
6.039999999999999858e+01
6.039999999999999858e+01
6.039999999999999858e+01
6.039999999999999858e+01
6.039999999999999858e+01
6.039999999999999858e+01
6.039999999999999858e+01
6.039999999999999858e+01
6.039999999999999858e+01
6.039999999999999858e+01
6.039999999999999858e+01
6.039999999999999858e+01
6.039999999999999858e+01
6.039999999999999858e+01
6.039999999999999858e+01
6.039999999999999858e+01
6.039999999999999858e+01
6.039999999999999858e+01
6.060000000000000142e+01
6.039999999999999858e+01
6.039999999999999858e+01
6.039999999999999858e+01
6.039999999999999858e+01
6.039999999999999858e+01
6.039999999999999858e+01
2.510000000000000142e+01
6.039999999999999858e+01
6.039999999999999858e+01
6.039999999999999858e+01
6.039999999999999858e+01
6.039999999999999858e+01
6.039999999999999858e+01
6.039999999999999858e+01
3.960000000000000142e+01
6.039999999999999858e+01
6.039999999999999858e+01
6.039999999999999858e+01
6.039999999999999858e+01
6.039999999999999858e+01
6.039999999999999858e+01
6.039999999999999858e+01
6.039999999999999858e+01
6.039999999999999858e+01
6.039999999999999858e+01
6.039999999999999858e+01
6.039999999999999858e+01
6.039999999999999858e+01
6.039999999999999858e+01
6.039999999999999858e+01
6.070000000000000284e+01
6.039999999999999858e+01
6.039999999999999858e+01
6.039999999999999858e+01
6.039999999999999858e+01
2.880000000000000071e+01
6.039999999999999858e+01
6.039999999999999858e+01
6.039999999999999858e+01
6.070000000000000284e+01
6.039999999999999858e+01
6.039999999999999858e+01
6.039999999999999858e+01
6.039999999999999858e+01
6.039999999999999858e+01
6.039999999999999858e+01
6.060000000000000142e+01
6.070000000000000284e+01
6.039999999999999858e+01
6.039999999999999858e+01
6.039999999999999858e+01
6.039999999999999858e+01
6.039999999999999858e+01
6.039999999999999858e+01
6.039999999999999858e+01
6.039999999999999858e+01
6.039999999999999858e+01
6.070000000000000284e+01
6.039999999999999858e+01
6.039999999999999858e+01
6.060000000000000142e+01
6.039999999999999858e+01
6.039999999999999858e+01
6.039999999999999858e+01
6.039999999999999858e+01
6.039999999999999858e+01
6.039999999999999858e+01
6.039999999999999858e+01
6.039999999999999858e+01
6.039999999999999858e+01
6.039999999999999858e+01
6.039999999999999858e+01
6.039999999999999858e+01
6.039999999999999858e+01
4.710000000000000142e+01
6.039999999999999858e+01
6.070000000000000284e+01
6.039999999999999858e+01
6.039999999999999858e+01
6.039999999999999858e+01
3.420000000000000284e+01
6.039999999999999858e+01
6.039999999999999858e+01
