1.980000000000000071e+01
2.050000000000000000e+01
3.489999999999999858e+01
2.160000000000000142e+01
3.489999999999999858e+01
2.400000000000000000e+01
1.830000000000000071e+01
2.419999999999999929e+01
2.519999999999999929e+01
2.050000000000000000e+01
2.519999999999999929e+01
1.000000000000000000e+01
1.419999999999999929e+01
9.309999999999999432e+01
2.660000000000000142e+01
8.500000000000000000e+00
9.400000000000000355e+00
7.000000000000000000e+00
6.900000000000000355e+00
1.000000000000000000e+01
1.419999999999999929e+01
9.309999999999999432e+01
5.500000000000000000e+00
2.660000000000000142e+01
7.500000000000000000e+00
8.000000000000000000e+00
2.339999999999999858e+01
9.000000000000000000e+00
3.860000000000000142e+01
5.820000000000000284e+01
1.639999999999999858e+01
1.769999999999999929e+01
3.650000000000000000e+01
6.339999999999999858e+01
3.870000000000000284e+01
2.889999999999999858e+01
5.400000000000000355e+00
3.589999999999999858e+01
2.180000000000000071e+01
1.009999999999999964e+01
8.579999999999999716e+01
1.919999999999999929e+01
4.710000000000000142e+01
8.159999999999999432e+01
4.120000000000000284e+01
5.150000000000000000e+01
4.429999999999999716e+01
6.599999999999999645e+00
2.680000000000000071e+01
9.309999999999999432e+01
2.660000000000000142e+01
2.339999999999999858e+01
3.860000000000000142e+01
5.820000000000000284e+01
3.650000000000000000e+01
6.339999999999999858e+01
3.870000000000000284e+01
3.589999999999999858e+01
2.180000000000000071e+01
8.579999999999999716e+01
4.710000000000000142e+01
8.159999999999999432e+01
4.120000000000000284e+01
5.150000000000000000e+01
4.429999999999999716e+01
2.680000000000000071e+01
3.900000000000000000e+01
3.679999999999999716e+01
2.869999999999999929e+01
2.780000000000000071e+01
4.129999999999999716e+01
1.000000000000000000e+01
1.419999999999999929e+01
1.639999999999999858e+01
1.769999999999999929e+01
1.919999999999999929e+01
3.900000000000000000e+01
3.679999999999999716e+01
1.540000000000000036e+01
1.680000000000000071e+01
2.869999999999999929e+01
2.780000000000000071e+01
4.129999999999999716e+01
4.129999999999999716e+01
3.160000000000000142e+01
1.080000000000000071e+01
3.710000000000000142e+01
