2.760000000000000142e+01
5.179999999999999716e+01
4.239999999999999858e+01
2.130000000000000071e+01
2.560000000000000142e+01
4.710000000000000142e+01
1.860000000000000142e+01
1.119999999999999929e+01
4.010000000000000142e+01
1.639999999999999858e+01
2.110000000000000142e+01
1.459999999999999964e+01
6.450000000000000000e+01
4.070000000000000284e+01
2.019999999999999929e+01
6.450000000000000000e+01
4.070000000000000284e+01
2.019999999999999929e+01
2.980000000000000071e+01
5.189999999999999858e+01
3.870000000000000284e+01
3.189999999999999858e+01
2.619999999999999929e+01
2.460000000000000142e+01
2.500000000000000000e+01
2.180000000000000071e+01
2.850000000000000000e+01
7.590000000000000568e+01
3.960000000000000142e+01
5.279999999999999716e+01
3.970000000000000284e+01
3.189999999999999858e+01
2.889999999999999858e+01
3.700000000000000000e+01
4.139999999999999858e+01
4.789999999999999858e+01
3.820000000000000284e+01
3.180000000000000071e+01
3.979999999999999716e+01
4.110000000000000142e+01
2.000000000000000000e+01
2.360000000000000142e+01
3.560000000000000142e+01
3.310000000000000142e+01
6.529999999999999716e+01
4.789999999999999858e+01
7.829999999999999716e+01
2.150000000000000000e+01
3.739999999999999858e+01
5.989999999999999858e+01
3.979999999999999716e+01
4.110000000000000142e+01
2.000000000000000000e+01
2.360000000000000142e+01
3.560000000000000142e+01
3.310000000000000142e+01
