1.180000000000000071e+01
3.069999999999999929e+01
2.060000000000000142e+01
1.019999999999999929e+01
3.410000000000000142e+01
3.460000000000000142e+01
3.670000000000000284e+01
5.620000000000000284e+01
2.719999999999999929e+01
1.459999999999999964e+01
4.429999999999999716e+01
2.760000000000000142e+01
2.300000000000000000e+01
2.260000000000000142e+01
4.550000000000000000e+01
2.100000000000000000e+01
2.280000000000000071e+01
3.550000000000000000e+01
3.310000000000000142e+01
4.260000000000000142e+01
2.289999999999999858e+01
3.479999999999999716e+01
2.130000000000000071e+01
3.879999999999999716e+01
6.959999999999999432e+01
4.020000000000000284e+01
3.950000000000000000e+01
2.889999999999999858e+01
3.889999999999999858e+01
4.429999999999999716e+01
2.760000000000000142e+01
2.300000000000000000e+01
2.260000000000000142e+01
4.550000000000000000e+01
2.100000000000000000e+01
2.280000000000000071e+01
3.550000000000000000e+01
3.310000000000000142e+01
4.260000000000000142e+01
2.289999999999999858e+01
3.479999999999999716e+01
2.130000000000000071e+01
6.959999999999999432e+01
4.020000000000000284e+01
3.950000000000000000e+01
2.889999999999999858e+01
3.889999999999999858e+01
4.429999999999999716e+01
2.760000000000000142e+01
2.300000000000000000e+01
4.550000000000000000e+01
2.100000000000000000e+01
2.280000000000000071e+01
3.550000000000000000e+01
3.310000000000000142e+01
4.260000000000000142e+01
2.289999999999999858e+01
4.429999999999999716e+01
2.760000000000000142e+01
4.550000000000000000e+01
2.100000000000000000e+01
2.280000000000000071e+01
3.550000000000000000e+01
