2.630000000000000071e+01
3.839999999999999858e+01
3.979999999999999716e+01
3.910000000000000142e+01
1.430000000000000071e+01
1.280000000000000071e+01
2.439999999999999858e+01
2.689999999999999858e+01
3.420000000000000284e+01
2.850000000000000000e+01
4.700000000000000000e+01
3.760000000000000142e+01
2.330000000000000071e+01
2.850000000000000000e+01
4.700000000000000000e+01
3.760000000000000142e+01
2.330000000000000071e+01
2.660000000000000142e+01
2.830000000000000071e+01
3.660000000000000142e+01
5.170000000000000284e+01
3.870000000000000284e+01
2.819999999999999929e+01
4.489999999999999858e+01
3.700000000000000000e+01
3.800000000000000000e+01
5.400000000000000000e+01
2.530000000000000071e+01
2.160000000000000142e+01
2.350000000000000000e+01
3.229999999999999716e+01
2.810000000000000142e+01
2.510000000000000142e+01
4.929999999999999716e+01
2.430000000000000071e+01
5.079999999999999716e+01
3.160000000000000142e+01
3.379999999999999716e+01
3.310000000000000142e+01
4.939999999999999858e+01
3.010000000000000142e+01
2.739999999999999858e+01
3.900000000000000000e+01
2.980000000000000071e+01
3.900000000000000000e+01
2.850000000000000000e+01
4.700000000000000000e+01
3.760000000000000142e+01
2.330000000000000071e+01
2.660000000000000142e+01
2.830000000000000071e+01
3.660000000000000142e+01
5.170000000000000284e+01
3.870000000000000284e+01
2.819999999999999929e+01
4.489999999999999858e+01
3.700000000000000000e+01
3.800000000000000000e+01
5.400000000000000000e+01
2.530000000000000071e+01
2.160000000000000142e+01
2.350000000000000000e+01
3.229999999999999716e+01
2.810000000000000142e+01
2.510000000000000142e+01
4.929999999999999716e+01
2.430000000000000071e+01
5.079999999999999716e+01
3.160000000000000142e+01
3.379999999999999716e+01
3.310000000000000142e+01
4.939999999999999858e+01
3.010000000000000142e+01
2.739999999999999858e+01
3.900000000000000000e+01
2.980000000000000071e+01
3.900000000000000000e+01
2.850000000000000000e+01
4.700000000000000000e+01
3.760000000000000142e+01
2.330000000000000071e+01
2.660000000000000142e+01
2.830000000000000071e+01
3.660000000000000142e+01
5.170000000000000284e+01
3.870000000000000284e+01
4.489999999999999858e+01
3.700000000000000000e+01
3.800000000000000000e+01
5.400000000000000000e+01
2.530000000000000071e+01
2.160000000000000142e+01
2.350000000000000000e+01
2.850000000000000000e+01
4.700000000000000000e+01
3.760000000000000142e+01
2.330000000000000071e+01
2.660000000000000142e+01
2.830000000000000071e+01
3.660000000000000142e+01
5.170000000000000284e+01
3.870000000000000284e+01
4.489999999999999858e+01
3.700000000000000000e+01
