1.450000000000000000e+01
5.250000000000000000e+01
1.040000000000000036e+01
1.280000000000000071e+01
3.660000000000000142e+01
1.930000000000000071e+01
1.900000000000000000e+01
3.870000000000000284e+01
5.150000000000000000e+01
2.169999999999999929e+01
4.610000000000000142e+01
3.589999999999999858e+01
5.670000000000000284e+01
4.610000000000000142e+01
3.589999999999999858e+01
5.670000000000000284e+01
2.780000000000000071e+01
3.329999999999999716e+01
4.839999999999999858e+01
2.969999999999999929e+01
3.570000000000000284e+01
3.410000000000000142e+01
2.219999999999999929e+01
2.400000000000000000e+01
3.050000000000000000e+01
3.379999999999999716e+01
3.570000000000000284e+01
2.310000000000000142e+01
3.820000000000000284e+01
3.870000000000000284e+01
2.510000000000000142e+01
3.110000000000000142e+01
2.550000000000000000e+01
2.780000000000000071e+01
4.200000000000000000e+01
4.579999999999999716e+01
3.000000000000000000e+01
3.820000000000000284e+01
3.870000000000000284e+01
