1.750000000000000000e+01
3.689999999999999858e+01
6.039999999999999858e+01
1.780000000000000071e+01
1.730000000000000071e+01
3.030000000000000071e+01
2.380000000000000071e+01
2.960000000000000142e+01
5.720000000000000284e+01
5.970000000000000284e+01
3.260000000000000142e+01
2.960000000000000142e+01
3.069999999999999929e+01
3.879999999999999716e+01
5.970000000000000284e+01
3.260000000000000142e+01
2.960000000000000142e+01
3.069999999999999929e+01
3.879999999999999716e+01
3.239999999999999858e+01
3.939999999999999858e+01
2.250000000000000000e+01
2.430000000000000071e+01
7.140000000000000568e+01
2.700000000000000000e+01
3.200000000000000000e+01
2.030000000000000071e+01
2.200000000000000000e+01
6.260000000000000142e+01
3.950000000000000000e+01
4.839999999999999858e+01
4.620000000000000284e+01
2.210000000000000142e+01
2.689999999999999858e+01
2.960000000000000142e+01
2.760000000000000142e+01
3.479999999999999716e+01
3.019999999999999929e+01
4.839999999999999858e+01
4.620000000000000284e+01
2.210000000000000142e+01
2.689999999999999858e+01
2.960000000000000142e+01
2.760000000000000142e+01
