2.550000000000000000e+01
2.750000000000000000e+01
1.400000000000000000e+01
3.420000000000000284e+01
4.020000000000000284e+01
2.910000000000000142e+01
1.610000000000000142e+01
1.930000000000000071e+01
2.889999999999999858e+01
1.450000000000000000e+01
3.500000000000000000e+01
4.489999999999999858e+01
3.110000000000000142e+01
6.229999999999999716e+01
3.510000000000000142e+01
2.860000000000000142e+01
3.110000000000000142e+01
6.229999999999999716e+01
3.510000000000000142e+01
2.860000000000000142e+01
3.750000000000000000e+01
3.060000000000000142e+01
3.720000000000000284e+01
6.000000000000000000e+01
2.369999999999999929e+01
2.530000000000000071e+01
6.200000000000000000e+01
3.370000000000000284e+01
3.260000000000000142e+01
2.280000000000000071e+01
2.530000000000000071e+01
4.200000000000000000e+01
3.760000000000000142e+01
4.939999999999999858e+01
3.389999999999999858e+01
2.319999999999999929e+01
2.580000000000000071e+01
5.660000000000000142e+01
2.650000000000000000e+01
3.010000000000000142e+01
0.000000000000000000e+00
0.000000000000000000e+00
0.000000000000000000e+00
0.000000000000000000e+00
7.099999999999999645e+00
0.000000000000000000e+00
2.030000000000000071e+01
0.000000000000000000e+00
0.000000000000000000e+00
0.000000000000000000e+00
2.039999999999999858e+01
0.000000000000000000e+00
1.000000000000000056e-01
0.000000000000000000e+00
0.000000000000000000e+00
2.899999999999999911e+00
0.000000000000000000e+00
0.000000000000000000e+00
0.000000000000000000e+00
6.229999999999999716e+01
3.510000000000000142e+01
2.860000000000000142e+01
3.750000000000000000e+01
3.060000000000000142e+01
3.720000000000000284e+01
6.000000000000000000e+01
2.369999999999999929e+01
2.530000000000000071e+01
3.260000000000000142e+01
2.280000000000000071e+01
2.530000000000000071e+01
4.200000000000000000e+01
3.760000000000000142e+01
4.939999999999999858e+01
3.389999999999999858e+01
5.660000000000000142e+01
2.650000000000000000e+01
6.229999999999999716e+01
3.510000000000000142e+01
2.860000000000000142e+01
3.750000000000000000e+01
3.060000000000000142e+01
3.720000000000000284e+01
6.000000000000000000e+01
2.369999999999999929e+01
2.530000000000000071e+01
3.260000000000000142e+01
2.280000000000000071e+01
2.530000000000000071e+01
4.200000000000000000e+01
3.760000000000000142e+01
