3.620000000000000284e+01
3.080000000000000071e+01
1.900000000000000000e+01
2.950000000000000000e+01
3.279999999999999716e+01
1.180000000000000071e+01
4.510000000000000142e+01
2.630000000000000071e+01
1.689999999999999858e+01
1.600000000000000000e+01
4.100000000000000000e+01
3.060000000000000142e+01
4.100000000000000000e+01
3.060000000000000142e+01
3.750000000000000000e+01
2.310000000000000142e+01
2.219999999999999929e+01
4.510000000000000142e+01
4.520000000000000284e+01
4.300000000000000000e+01
6.690000000000000568e+01
2.219999999999999929e+01
5.910000000000000142e+01
3.600000000000000000e+01
2.519999999999999929e+01
3.080000000000000071e+01
2.869999999999999929e+01
2.650000000000000000e+01
2.950000000000000000e+01
2.530000000000000071e+01
4.229999999999999716e+01
3.639999999999999858e+01
2.550000000000000000e+01
2.350000000000000000e+01
2.260000000000000142e+01
2.139999999999999858e+01
3.600000000000000000e+01
3.939999999999999858e+01
3.810000000000000142e+01
2.530000000000000071e+01
4.229999999999999716e+01
3.639999999999999858e+01
2.550000000000000000e+01
2.350000000000000000e+01
