1.810000000000000142e+01
1.019999999999999929e+01
1.780000000000000071e+01
1.600000000000000000e+01
2.300000000000000000e+01
3.200000000000000000e+01
3.150000000000000000e+01
2.400000000000000000e+01
1.300000000000000000e+01
6.400000000000000355e+00
8.500000000000000000e+00
6.099999999999999645e+00
7.299999999999999822e+00
3.150000000000000000e+01
2.400000000000000000e+01
1.300000000000000000e+01
2.900000000000000000e+01
5.860000000000000142e+01
3.039999999999999858e+01
5.400000000000000355e+00
1.269999999999999929e+01
7.700000000000000178e+00
3.610000000000000142e+01
1.950000000000000000e+01
9.099999999999999645e+00
7.670000000000000284e+01
3.579999999999999716e+01
6.900000000000000355e+00
3.150000000000000000e+01
2.400000000000000000e+01
2.900000000000000000e+01
5.860000000000000142e+01
3.039999999999999858e+01
3.610000000000000142e+01
7.670000000000000284e+01
3.579999999999999716e+01
3.639999999999999858e+01
4.600000000000000000e+01
4.539999999999999858e+01
2.900000000000000000e+01
1.300000000000000000e+01
1.269999999999999929e+01
1.950000000000000000e+01
4.600000000000000000e+01
4.539999999999999858e+01
2.900000000000000000e+01
1.939999999999999858e+01
1.910000000000000142e+01
2.660000000000000142e+01
2.250000000000000000e+01
1.569999999999999929e+01
1.850000000000000000e+01
2.200000000000000000e+01
1.509999999999999964e+01
