3.820000000000000284e+01
3.520000000000000284e+01
3.030000000000000071e+01
1.500000000000000000e+01
1.950000000000000000e+01
3.670000000000000284e+01
3.039999999999999858e+01
1.430000000000000071e+01
2.089999999999999858e+01
2.910000000000000142e+01
1.100000000000000000e+01
6.799999999999999822e+00
7.200000000000000178e+00
5.599999999999999645e+00
6.500000000000000000e+00
3.039999999999999858e+01
1.430000000000000071e+01
2.089999999999999858e+01
2.910000000000000142e+01
1.100000000000000000e+01
1.369999999999999929e+01
6.700000000000000178e+00
3.720000000000000284e+01
2.389999999999999858e+01
2.330000000000000071e+01
3.439999999999999858e+01
4.010000000000000142e+01
3.520000000000000284e+01
2.939999999999999858e+01
3.210000000000000142e+01
4.700000000000000000e+01
1.019999999999999929e+01
1.130000000000000071e+01
3.439999999999999858e+01
1.719999999999999929e+01
4.010000000000000142e+01
3.520000000000000284e+01
2.939999999999999858e+01
3.210000000000000142e+01
4.700000000000000000e+01
2.880000000000000071e+01
2.310000000000000142e+01
2.660000000000000142e+01
3.210000000000000142e+01
