1.400000000000000000e+01
1.919999999999999929e+01
1.309999999999999964e+01
3.429999999999999716e+01
2.019999999999999929e+01
1.419999999999999929e+01
1.000000000000000000e+01
3.260000000000000142e+01
2.200000000000000000e+01
2.069999999999999929e+01
3.200000000000000000e+01
2.819999999999999929e+01
3.620000000000000284e+01
3.500000000000000000e+01
2.150000000000000000e+01
8.009999999999999432e+01
3.520000000000000284e+01
1.440000000000000036e+01
2.769999999999999929e+01
2.880000000000000071e+01
2.310000000000000142e+01
2.030000000000000071e+01
6.299999999999999822e+00
5.700000000000000178e+00
5.599999999999999645e+00
8.099999999999999645e+00
5.000000000000000000e+00
9.000000000000000000e+00
6.900000000000000355e+00
6.700000000000000178e+00
2.769999999999999929e+01
2.880000000000000071e+01
2.310000000000000142e+01
2.030000000000000071e+01
1.930000000000000071e+01
9.500000000000000000e+00
1.400000000000000000e+01
3.620000000000000284e+01
3.700000000000000178e+00
0.000000000000000000e+00
0.000000000000000000e+00
5.000000000000000000e-01
0.000000000000000000e+00
0.000000000000000000e+00
0.000000000000000000e+00
0.000000000000000000e+00
0.000000000000000000e+00
0.000000000000000000e+00
0.000000000000000000e+00
0.000000000000000000e+00
0.000000000000000000e+00
0.000000000000000000e+00
0.000000000000000000e+00
0.000000000000000000e+00
0.000000000000000000e+00
0.000000000000000000e+00
0.000000000000000000e+00
0.000000000000000000e+00
0.000000000000000000e+00
0.000000000000000000e+00
0.000000000000000000e+00
0.000000000000000000e+00
0.000000000000000000e+00
0.000000000000000000e+00
1.430000000000000071e+01
6.110000000000000142e+01
2.180000000000000071e+01
1.230000000000000071e+01
3.970000000000000284e+01
4.010000000000000142e+01
3.850000000000000000e+01
4.420000000000000284e+01
2.989999999999999858e+01
5.400000000000000000e+01
