1.009999999999999964e+01
3.810000000000000142e+01
3.429999999999999716e+01
3.510000000000000142e+01
4.129999999999999716e+01
3.660000000000000142e+01
1.300000000000000000e+01
2.360000000000000142e+01
2.130000000000000071e+01
2.389999999999999858e+01
3.900000000000000000e+01
5.539999999999999858e+01
1.530000000000000071e+01
2.910000000000000142e+01
2.889999999999999858e+01
5.539999999999999858e+01
2.910000000000000142e+01
2.889999999999999858e+01
2.330000000000000071e+01
4.229999999999999716e+01
2.850000000000000000e+01
2.850000000000000000e+01
4.210000000000000142e+01
2.080000000000000071e+01
6.120000000000000284e+01
2.019999999999999929e+01
2.300000000000000000e+01
4.670000000000000284e+01
2.260000000000000142e+01
2.930000000000000071e+01
3.560000000000000142e+01
3.030000000000000071e+01
2.250000000000000000e+01
2.300000000000000000e+01
2.269999999999999929e+01
3.279999999999999716e+01
5.050000000000000000e+01
2.919999999999999929e+01
2.919999999999999929e+01
2.630000000000000071e+01
3.270000000000000284e+01
3.210000000000000142e+01
2.080000000000000071e+01
3.510000000000000142e+01
2.180000000000000071e+01
5.160000000000000142e+01
2.100000000000000000e+01
5.089999999999999858e+01
6.360000000000000142e+01
3.130000000000000071e+01
5.779999999999999716e+01
4.170000000000000284e+01
2.389999999999999858e+01
2.160000000000000142e+01
3.770000000000000284e+01
4.260000000000000142e+01
2.219999999999999929e+01
2.119999999999999929e+01
5.539999999999999858e+01
2.889999999999999858e+01
2.330000000000000071e+01
4.229999999999999716e+01
2.850000000000000000e+01
2.850000000000000000e+01
4.210000000000000142e+01
2.080000000000000071e+01
6.120000000000000284e+01
2.019999999999999929e+01
2.300000000000000000e+01
4.670000000000000284e+01
2.260000000000000142e+01
2.930000000000000071e+01
3.560000000000000142e+01
3.030000000000000071e+01
2.250000000000000000e+01
2.300000000000000000e+01
2.269999999999999929e+01
3.279999999999999716e+01
5.050000000000000000e+01
2.919999999999999929e+01
2.919999999999999929e+01
2.630000000000000071e+01
3.270000000000000284e+01
3.210000000000000142e+01
2.080000000000000071e+01
3.510000000000000142e+01
2.180000000000000071e+01
5.160000000000000142e+01
2.100000000000000000e+01
5.089999999999999858e+01
6.360000000000000142e+01
3.130000000000000071e+01
5.779999999999999716e+01
4.170000000000000284e+01
2.389999999999999858e+01
2.160000000000000142e+01
3.770000000000000284e+01
4.260000000000000142e+01
2.219999999999999929e+01
2.119999999999999929e+01
5.129999999999999716e+01
5.539999999999999858e+01
2.889999999999999858e+01
2.330000000000000071e+01
4.229999999999999716e+01
2.850000000000000000e+01
2.850000000000000000e+01
4.210000000000000142e+01
2.080000000000000071e+01
6.120000000000000284e+01
2.019999999999999929e+01
2.300000000000000000e+01
4.670000000000000284e+01
2.260000000000000142e+01
2.930000000000000071e+01
3.560000000000000142e+01
3.030000000000000071e+01
2.250000000000000000e+01
2.300000000000000000e+01
2.269999999999999929e+01
3.279999999999999716e+01
5.050000000000000000e+01
2.919999999999999929e+01
2.919999999999999929e+01
2.630000000000000071e+01
3.270000000000000284e+01
3.210000000000000142e+01
2.080000000000000071e+01
3.510000000000000142e+01
5.539999999999999858e+01
2.889999999999999858e+01
2.330000000000000071e+01
4.229999999999999716e+01
2.850000000000000000e+01
2.850000000000000000e+01
4.210000000000000142e+01
2.080000000000000071e+01
6.120000000000000284e+01
2.019999999999999929e+01
2.300000000000000000e+01
4.670000000000000284e+01
2.260000000000000142e+01
2.930000000000000071e+01
3.560000000000000142e+01
3.030000000000000071e+01
2.250000000000000000e+01
