2.080000000000000071e+01
1.639999999999999858e+01
1.130000000000000071e+01
3.650000000000000000e+01
2.310000000000000142e+01
3.729999999999999716e+01
2.430000000000000071e+01
3.589999999999999858e+01
1.919999999999999929e+01
2.330000000000000071e+01
3.739999999999999858e+01
3.510000000000000142e+01
3.870000000000000284e+01
6.099999999999999645e+00
3.510000000000000142e+01
9.900000000000000355e+00
3.870000000000000284e+01
5.450000000000000000e+01
6.500000000000000000e+00
2.439999999999999858e+01
4.139999999999999858e+01
3.229999999999999716e+01
9.300000000000000711e+00
0.000000000000000000e+00
0.000000000000000000e+00
0.000000000000000000e+00
0.000000000000000000e+00
0.000000000000000000e+00
0.000000000000000000e+00
0.000000000000000000e+00
0.000000000000000000e+00
0.000000000000000000e+00
0.000000000000000000e+00
0.000000000000000000e+00
0.000000000000000000e+00
0.000000000000000000e+00
0.000000000000000000e+00
0.000000000000000000e+00
0.000000000000000000e+00
0.000000000000000000e+00
0.000000000000000000e+00
0.000000000000000000e+00
0.000000000000000000e+00
0.000000000000000000e+00
0.000000000000000000e+00
0.000000000000000000e+00
0.000000000000000000e+00
0.000000000000000000e+00
0.000000000000000000e+00
0.000000000000000000e+00
1.459999999999999964e+01
1.780000000000000071e+01
1.340000000000000036e+01
1.400000000000000000e+01
4.000000000000000000e+01
2.219999999999999929e+01
1.319999999999999929e+01
2.660000000000000142e+01
4.720000000000000284e+01
2.369999999999999929e+01
