2.950000000000000000e+01
1.830000000000000071e+01
3.800000000000000000e+01
2.319999999999999929e+01
4.189999999999999858e+01
2.310000000000000142e+01
3.360000000000000142e+01
3.750000000000000000e+01
1.710000000000000142e+01
5.489999999999999858e+01
2.530000000000000071e+01
3.629999999999999716e+01
5.489999999999999858e+01
2.530000000000000071e+01
3.629999999999999716e+01
4.010000000000000142e+01
3.870000000000000284e+01
3.510000000000000142e+01
2.260000000000000142e+01
3.439999999999999858e+01
4.229999999999999716e+01
2.000000000000000000e+01
2.760000000000000142e+01
2.839999999999999858e+01
6.450000000000000000e+01
3.460000000000000142e+01
3.060000000000000142e+01
3.610000000000000142e+01
3.579999999999999716e+01
3.150000000000000000e+01
2.039999999999999858e+01
3.320000000000000284e+01
2.030000000000000071e+01
3.610000000000000142e+01
3.579999999999999716e+01
