1.559999999999999964e+01
1.719999999999999929e+01
3.329999999999999716e+01
3.160000000000000142e+01
2.239999999999999858e+01
2.289999999999999858e+01
1.630000000000000071e+01
1.380000000000000071e+01
3.610000000000000142e+01
2.469999999999999929e+01
3.239999999999999858e+01
2.100000000000000000e+01
4.289999999999999858e+01
2.519999999999999929e+01
6.799999999999999822e+00
6.799999999999999822e+00
4.289999999999999858e+01
6.000000000000000000e+00
2.519999999999999929e+01
3.089999999999999858e+01
3.089999999999999858e+01
5.989999999999999858e+01
2.700000000000000000e+01
5.170000000000000284e+01
4.489999999999999858e+01
2.050000000000000000e+01
3.429999999999999716e+01
3.779999999999999716e+01
5.970000000000000284e+01
2.330000000000000071e+01
3.710000000000000142e+01
3.550000000000000000e+01
4.389999999999999858e+01
3.089999999999999858e+01
3.510000000000000142e+01
4.160000000000000142e+01
1.710000000000000142e+01
3.429999999999999716e+01
3.779999999999999716e+01
5.970000000000000284e+01
2.330000000000000071e+01
3.710000000000000142e+01
3.550000000000000000e+01
4.389999999999999858e+01
3.089999999999999858e+01
3.510000000000000142e+01
4.160000000000000142e+01
2.380000000000000071e+01
1.800000000000000000e+01
4.150000000000000000e+01
