6.039999999999999858e+01
2.410000000000000142e+01
2.780000000000000071e+01
1.080000000000000071e+01
4.910000000000000142e+01
1.190000000000000036e+01
2.480000000000000071e+01
3.160000000000000142e+01
1.590000000000000036e+01
1.660000000000000142e+01
2.289999999999999858e+01
3.019999999999999929e+01
3.529999999999999716e+01
5.639999999999999858e+01
2.389999999999999858e+01
2.369999999999999929e+01
2.230000000000000071e+01
2.889999999999999858e+01
5.170000000000000284e+01
3.320000000000000284e+01
3.800000000000000000e+01
3.239999999999999858e+01
2.150000000000000000e+01
4.729999999999999716e+01
3.260000000000000142e+01
3.180000000000000071e+01
3.989999999999999858e+01
1.459999999999999964e+01
2.769999999999999929e+01
2.430000000000000071e+01
3.670000000000000284e+01
3.539999999999999858e+01
6.279999999999999716e+01
1.469999999999999929e+01
1.739999999999999858e+01
3.260000000000000142e+01
4.070000000000000284e+01
1.569999999999999929e+01
2.860000000000000142e+01
2.350000000000000000e+01
2.419999999999999929e+01
5.539999999999999858e+01
1.190000000000000036e+01
3.920000000000000284e+01
1.590000000000000036e+01
3.260000000000000142e+01
4.070000000000000284e+01
2.860000000000000142e+01
2.350000000000000000e+01
2.419999999999999929e+01
5.539999999999999858e+01
3.920000000000000284e+01
2.410000000000000142e+01
2.030000000000000071e+01
4.189999999999999858e+01
6.850000000000000000e+01
2.300000000000000000e+01
2.680000000000000071e+01
3.639999999999999858e+01
5.010000000000000142e+01
2.250000000000000000e+01
2.460000000000000142e+01
4.260000000000000142e+01
3.270000000000000284e+01
2.269999999999999929e+01
5.389999999999999858e+01
2.789999999999999858e+01
3.920000000000000284e+01
2.819999999999999929e+01
2.969999999999999929e+01
2.050000000000000000e+01
2.130000000000000071e+01
3.479999999999999716e+01
3.270000000000000284e+01
2.239999999999999858e+01
3.539999999999999858e+01
4.720000000000000284e+01
3.150000000000000000e+01
3.289999999999999858e+01
3.970000000000000284e+01
2.410000000000000142e+01
2.460000000000000142e+01
2.230000000000000071e+01
3.429999999999999716e+01
2.210000000000000142e+01
2.230000000000000071e+01
3.279999999999999716e+01
3.119999999999999929e+01
2.939999999999999858e+01
2.750000000000000000e+01
6.659999999999999432e+01
2.080000000000000071e+01
2.160000000000000142e+01
7.059999999999999432e+01
3.180000000000000071e+01
2.400000000000000000e+01
3.910000000000000142e+01
5.110000000000000142e+01
2.189999999999999858e+01
2.360000000000000142e+01
2.069999999999999929e+01
2.250000000000000000e+01
2.789999999999999858e+01
3.260000000000000142e+01
3.810000000000000142e+01
4.250000000000000000e+01
2.460000000000000142e+01
3.670000000000000284e+01
2.080000000000000071e+01
2.210000000000000142e+01
3.250000000000000000e+01
2.200000000000000000e+01
3.829999999999999716e+01
2.269999999999999929e+01
2.669999999999999929e+01
3.289999999999999858e+01
2.300000000000000000e+01
3.160000000000000142e+01
2.539999999999999858e+01
3.250000000000000000e+01
2.719999999999999929e+01
3.160000000000000142e+01
2.200000000000000000e+01
2.010000000000000142e+01
3.639999999999999858e+01
2.210000000000000142e+01
7.740000000000000568e+01
2.830000000000000071e+01
4.029999999999999716e+01
2.310000000000000142e+01
3.260000000000000142e+01
4.070000000000000284e+01
2.860000000000000142e+01
2.350000000000000000e+01
2.419999999999999929e+01
5.539999999999999858e+01
3.920000000000000284e+01
2.410000000000000142e+01
2.030000000000000071e+01
4.189999999999999858e+01
6.850000000000000000e+01
2.300000000000000000e+01
2.680000000000000071e+01
3.639999999999999858e+01
5.010000000000000142e+01
2.250000000000000000e+01
2.460000000000000142e+01
4.260000000000000142e+01
3.270000000000000284e+01
2.269999999999999929e+01
5.389999999999999858e+01
2.789999999999999858e+01
3.920000000000000284e+01
2.819999999999999929e+01
2.969999999999999929e+01
2.050000000000000000e+01
2.130000000000000071e+01
3.479999999999999716e+01
3.270000000000000284e+01
2.239999999999999858e+01
3.539999999999999858e+01
4.720000000000000284e+01
3.150000000000000000e+01
3.289999999999999858e+01
3.970000000000000284e+01
2.410000000000000142e+01
2.460000000000000142e+01
2.230000000000000071e+01
3.429999999999999716e+01
2.210000000000000142e+01
2.230000000000000071e+01
3.279999999999999716e+01
3.119999999999999929e+01
2.939999999999999858e+01
2.750000000000000000e+01
6.659999999999999432e+01
2.080000000000000071e+01
2.160000000000000142e+01
7.059999999999999432e+01
3.180000000000000071e+01
2.400000000000000000e+01
3.910000000000000142e+01
5.110000000000000142e+01
2.189999999999999858e+01
2.360000000000000142e+01
2.069999999999999929e+01
2.250000000000000000e+01
2.789999999999999858e+01
3.260000000000000142e+01
3.810000000000000142e+01
4.250000000000000000e+01
2.460000000000000142e+01
3.670000000000000284e+01
2.080000000000000071e+01
3.250000000000000000e+01
2.200000000000000000e+01
3.829999999999999716e+01
2.269999999999999929e+01
2.669999999999999929e+01
3.289999999999999858e+01
2.300000000000000000e+01
3.160000000000000142e+01
2.539999999999999858e+01
3.250000000000000000e+01
2.719999999999999929e+01
3.160000000000000142e+01
2.200000000000000000e+01
2.010000000000000142e+01
3.639999999999999858e+01
2.210000000000000142e+01
7.740000000000000568e+01
2.830000000000000071e+01
4.029999999999999716e+01
2.310000000000000142e+01
3.800000000000000000e+01
3.260000000000000142e+01
4.070000000000000284e+01
2.860000000000000142e+01
2.350000000000000000e+01
2.419999999999999929e+01
5.539999999999999858e+01
3.920000000000000284e+01
2.410000000000000142e+01
2.030000000000000071e+01
4.189999999999999858e+01
6.850000000000000000e+01
2.300000000000000000e+01
2.680000000000000071e+01
3.639999999999999858e+01
2.250000000000000000e+01
4.260000000000000142e+01
3.270000000000000284e+01
2.269999999999999929e+01
5.389999999999999858e+01
2.789999999999999858e+01
3.920000000000000284e+01
2.819999999999999929e+01
2.969999999999999929e+01
2.050000000000000000e+01
2.130000000000000071e+01
3.479999999999999716e+01
3.270000000000000284e+01
2.239999999999999858e+01
3.539999999999999858e+01
4.720000000000000284e+01
3.150000000000000000e+01
2.410000000000000142e+01
2.460000000000000142e+01
2.230000000000000071e+01
3.429999999999999716e+01
2.210000000000000142e+01
2.230000000000000071e+01
3.279999999999999716e+01
3.119999999999999929e+01
2.750000000000000000e+01
6.659999999999999432e+01
2.080000000000000071e+01
2.160000000000000142e+01
7.059999999999999432e+01
3.260000000000000142e+01
4.070000000000000284e+01
2.860000000000000142e+01
2.350000000000000000e+01
2.419999999999999929e+01
5.539999999999999858e+01
3.920000000000000284e+01
2.410000000000000142e+01
2.030000000000000071e+01
4.189999999999999858e+01
6.850000000000000000e+01
2.300000000000000000e+01
2.680000000000000071e+01
3.639999999999999858e+01
2.250000000000000000e+01
4.260000000000000142e+01
3.270000000000000284e+01
2.269999999999999929e+01
5.389999999999999858e+01
2.789999999999999858e+01
3.920000000000000284e+01
2.819999999999999929e+01
2.969999999999999929e+01
2.050000000000000000e+01
2.130000000000000071e+01
3.479999999999999716e+01
3.270000000000000284e+01
2.239999999999999858e+01
3.539999999999999858e+01
4.720000000000000284e+01
3.150000000000000000e+01
