1.280000000000000071e+01
6.010000000000000142e+01
1.600000000000000000e+01
3.660000000000000142e+01
3.670000000000000284e+01
2.430000000000000071e+01
1.009999999999999964e+01
1.889999999999999858e+01
3.250000000000000000e+01
1.680000000000000071e+01
3.970000000000000284e+01
3.019999999999999929e+01
6.400000000000000355e+00
8.699999999999999289e+00
1.680000000000000071e+01
3.970000000000000284e+01
3.019999999999999929e+01
2.030000000000000071e+01
2.380000000000000071e+01
1.019999999999999929e+01
6.570000000000000284e+01
3.620000000000000284e+01
2.139999999999999858e+01
4.100000000000000000e+01
3.670000000000000284e+01
4.029999999999999716e+01
6.200000000000000178e+00
6.200000000000000178e+00
3.489999999999999858e+01
4.479999999999999716e+01
3.970000000000000284e+01
3.019999999999999929e+01
2.030000000000000071e+01
2.380000000000000071e+01
6.570000000000000284e+01
3.620000000000000284e+01
2.139999999999999858e+01
4.100000000000000000e+01
3.670000000000000284e+01
4.029999999999999716e+01
3.489999999999999858e+01
4.479999999999999716e+01
2.950000000000000000e+01
2.210000000000000142e+01
3.810000000000000142e+01
5.510000000000000142e+01
3.010000000000000142e+01
2.439999999999999858e+01
2.530000000000000071e+01
3.169999999999999929e+01
1.680000000000000071e+01
1.019999999999999929e+01
1.490000000000000036e+01
2.210000000000000142e+01
3.810000000000000142e+01
5.510000000000000142e+01
3.010000000000000142e+01
2.439999999999999858e+01
2.530000000000000071e+01
3.169999999999999929e+01
4.639999999999999858e+01
1.259999999999999964e+01
3.960000000000000142e+01
