1.019999999999999929e+01
3.800000000000000000e+01
3.800000000000000000e+01
2.069999999999999929e+01
2.180000000000000071e+01
1.960000000000000142e+01
3.920000000000000284e+01
1.290000000000000036e+01
2.260000000000000142e+01
6.720000000000000284e+01
2.150000000000000000e+01
1.630000000000000071e+01
4.060000000000000142e+01
3.639999999999999858e+01
2.160000000000000142e+01
6.979999999999999716e+01
6.599999999999999645e+00
6.700000000000000178e+00
4.060000000000000142e+01
3.639999999999999858e+01
2.160000000000000142e+01
6.979999999999999716e+01
2.380000000000000071e+01
1.580000000000000071e+01
4.939999999999999858e+01
3.250000000000000000e+01
5.060000000000000142e+01
2.010000000000000142e+01
3.089999999999999858e+01
3.420000000000000284e+01
5.870000000000000284e+01
6.060000000000000142e+01
2.450000000000000000e+01
2.019999999999999929e+01
5.870000000000000284e+01
6.060000000000000142e+01
2.450000000000000000e+01
1.780000000000000071e+01
1.540000000000000036e+01
2.019999999999999929e+01
1.200000000000000000e+01
2.110000000000000142e+01
