1.209999999999999964e+01
7.490000000000000568e+01
3.620000000000000284e+01
4.179999999999999716e+01
3.629999999999999716e+01
3.979999999999999716e+01
3.629999999999999716e+01
3.150000000000000000e+01
2.750000000000000000e+01
4.570000000000000284e+01
2.139999999999999858e+01
2.589999999999999858e+01
5.520000000000000284e+01
6.840000000000000568e+01
2.600000000000000000e+01
2.050000000000000000e+01
2.950000000000000000e+01
3.030000000000000071e+01
3.850000000000000000e+01
2.950000000000000000e+01
3.870000000000000284e+01
2.600000000000000000e+01
