6.010000000000000142e+01
4.089999999999999858e+01
3.270000000000000284e+01
1.130000000000000071e+01
2.880000000000000071e+01
1.340000000000000036e+01
2.630000000000000071e+01
3.039999999999999858e+01
1.209999999999999964e+01
4.529999999999999716e+01
2.460000000000000142e+01
1.869999999999999929e+01
4.429999999999999716e+01
3.379999999999999716e+01
3.729999999999999716e+01
1.900000000000000000e+01
4.060000000000000142e+01
3.119999999999999929e+01
4.329999999999999716e+01
3.270000000000000284e+01
1.550000000000000000e+01
3.289999999999999858e+01
1.639999999999999858e+01
2.139999999999999858e+01
3.789999999999999858e+01
1.200000000000000000e+01
1.969999999999999929e+01
6.010000000000000142e+01
2.919999999999999929e+01
1.109999999999999964e+01
4.070000000000000284e+01
1.880000000000000071e+01
2.550000000000000000e+01
3.089999999999999858e+01
1.780000000000000071e+01
1.209999999999999964e+01
3.110000000000000142e+01
1.730000000000000071e+01
1.989999999999999858e+01
1.330000000000000071e+01
1.850000000000000000e+01
3.460000000000000142e+01
3.679999999999999716e+01
4.070000000000000284e+01
4.060000000000000142e+01
1.209999999999999964e+01
4.129999999999999716e+01
2.080000000000000071e+01
4.150000000000000000e+01
2.119999999999999929e+01
2.210000000000000142e+01
1.960000000000000142e+01
2.189999999999999858e+01
2.860000000000000142e+01
6.490000000000000568e+01
3.200000000000000000e+01
5.979999999999999716e+01
3.750000000000000000e+01
4.289999999999999858e+01
2.539999999999999858e+01
1.610000000000000142e+01
1.960000000000000142e+01
2.719999999999999929e+01
1.669999999999999929e+01
2.439999999999999858e+01
4.370000000000000284e+01
3.300000000000000000e+01
7.700000000000000178e+00
6.500000000000000000e+00
6.500000000000000000e+00
9.099999999999999645e+00
7.700000000000000178e+00
8.199999999999999289e+00
7.599999999999999645e+00
7.299999999999999822e+00
7.400000000000000355e+00
6.700000000000000178e+00
8.599999999999999645e+00
8.500000000000000000e+00
5.599999999999999645e+00
5.700000000000000178e+00
6.900000000000000355e+00
7.200000000000000178e+00
5.599999999999999645e+00
7.299999999999999822e+00
7.000000000000000000e+00
7.500000000000000000e+00
5.500000000000000000e+00
9.300000000000000711e+00
8.300000000000000711e+00
7.200000000000000178e+00
6.900000000000000355e+00
7.099999999999999645e+00
8.099999999999999645e+00
7.700000000000000178e+00
9.300000000000000711e+00
8.300000000000000711e+00
8.500000000000000000e+00
7.700000000000000178e+00
6.299999999999999822e+00
2.119999999999999929e+01
2.210000000000000142e+01
1.960000000000000142e+01
6.799999999999999822e+00
2.189999999999999858e+01
2.860000000000000142e+01
6.490000000000000568e+01
8.000000000000000000e+00
5.799999999999999822e+00
3.200000000000000000e+01
5.979999999999999716e+01
3.750000000000000000e+01
6.500000000000000000e+00
4.289999999999999858e+01
2.539999999999999858e+01
1.610000000000000142e+01
1.960000000000000142e+01
2.719999999999999929e+01
1.669999999999999929e+01
2.439999999999999858e+01
4.370000000000000284e+01
3.300000000000000000e+01
4.620000000000000284e+01
3.870000000000000284e+01
1.850000000000000000e+01
1.650000000000000000e+01
2.910000000000000142e+01
5.599999999999999645e+00
5.000000000000000000e+00
3.250000000000000000e+01
4.170000000000000284e+01
2.310000000000000142e+01
2.210000000000000142e+01
1.650000000000000000e+01
1.540000000000000036e+01
3.370000000000000284e+01
2.300000000000000000e+01
1.100000000000000000e+01
6.200000000000000178e+00
1.080000000000000071e+01
2.580000000000000071e+01
3.160000000000000142e+01
3.429999999999999716e+01
2.050000000000000000e+01
6.799999999999999822e+00
7.129999999999999716e+01
1.819999999999999929e+01
9.199999999999999289e+00
2.869999999999999929e+01
1.340000000000000036e+01
7.200000000000000178e+00
4.100000000000000000e+01
4.170000000000000284e+01
6.700000000000000178e+00
3.720000000000000284e+01
3.970000000000000284e+01
8.500000000000000000e+00
7.000000000000000000e+00
1.739999999999999858e+01
5.400000000000000355e+00
3.920000000000000284e+01
6.900000000000000355e+00
4.750000000000000000e+01
6.900000000000000355e+00
5.400000000000000355e+00
3.750000000000000000e+01
3.289999999999999858e+01
3.089999999999999858e+01
9.199999999999999289e+00
2.310000000000000142e+01
2.689999999999999858e+01
4.610000000000000142e+01
2.430000000000000071e+01
3.069999999999999929e+01
1.480000000000000071e+01
1.919999999999999929e+01
2.080000000000000071e+01
2.630000000000000071e+01
2.619999999999999929e+01
1.240000000000000036e+01
6.000000000000000000e+00
7.799999999999999822e+00
3.270000000000000284e+01
2.180000000000000071e+01
3.030000000000000071e+01
1.230000000000000071e+01
4.929999999999999716e+01
2.480000000000000071e+01
1.710000000000000142e+01
1.550000000000000000e+01
3.239999999999999858e+01
6.000000000000000000e+00
7.500000000000000000e+00
1.250000000000000000e+01
2.800000000000000000e+01
6.900000000000000355e+00
3.960000000000000142e+01
3.810000000000000142e+01
1.960000000000000142e+01
4.239999999999999858e+01
6.700000000000000178e+00
2.119999999999999929e+01
2.210000000000000142e+01
2.189999999999999858e+01
2.860000000000000142e+01
6.490000000000000568e+01
3.200000000000000000e+01
5.979999999999999716e+01
3.750000000000000000e+01
4.289999999999999858e+01
2.539999999999999858e+01
2.719999999999999929e+01
2.439999999999999858e+01
4.370000000000000284e+01
3.300000000000000000e+01
4.620000000000000284e+01
3.870000000000000284e+01
2.910000000000000142e+01
3.250000000000000000e+01
4.170000000000000284e+01
2.310000000000000142e+01
2.210000000000000142e+01
3.370000000000000284e+01
2.580000000000000071e+01
3.160000000000000142e+01
3.429999999999999716e+01
2.050000000000000000e+01
7.129999999999999716e+01
2.869999999999999929e+01
4.100000000000000000e+01
4.170000000000000284e+01
3.720000000000000284e+01
3.970000000000000284e+01
3.920000000000000284e+01
4.750000000000000000e+01
3.750000000000000000e+01
3.289999999999999858e+01
3.089999999999999858e+01
2.310000000000000142e+01
2.689999999999999858e+01
4.610000000000000142e+01
2.430000000000000071e+01
3.069999999999999929e+01
2.080000000000000071e+01
2.619999999999999929e+01
3.270000000000000284e+01
2.180000000000000071e+01
3.030000000000000071e+01
4.929999999999999716e+01
2.480000000000000071e+01
3.239999999999999858e+01
2.800000000000000000e+01
3.960000000000000142e+01
3.810000000000000142e+01
4.239999999999999858e+01
4.039999999999999858e+01
2.400000000000000000e+01
2.960000000000000142e+01
3.189999999999999858e+01
2.860000000000000142e+01
3.750000000000000000e+01
2.130000000000000071e+01
2.200000000000000000e+01
3.010000000000000142e+01
4.339999999999999858e+01
3.010000000000000142e+01
2.089999999999999858e+01
4.689999999999999858e+01
2.380000000000000071e+01
2.300000000000000000e+01
2.269999999999999929e+01
4.020000000000000284e+01
2.089999999999999858e+01
3.030000000000000071e+01
4.250000000000000000e+01
5.560000000000000142e+01
3.789999999999999858e+01
2.439999999999999858e+01
2.030000000000000071e+01
3.510000000000000142e+01
3.570000000000000284e+01
2.469999999999999929e+01
3.739999999999999858e+01
2.389999999999999858e+01
3.300000000000000000e+01
2.410000000000000142e+01
4.370000000000000284e+01
3.089999999999999858e+01
3.310000000000000142e+01
3.250000000000000000e+01
3.329999999999999716e+01
3.080000000000000071e+01
4.000000000000000000e+01
2.910000000000000142e+01
2.410000000000000142e+01
2.600000000000000000e+01
3.979999999999999716e+01
1.960000000000000142e+01
1.610000000000000142e+01
1.960000000000000142e+01
1.669999999999999929e+01
1.850000000000000000e+01
1.650000000000000000e+01
1.650000000000000000e+01
1.540000000000000036e+01
1.100000000000000000e+01
1.080000000000000071e+01
1.819999999999999929e+01
1.340000000000000036e+01
1.739999999999999858e+01
1.480000000000000071e+01
1.919999999999999929e+01
1.240000000000000036e+01
1.230000000000000071e+01
1.550000000000000000e+01
1.250000000000000000e+01
1.960000000000000142e+01
1.469999999999999929e+01
1.109999999999999964e+01
3.010000000000000142e+01
4.339999999999999858e+01
1.850000000000000000e+01
1.610000000000000142e+01
3.010000000000000142e+01
2.089999999999999858e+01
1.969999999999999929e+01
4.689999999999999858e+01
2.380000000000000071e+01
1.660000000000000142e+01
2.300000000000000000e+01
1.340000000000000036e+01
2.269999999999999929e+01
4.020000000000000284e+01
2.089999999999999858e+01
3.030000000000000071e+01
4.250000000000000000e+01
5.560000000000000142e+01
1.140000000000000036e+01
3.789999999999999858e+01
2.439999999999999858e+01
2.030000000000000071e+01
3.510000000000000142e+01
1.080000000000000071e+01
3.570000000000000284e+01
2.469999999999999929e+01
1.819999999999999929e+01
3.739999999999999858e+01
2.389999999999999858e+01
3.300000000000000000e+01
2.410000000000000142e+01
1.880000000000000071e+01
4.370000000000000284e+01
3.089999999999999858e+01
3.310000000000000142e+01
3.250000000000000000e+01
3.329999999999999716e+01
3.080000000000000071e+01
4.000000000000000000e+01
2.910000000000000142e+01
2.410000000000000142e+01
2.600000000000000000e+01
1.480000000000000071e+01
3.979999999999999716e+01
2.739999999999999858e+01
3.589999999999999858e+01
4.129999999999999716e+01
2.989999999999999858e+01
1.660000000000000142e+01
3.150000000000000000e+01
1.939999999999999858e+01
1.159999999999999964e+01
1.169999999999999929e+01
1.769999999999999929e+01
1.680000000000000071e+01
3.080000000000000071e+01
3.080000000000000071e+01
1.359999999999999964e+01
2.819999999999999929e+01
1.209999999999999964e+01
1.150000000000000000e+01
3.210000000000000142e+01
1.919999999999999929e+01
3.600000000000000000e+01
