1.369999999999999929e+01
3.960000000000000142e+01
3.229999999999999716e+01
3.789999999999999858e+01
3.470000000000000284e+01
3.360000000000000142e+01
2.180000000000000071e+01
2.360000000000000142e+01
2.619999999999999929e+01
2.919999999999999929e+01
2.810000000000000142e+01
6.420000000000000284e+01
2.410000000000000142e+01
2.910000000000000142e+01
2.919999999999999929e+01
2.489999999999999858e+01
3.400000000000000000e+01
2.919999999999999929e+01
1.739999999999999858e+01
4.820000000000000284e+01
2.919999999999999929e+01
3.920000000000000284e+01
2.339999999999999858e+01
2.330000000000000071e+01
3.650000000000000000e+01
1.319999999999999929e+01
5.460000000000000142e+01
2.110000000000000142e+01
2.300000000000000000e+01
2.560000000000000142e+01
3.529999999999999716e+01
3.550000000000000000e+01
3.100000000000000000e+01
6.029999999999999716e+01
3.050000000000000000e+01
5.900000000000000355e+00
5.400000000000000355e+00
9.400000000000000355e+00
7.400000000000000355e+00
6.000000000000000000e+00
6.200000000000000178e+00
7.000000000000000000e+00
6.799999999999999822e+00
7.700000000000000178e+00
5.799999999999999822e+00
6.500000000000000000e+00
1.319999999999999929e+01
5.460000000000000142e+01
2.110000000000000142e+01
2.300000000000000000e+01
2.560000000000000142e+01
3.529999999999999716e+01
3.550000000000000000e+01
3.100000000000000000e+01
6.799999999999999822e+00
6.029999999999999716e+01
3.050000000000000000e+01
3.579999999999999716e+01
2.250000000000000000e+01
6.799999999999999822e+00
7.299999999999999822e+00
3.520000000000000284e+01
7.099999999999999645e+00
2.419999999999999929e+01
4.460000000000000142e+01
2.380000000000000071e+01
5.799999999999999822e+00
2.900000000000000000e+01
1.619999999999999929e+01
1.219999999999999929e+01
3.300000000000000000e+01
8.400000000000000355e+00
2.280000000000000071e+01
1.710000000000000142e+01
2.339999999999999858e+01
5.220000000000000284e+01
3.539999999999999858e+01
0.000000000000000000e+00
0.000000000000000000e+00
0.000000000000000000e+00
0.000000000000000000e+00
0.000000000000000000e+00
0.000000000000000000e+00
0.000000000000000000e+00
0.000000000000000000e+00
0.000000000000000000e+00
0.000000000000000000e+00
0.000000000000000000e+00
0.000000000000000000e+00
0.000000000000000000e+00
0.000000000000000000e+00
0.000000000000000000e+00
0.000000000000000000e+00
0.000000000000000000e+00
0.000000000000000000e+00
0.000000000000000000e+00
0.000000000000000000e+00
0.000000000000000000e+00
0.000000000000000000e+00
0.000000000000000000e+00
0.000000000000000000e+00
0.000000000000000000e+00
0.000000000000000000e+00
0.000000000000000000e+00
0.000000000000000000e+00
0.000000000000000000e+00
0.000000000000000000e+00
0.000000000000000000e+00
0.000000000000000000e+00
0.000000000000000000e+00
0.000000000000000000e+00
0.000000000000000000e+00
0.000000000000000000e+00
0.000000000000000000e+00
0.000000000000000000e+00
0.000000000000000000e+00
0.000000000000000000e+00
0.000000000000000000e+00
0.000000000000000000e+00
0.000000000000000000e+00
0.000000000000000000e+00
0.000000000000000000e+00
0.000000000000000000e+00
0.000000000000000000e+00
0.000000000000000000e+00
0.000000000000000000e+00
0.000000000000000000e+00
0.000000000000000000e+00
0.000000000000000000e+00
0.000000000000000000e+00
0.000000000000000000e+00
0.000000000000000000e+00
0.000000000000000000e+00
0.000000000000000000e+00
0.000000000000000000e+00
0.000000000000000000e+00
0.000000000000000000e+00
0.000000000000000000e+00
0.000000000000000000e+00
0.000000000000000000e+00
0.000000000000000000e+00
0.000000000000000000e+00
0.000000000000000000e+00
0.000000000000000000e+00
0.000000000000000000e+00
0.000000000000000000e+00
0.000000000000000000e+00
0.000000000000000000e+00
0.000000000000000000e+00
0.000000000000000000e+00
0.000000000000000000e+00
0.000000000000000000e+00
0.000000000000000000e+00
0.000000000000000000e+00
0.000000000000000000e+00
0.000000000000000000e+00
6.999999999999999556e-01
0.000000000000000000e+00
0.000000000000000000e+00
0.000000000000000000e+00
0.000000000000000000e+00
0.000000000000000000e+00
0.000000000000000000e+00
0.000000000000000000e+00
0.000000000000000000e+00
0.000000000000000000e+00
0.000000000000000000e+00
0.000000000000000000e+00
0.000000000000000000e+00
0.000000000000000000e+00
0.000000000000000000e+00
0.000000000000000000e+00
0.000000000000000000e+00
0.000000000000000000e+00
0.000000000000000000e+00
0.000000000000000000e+00
0.000000000000000000e+00
0.000000000000000000e+00
0.000000000000000000e+00
0.000000000000000000e+00
0.000000000000000000e+00
0.000000000000000000e+00
0.000000000000000000e+00
0.000000000000000000e+00
0.000000000000000000e+00
0.000000000000000000e+00
0.000000000000000000e+00
0.000000000000000000e+00
0.000000000000000000e+00
0.000000000000000000e+00
0.000000000000000000e+00
0.000000000000000000e+00
0.000000000000000000e+00
0.000000000000000000e+00
0.000000000000000000e+00
0.000000000000000000e+00
0.000000000000000000e+00
0.000000000000000000e+00
0.000000000000000000e+00
0.000000000000000000e+00
0.000000000000000000e+00
0.000000000000000000e+00
0.000000000000000000e+00
0.000000000000000000e+00
0.000000000000000000e+00
0.000000000000000000e+00
0.000000000000000000e+00
0.000000000000000000e+00
0.000000000000000000e+00
0.000000000000000000e+00
0.000000000000000000e+00
0.000000000000000000e+00
0.000000000000000000e+00
0.000000000000000000e+00
0.000000000000000000e+00
0.000000000000000000e+00
3.000000000000000000e+00
0.000000000000000000e+00
0.000000000000000000e+00
0.000000000000000000e+00
0.000000000000000000e+00
0.000000000000000000e+00
0.000000000000000000e+00
0.000000000000000000e+00
0.000000000000000000e+00
0.000000000000000000e+00
0.000000000000000000e+00
0.000000000000000000e+00
0.000000000000000000e+00
0.000000000000000000e+00
0.000000000000000000e+00
0.000000000000000000e+00
0.000000000000000000e+00
0.000000000000000000e+00
0.000000000000000000e+00
0.000000000000000000e+00
0.000000000000000000e+00
0.000000000000000000e+00
0.000000000000000000e+00
0.000000000000000000e+00
0.000000000000000000e+00
0.000000000000000000e+00
0.000000000000000000e+00
0.000000000000000000e+00
0.000000000000000000e+00
0.000000000000000000e+00
0.000000000000000000e+00
0.000000000000000000e+00
0.000000000000000000e+00
0.000000000000000000e+00
0.000000000000000000e+00
0.000000000000000000e+00
0.000000000000000000e+00
0.000000000000000000e+00
0.000000000000000000e+00
0.000000000000000000e+00
0.000000000000000000e+00
0.000000000000000000e+00
0.000000000000000000e+00
0.000000000000000000e+00
0.000000000000000000e+00
0.000000000000000000e+00
0.000000000000000000e+00
0.000000000000000000e+00
0.000000000000000000e+00
0.000000000000000000e+00
0.000000000000000000e+00
0.000000000000000000e+00
0.000000000000000000e+00
0.000000000000000000e+00
0.000000000000000000e+00
0.000000000000000000e+00
0.000000000000000000e+00
0.000000000000000000e+00
0.000000000000000000e+00
0.000000000000000000e+00
0.000000000000000000e+00
0.000000000000000000e+00
0.000000000000000000e+00
0.000000000000000000e+00
0.000000000000000000e+00
0.000000000000000000e+00
0.000000000000000000e+00
0.000000000000000000e+00
0.000000000000000000e+00
0.000000000000000000e+00
0.000000000000000000e+00
0.000000000000000000e+00
0.000000000000000000e+00
0.000000000000000000e+00
0.000000000000000000e+00
0.000000000000000000e+00
0.000000000000000000e+00
0.000000000000000000e+00
0.000000000000000000e+00
0.000000000000000000e+00
0.000000000000000000e+00
0.000000000000000000e+00
0.000000000000000000e+00
0.000000000000000000e+00
0.000000000000000000e+00
0.000000000000000000e+00
0.000000000000000000e+00
0.000000000000000000e+00
0.000000000000000000e+00
0.000000000000000000e+00
0.000000000000000000e+00
0.000000000000000000e+00
0.000000000000000000e+00
3.899999999999999911e+00
0.000000000000000000e+00
0.000000000000000000e+00
0.000000000000000000e+00
0.000000000000000000e+00
0.000000000000000000e+00
0.000000000000000000e+00
0.000000000000000000e+00
0.000000000000000000e+00
0.000000000000000000e+00
0.000000000000000000e+00
0.000000000000000000e+00
0.000000000000000000e+00
0.000000000000000000e+00
0.000000000000000000e+00
0.000000000000000000e+00
0.000000000000000000e+00
0.000000000000000000e+00
0.000000000000000000e+00
0.000000000000000000e+00
0.000000000000000000e+00
0.000000000000000000e+00
0.000000000000000000e+00
0.000000000000000000e+00
0.000000000000000000e+00
0.000000000000000000e+00
0.000000000000000000e+00
0.000000000000000000e+00
0.000000000000000000e+00
0.000000000000000000e+00
0.000000000000000000e+00
0.000000000000000000e+00
0.000000000000000000e+00
0.000000000000000000e+00
0.000000000000000000e+00
0.000000000000000000e+00
0.000000000000000000e+00
0.000000000000000000e+00
0.000000000000000000e+00
0.000000000000000000e+00
0.000000000000000000e+00
0.000000000000000000e+00
0.000000000000000000e+00
0.000000000000000000e+00
0.000000000000000000e+00
1.710000000000000142e+01
1.669999999999999929e+01
1.669999999999999929e+01
1.810000000000000142e+01
1.680000000000000071e+01
1.419999999999999929e+01
1.240000000000000036e+01
1.209999999999999964e+01
3.019999999999999929e+01
2.169999999999999929e+01
1.359999999999999964e+01
2.350000000000000000e+01
1.680000000000000071e+01
4.960000000000000142e+01
3.479999999999999716e+01
2.700000000000000000e+01
2.369999999999999929e+01
3.130000000000000071e+01
5.029999999999999716e+01
4.050000000000000000e+01
3.019999999999999929e+01
2.410000000000000142e+01
7.479999999999999716e+01
2.350000000000000000e+01
3.770000000000000284e+01
2.660000000000000142e+01
1.889999999999999858e+01
2.139999999999999858e+01
2.919999999999999929e+01
2.130000000000000071e+01
2.339999999999999858e+01
2.610000000000000142e+01
2.789999999999999858e+01
3.000000000000000000e+01
3.639999999999999858e+01
2.060000000000000142e+01
1.559999999999999964e+01
3.410000000000000142e+01
3.429999999999999716e+01
2.119999999999999929e+01
4.750000000000000000e+01
4.539999999999999858e+01
6.990000000000000568e+01
2.869999999999999929e+01
2.369999999999999929e+01
5.460000000000000142e+01
1.000000000000000000e+01
2.030000000000000071e+01
1.850000000000000000e+01
1.440000000000000036e+01
3.850000000000000000e+01
3.989999999999999858e+01
2.710000000000000142e+01
1.300000000000000000e+01
2.730000000000000071e+01
2.630000000000000071e+01
2.119999999999999929e+01
3.770000000000000284e+01
3.600000000000000000e+01
