1.300000000000000000e+01
2.180000000000000071e+01
3.989999999999999858e+01
1.459999999999999964e+01
2.580000000000000071e+01
3.689999999999999858e+01
3.160000000000000142e+01
2.089999999999999858e+01
1.780000000000000071e+01
1.009999999999999964e+01
1.730000000000000071e+01
2.289999999999999858e+01
4.039999999999999858e+01
5.800000000000000000e+01
5.020000000000000284e+01
3.220000000000000284e+01
1.710000000000000142e+01
4.039999999999999858e+01
5.800000000000000000e+01
5.020000000000000284e+01
3.220000000000000284e+01
2.060000000000000142e+01
2.230000000000000071e+01
5.100000000000000000e+01
2.060000000000000142e+01
3.620000000000000284e+01
2.180000000000000071e+01
5.129999999999999716e+01
2.869999999999999929e+01
3.260000000000000142e+01
2.169999999999999929e+01
3.450000000000000000e+01
2.969999999999999929e+01
2.160000000000000142e+01
0.000000000000000000e+00
0.000000000000000000e+00
0.000000000000000000e+00
2.189999999999999858e+01
0.000000000000000000e+00
5.700000000000000178e+00
0.000000000000000000e+00
0.000000000000000000e+00
0.000000000000000000e+00
0.000000000000000000e+00
0.000000000000000000e+00
0.000000000000000000e+00
0.000000000000000000e+00
0.000000000000000000e+00
0.000000000000000000e+00
0.000000000000000000e+00
0.000000000000000000e+00
0.000000000000000000e+00
3.400000000000000000e+01
0.000000000000000000e+00
0.000000000000000000e+00
0.000000000000000000e+00
0.000000000000000000e+00
0.000000000000000000e+00
6.000000000000000000e+00
0.000000000000000000e+00
0.000000000000000000e+00
0.000000000000000000e+00
0.000000000000000000e+00
0.000000000000000000e+00
0.000000000000000000e+00
0.000000000000000000e+00
0.000000000000000000e+00
4.039999999999999858e+01
5.800000000000000000e+01
5.020000000000000284e+01
2.060000000000000142e+01
2.230000000000000071e+01
5.100000000000000000e+01
2.060000000000000142e+01
3.620000000000000284e+01
2.180000000000000071e+01
5.129999999999999716e+01
2.869999999999999929e+01
3.260000000000000142e+01
2.169999999999999929e+01
4.039999999999999858e+01
5.800000000000000000e+01
5.020000000000000284e+01
2.060000000000000142e+01
2.230000000000000071e+01
5.100000000000000000e+01
2.060000000000000142e+01
3.620000000000000284e+01
2.180000000000000071e+01
5.129999999999999716e+01
