3.189999999999999858e+01
3.229999999999999716e+01
2.969999999999999929e+01
2.000000000000000000e+01
1.490000000000000036e+01
2.000000000000000000e+01
5.870000000000000284e+01
2.969999999999999929e+01
3.339999999999999858e+01
3.030000000000000071e+01
5.620000000000000284e+01
4.070000000000000284e+01
3.220000000000000284e+01
3.489999999999999858e+01
3.550000000000000000e+01
9.579999999999999716e+01
2.539999999999999858e+01
2.800000000000000000e+01
2.150000000000000000e+01
3.030000000000000071e+01
5.389999999999999858e+01
2.550000000000000000e+01
3.250000000000000000e+01
2.160000000000000142e+01
2.480000000000000071e+01
2.000000000000000000e+01
5.870000000000000284e+01
2.969999999999999929e+01
3.339999999999999858e+01
3.030000000000000071e+01
5.620000000000000284e+01
4.070000000000000284e+01
3.220000000000000284e+01
3.489999999999999858e+01
3.550000000000000000e+01
9.579999999999999716e+01
2.539999999999999858e+01
2.800000000000000000e+01
2.150000000000000000e+01
3.030000000000000071e+01
5.389999999999999858e+01
2.550000000000000000e+01
3.250000000000000000e+01
2.160000000000000142e+01
2.480000000000000071e+01
2.000000000000000000e+01
5.870000000000000284e+01
2.969999999999999929e+01
3.339999999999999858e+01
3.030000000000000071e+01
5.620000000000000284e+01
4.070000000000000284e+01
3.220000000000000284e+01
3.489999999999999858e+01
3.550000000000000000e+01
9.579999999999999716e+01
2.000000000000000000e+01
5.870000000000000284e+01
2.969999999999999929e+01
3.339999999999999858e+01
3.030000000000000071e+01
5.620000000000000284e+01
4.070000000000000284e+01
3.220000000000000284e+01
3.489999999999999858e+01
