2.139999999999999858e+01
3.420000000000000284e+01
2.630000000000000071e+01
2.980000000000000071e+01
3.050000000000000000e+01
5.360000000000000142e+01
4.200000000000000000e+01
3.150000000000000000e+01
2.039999999999999858e+01
3.929999999999999716e+01
3.760000000000000142e+01
2.280000000000000071e+01
3.450000000000000000e+01
3.760000000000000142e+01
2.280000000000000071e+01
3.450000000000000000e+01
3.450000000000000000e+01
2.950000000000000000e+01
2.380000000000000071e+01
3.229999999999999716e+01
4.010000000000000142e+01
9.420000000000000284e+01
3.250000000000000000e+01
4.039999999999999858e+01
6.820000000000000284e+01
5.070000000000000284e+01
5.420000000000000284e+01
5.089999999999999858e+01
2.000000000000000000e+01
2.830000000000000071e+01
2.769999999999999929e+01
3.080000000000000071e+01
2.980000000000000071e+01
3.589999999999999858e+01
2.780000000000000071e+01
2.900000000000000000e+01
5.400000000000000000e+01
2.289999999999999858e+01
2.430000000000000071e+01
3.720000000000000284e+01
5.970000000000000284e+01
5.420000000000000284e+01
5.089999999999999858e+01
2.000000000000000000e+01
2.830000000000000071e+01
2.769999999999999929e+01
3.080000000000000071e+01
2.980000000000000071e+01
3.589999999999999858e+01
5.070000000000000284e+01
