6.429999999999999716e+01
3.000000000000000000e+01
1.230000000000000071e+01
4.779999999999999716e+01
2.810000000000000142e+01
3.389999999999999858e+01
3.520000000000000284e+01
1.069999999999999929e+01
1.669999999999999929e+01
4.410000000000000142e+01
2.210000000000000142e+01
6.289999999999999858e+01
3.239999999999999858e+01
2.369999999999999929e+01
1.930000000000000071e+01
3.610000000000000142e+01
2.400000000000000000e+01
4.350000000000000000e+01
1.769999999999999929e+01
3.239999999999999858e+01
2.369999999999999929e+01
3.610000000000000142e+01
2.400000000000000000e+01
4.350000000000000000e+01
4.379999999999999716e+01
3.679999999999999716e+01
2.210000000000000142e+01
4.589999999999999858e+01
3.779999999999999716e+01
4.900000000000000000e+01
5.989999999999999858e+01
3.770000000000000284e+01
2.300000000000000000e+01
3.800000000000000000e+01
4.579999999999999716e+01
2.539999999999999858e+01
2.239999999999999858e+01
2.160000000000000142e+01
3.970000000000000284e+01
3.150000000000000000e+01
6.970000000000000284e+01
6.239999999999999858e+01
3.500000000000000000e+01
2.060000000000000142e+01
5.289999999999999858e+01
2.180000000000000071e+01
2.930000000000000071e+01
2.880000000000000071e+01
3.470000000000000284e+01
3.450000000000000000e+01
8.500000000000000000e+01
2.980000000000000071e+01
2.419999999999999929e+01
2.810000000000000142e+01
2.519999999999999929e+01
2.480000000000000071e+01
4.710000000000000142e+01
2.469999999999999929e+01
6.239999999999999858e+01
3.450000000000000000e+01
6.970000000000000284e+01
6.239999999999999858e+01
3.500000000000000000e+01
2.060000000000000142e+01
5.289999999999999858e+01
2.180000000000000071e+01
2.930000000000000071e+01
2.880000000000000071e+01
3.470000000000000284e+01
3.450000000000000000e+01
3.150000000000000000e+01
