1.009999999999999964e+01
3.329999999999999716e+01
2.950000000000000000e+01
4.339999999999999858e+01
2.689999999999999858e+01
2.830000000000000071e+01
2.139999999999999858e+01
3.130000000000000071e+01
1.610000000000000142e+01
2.850000000000000000e+01
4.579999999999999716e+01
2.550000000000000000e+01
3.789999999999999858e+01
3.800000000000000000e+01
2.660000000000000142e+01
3.200000000000000000e+01
5.070000000000000284e+01
3.960000000000000142e+01
5.170000000000000284e+01
4.539999999999999858e+01
3.960000000000000142e+01
5.170000000000000284e+01
4.539999999999999858e+01
2.510000000000000142e+01
2.089999999999999858e+01
3.550000000000000000e+01
2.719999999999999929e+01
3.550000000000000000e+01
3.670000000000000284e+01
3.110000000000000142e+01
4.289999999999999858e+01
2.719999999999999929e+01
3.700000000000000000e+01
2.619999999999999929e+01
2.910000000000000142e+01
2.019999999999999929e+01
5.770000000000000284e+01
3.069999999999999929e+01
2.450000000000000000e+01
3.030000000000000071e+01
4.100000000000000000e+01
3.270000000000000284e+01
3.200000000000000000e+01
5.450000000000000000e+01
3.050000000000000000e+01
2.369999999999999929e+01
4.239999999999999858e+01
2.810000000000000142e+01
2.450000000000000000e+01
2.719999999999999929e+01
3.700000000000000000e+01
2.619999999999999929e+01
2.910000000000000142e+01
2.019999999999999929e+01
