1.319999999999999929e+01
1.930000000000000071e+01
4.239999999999999858e+01
3.550000000000000000e+01
5.129999999999999716e+01
1.880000000000000071e+01
6.700000000000000178e+00
8.500000000000000000e+00
1.880000000000000071e+01
1.009999999999999964e+01
7.500000000000000000e+00
1.019999999999999929e+01
0.000000000000000000e+00
0.000000000000000000e+00
0.000000000000000000e+00
0.000000000000000000e+00
0.000000000000000000e+00
0.000000000000000000e+00
0.000000000000000000e+00
0.000000000000000000e+00
0.000000000000000000e+00
0.000000000000000000e+00
0.000000000000000000e+00
1.069999999999999929e+01
1.009999999999999964e+01
2.850000000000000000e+01
4.420000000000000284e+01
