3.529999999999999716e+01
2.239999999999999858e+01
3.689999999999999858e+01
5.570000000000000284e+01
6.459999999999999432e+01
1.340000000000000036e+01
3.160000000000000142e+01
3.620000000000000284e+01
2.280000000000000071e+01
2.189999999999999858e+01
6.079999999999999716e+01
1.750000000000000000e+01
1.090000000000000036e+01
3.470000000000000284e+01
8.099999999999999645e+00
1.750000000000000000e+01
7.400000000000000355e+00
1.090000000000000036e+01
3.470000000000000284e+01
6.700000000000000178e+00
2.969999999999999929e+01
3.050000000000000000e+01
0.000000000000000000e+00
0.000000000000000000e+00
0.000000000000000000e+00
0.000000000000000000e+00
0.000000000000000000e+00
0.000000000000000000e+00
0.000000000000000000e+00
0.000000000000000000e+00
0.000000000000000000e+00
0.000000000000000000e+00
0.000000000000000000e+00
0.000000000000000000e+00
0.000000000000000000e+00
0.000000000000000000e+00
0.000000000000000000e+00
0.000000000000000000e+00
0.000000000000000000e+00
0.000000000000000000e+00
0.000000000000000000e+00
0.000000000000000000e+00
0.000000000000000000e+00
0.000000000000000000e+00
0.000000000000000000e+00
0.000000000000000000e+00
0.000000000000000000e+00
0.000000000000000000e+00
0.000000000000000000e+00
0.000000000000000000e+00
1.730000000000000071e+01
1.800000000000000000e+01
4.820000000000000284e+01
5.179999999999999716e+01
3.160000000000000142e+01
3.600000000000000000e+01
3.410000000000000142e+01
3.910000000000000142e+01
1.050000000000000000e+01
2.730000000000000071e+01
2.780000000000000071e+01
3.589999999999999858e+01
1.619999999999999929e+01
4.010000000000000142e+01
1.580000000000000071e+01
2.900000000000000000e+01
1.019999999999999929e+01
2.650000000000000000e+01
