3.810000000000000142e+01
3.950000000000000000e+01
4.879999999999999716e+01
3.979999999999999716e+01
1.200000000000000000e+01
3.339999999999999858e+01
5.579999999999999716e+01
2.739999999999999858e+01
3.350000000000000000e+01
3.479999999999999716e+01
1.430000000000000071e+01
1.119999999999999929e+01
3.800000000000000000e+01
2.650000000000000000e+01
1.669999999999999929e+01
1.880000000000000071e+01
1.900000000000000000e+01
1.550000000000000000e+01
2.139999999999999858e+01
1.800000000000000000e+01
5.310000000000000142e+01
6.500000000000000000e+00
8.300000000000000711e+00
8.599999999999999645e+00
8.199999999999999289e+00
5.400000000000000355e+00
8.500000000000000000e+00
5.310000000000000142e+01
4.529999999999999716e+01
2.950000000000000000e+01
8.699999999999999289e+00
2.760000000000000142e+01
6.299999999999999822e+00
6.799999999999999822e+00
4.010000000000000142e+01
5.900000000000000355e+00
1.119999999999999929e+01
1.240000000000000036e+01
2.000000000000000000e+01
8.400000000000000355e+00
9.300000000000000711e+00
2.269999999999999929e+01
5.310000000000000142e+01
4.529999999999999716e+01
2.950000000000000000e+01
2.760000000000000142e+01
4.010000000000000142e+01
2.000000000000000000e+01
2.269999999999999929e+01
3.420000000000000284e+01
3.560000000000000142e+01
2.410000000000000142e+01
2.880000000000000071e+01
2.460000000000000142e+01
2.069999999999999929e+01
2.789999999999999858e+01
5.270000000000000284e+01
2.150000000000000000e+01
2.080000000000000071e+01
2.960000000000000142e+01
3.329999999999999716e+01
1.119999999999999929e+01
1.540000000000000036e+01
2.410000000000000142e+01
2.880000000000000071e+01
2.460000000000000142e+01
2.069999999999999929e+01
2.789999999999999858e+01
5.270000000000000284e+01
2.150000000000000000e+01
2.080000000000000071e+01
2.960000000000000142e+01
3.329999999999999716e+01
3.760000000000000142e+01
1.530000000000000071e+01
1.150000000000000000e+01
2.150000000000000000e+01
2.080000000000000071e+01
