2.389999999999999858e+01
2.069999999999999929e+01
2.230000000000000071e+01
2.380000000000000071e+01
3.639999999999999858e+01
4.120000000000000284e+01
3.670000000000000284e+01
4.570000000000000284e+01
1.750000000000000000e+01
5.579999999999999716e+01
6.500000000000000000e+01
3.169999999999999929e+01
5.579999999999999716e+01
6.500000000000000000e+01
3.169999999999999929e+01
2.869999999999999929e+01
5.610000000000000142e+01
5.500000000000000000e+01
3.130000000000000071e+01
2.130000000000000071e+01
2.389999999999999858e+01
2.650000000000000000e+01
2.260000000000000142e+01
3.379999999999999716e+01
3.800000000000000000e+01
2.780000000000000071e+01
3.589999999999999858e+01
4.039999999999999858e+01
2.919999999999999929e+01
4.610000000000000142e+01
2.800000000000000000e+01
4.579999999999999716e+01
3.560000000000000142e+01
2.269999999999999929e+01
2.989999999999999858e+01
3.200000000000000000e+01
3.550000000000000000e+01
2.260000000000000142e+01
3.379999999999999716e+01
3.800000000000000000e+01
2.780000000000000071e+01
3.589999999999999858e+01
4.039999999999999858e+01
2.919999999999999929e+01
4.610000000000000142e+01
