2.580000000000000071e+01
1.040000000000000036e+01
2.850000000000000000e+01
2.430000000000000071e+01
3.870000000000000284e+01
3.139999999999999858e+01
7.040000000000000568e+01
4.220000000000000284e+01
4.050000000000000000e+01
5.400000000000000355e+00
6.500000000000000000e+00
6.400000000000000355e+00
3.870000000000000284e+01
5.000000000000000000e+00
3.139999999999999858e+01
7.040000000000000568e+01
4.220000000000000284e+01
4.050000000000000000e+01
1.880000000000000071e+01
1.190000000000000036e+01
8.000000000000000000e+00
1.860000000000000142e+01
4.210000000000000142e+01
4.220000000000000284e+01
2.369999999999999929e+01
5.400000000000000355e+00
3.870000000000000284e+01
3.139999999999999858e+01
7.040000000000000568e+01
4.220000000000000284e+01
4.050000000000000000e+01
4.210000000000000142e+01
4.220000000000000284e+01
2.369999999999999929e+01
2.250000000000000000e+01
3.080000000000000071e+01
4.410000000000000142e+01
4.229999999999999716e+01
2.469999999999999929e+01
7.029999999999999716e+01
2.930000000000000071e+01
3.220000000000000284e+01
3.870000000000000284e+01
1.880000000000000071e+01
1.190000000000000036e+01
1.860000000000000142e+01
4.410000000000000142e+01
4.229999999999999716e+01
1.290000000000000036e+01
1.259999999999999964e+01
2.469999999999999929e+01
7.029999999999999716e+01
2.930000000000000071e+01
3.220000000000000284e+01
3.870000000000000284e+01
1.259999999999999964e+01
2.610000000000000142e+01
1.969999999999999929e+01
7.859999999999999432e+01
3.250000000000000000e+01
1.150000000000000000e+01
