4.079999999999999716e+01
3.679999999999999716e+01
2.030000000000000071e+01
3.060000000000000142e+01
2.150000000000000000e+01
8.300000000000000000e+01
3.489999999999999858e+01
2.819999999999999929e+01
3.139999999999999858e+01
1.280000000000000071e+01
9.800000000000000711e+00
3.139999999999999858e+01
1.280000000000000071e+01
8.099999999999999645e+00
2.819999999999999929e+01
2.819999999999999929e+01
1.519999999999999929e+01
0.000000000000000000e+00
0.000000000000000000e+00
0.000000000000000000e+00
0.000000000000000000e+00
0.000000000000000000e+00
0.000000000000000000e+00
0.000000000000000000e+00
0.000000000000000000e+00
0.000000000000000000e+00
0.000000000000000000e+00
0.000000000000000000e+00
4.200000000000000178e+00
0.000000000000000000e+00
0.000000000000000000e+00
0.000000000000000000e+00
0.000000000000000000e+00
0.000000000000000000e+00
0.000000000000000000e+00
0.000000000000000000e+00
0.000000000000000000e+00
0.000000000000000000e+00
0.000000000000000000e+00
0.000000000000000000e+00
0.000000000000000000e+00
0.000000000000000000e+00
0.000000000000000000e+00
0.000000000000000000e+00
0.000000000000000000e+00
0.000000000000000000e+00
0.000000000000000000e+00
0.000000000000000000e+00
0.000000000000000000e+00
4.000000000000000000e+00
0.000000000000000000e+00
0.000000000000000000e+00
3.600000000000000089e+00
0.000000000000000000e+00
1.899999999999999911e+00
0.000000000000000000e+00
1.069999999999999929e+01
1.980000000000000071e+01
1.500000000000000000e+01
1.540000000000000036e+01
2.210000000000000142e+01
2.030000000000000071e+01
1.910000000000000142e+01
5.129999999999999716e+01
3.439999999999999858e+01
1.910000000000000142e+01
