2.910000000000000142e+01
1.900000000000000000e+01
6.339999999999999858e+01
1.710000000000000142e+01
2.360000000000000142e+01
4.360000000000000142e+01
1.619999999999999929e+01
5.299999999999999822e+00
6.900000000000000355e+00
6.900000000000000355e+00
6.500000000000000000e+00
5.200000000000000178e+00
6.599999999999999645e+00
7.000000000000000000e+00
1.710000000000000142e+01
2.360000000000000142e+01
6.400000000000000355e+00
4.360000000000000142e+01
1.619999999999999929e+01
2.519999999999999929e+01
4.410000000000000142e+01
3.089999999999999858e+01
7.529999999999999716e+01
2.519999999999999929e+01
6.020000000000000284e+01
9.400000000000000355e+00
2.360000000000000142e+01
4.360000000000000142e+01
2.519999999999999929e+01
4.410000000000000142e+01
3.089999999999999858e+01
7.529999999999999716e+01
2.519999999999999929e+01
6.020000000000000284e+01
3.500000000000000000e+01
4.460000000000000142e+01
2.350000000000000000e+01
2.369999999999999929e+01
2.919999999999999929e+01
1.710000000000000142e+01
1.619999999999999929e+01
3.500000000000000000e+01
4.460000000000000142e+01
1.009999999999999964e+01
2.350000000000000000e+01
2.369999999999999929e+01
2.919999999999999929e+01
2.500000000000000000e+01
3.989999999999999858e+01
4.489999999999999858e+01
1.169999999999999929e+01
3.050000000000000000e+01
2.280000000000000071e+01
