4.320000000000000284e+01
1.369999999999999929e+01
3.110000000000000142e+01
3.169999999999999929e+01
2.900000000000000000e+01
3.470000000000000284e+01
3.710000000000000142e+01
1.059999999999999964e+01
1.950000000000000000e+01
1.040000000000000036e+01
3.039999999999999858e+01
3.960000000000000142e+01
3.039999999999999858e+01
3.960000000000000142e+01
3.839999999999999858e+01
3.110000000000000142e+01
2.519999999999999929e+01
2.330000000000000071e+01
6.829999999999999716e+01
3.060000000000000142e+01
2.010000000000000142e+01
3.870000000000000284e+01
2.010000000000000142e+01
4.670000000000000284e+01
3.370000000000000284e+01
3.870000000000000284e+01
6.210000000000000142e+01
2.939999999999999858e+01
6.139999999999999858e+01
2.569999999999999929e+01
2.550000000000000000e+01
4.139999999999999858e+01
4.750000000000000000e+01
2.450000000000000000e+01
8.659999999999999432e+01
2.769999999999999929e+01
4.129999999999999716e+01
3.320000000000000284e+01
2.469999999999999929e+01
6.620000000000000284e+01
3.910000000000000142e+01
5.500000000000000000e+01
3.039999999999999858e+01
3.960000000000000142e+01
3.839999999999999858e+01
3.110000000000000142e+01
2.519999999999999929e+01
2.330000000000000071e+01
6.829999999999999716e+01
3.060000000000000142e+01
2.010000000000000142e+01
3.870000000000000284e+01
2.010000000000000142e+01
4.670000000000000284e+01
3.370000000000000284e+01
3.870000000000000284e+01
6.210000000000000142e+01
2.939999999999999858e+01
6.139999999999999858e+01
2.569999999999999929e+01
2.550000000000000000e+01
4.139999999999999858e+01
4.750000000000000000e+01
2.450000000000000000e+01
8.659999999999999432e+01
2.769999999999999929e+01
4.129999999999999716e+01
3.320000000000000284e+01
2.469999999999999929e+01
6.620000000000000284e+01
3.910000000000000142e+01
5.500000000000000000e+01
3.039999999999999858e+01
3.960000000000000142e+01
3.839999999999999858e+01
3.110000000000000142e+01
2.519999999999999929e+01
2.330000000000000071e+01
6.829999999999999716e+01
3.060000000000000142e+01
2.010000000000000142e+01
3.870000000000000284e+01
2.010000000000000142e+01
3.370000000000000284e+01
3.870000000000000284e+01
6.210000000000000142e+01
3.039999999999999858e+01
3.960000000000000142e+01
3.839999999999999858e+01
3.110000000000000142e+01
2.519999999999999929e+01
2.330000000000000071e+01
6.829999999999999716e+01
3.060000000000000142e+01
2.010000000000000142e+01
