2.300000000000000000e+01
8.129999999999999716e+01
2.000000000000000000e+01
1.230000000000000071e+01
6.039999999999999858e+01
3.770000000000000284e+01
3.939999999999999858e+01
1.509999999999999964e+01
1.939999999999999858e+01
2.580000000000000071e+01
3.189999999999999858e+01
2.300000000000000000e+01
6.150000000000000000e+01
2.000000000000000000e+01
3.839999999999999858e+01
5.189999999999999858e+01
1.869999999999999929e+01
2.310000000000000142e+01
2.150000000000000000e+01
5.189999999999999858e+01
2.310000000000000142e+01
2.150000000000000000e+01
3.010000000000000142e+01
4.020000000000000284e+01
2.589999999999999858e+01
3.660000000000000142e+01
3.550000000000000000e+01
2.410000000000000142e+01
2.289999999999999858e+01
4.529999999999999716e+01
3.130000000000000071e+01
2.889999999999999858e+01
2.419999999999999929e+01
6.459999999999999432e+01
4.779999999999999716e+01
3.810000000000000142e+01
5.339999999999999858e+01
2.639999999999999858e+01
4.170000000000000284e+01
3.729999999999999716e+01
3.689999999999999858e+01
6.659999999999999432e+01
3.479999999999999716e+01
3.579999999999999716e+01
4.070000000000000284e+01
5.339999999999999858e+01
2.639999999999999858e+01
4.170000000000000284e+01
3.729999999999999716e+01
3.810000000000000142e+01
