1.359999999999999964e+01
3.520000000000000284e+01
5.389999999999999858e+01
3.920000000000000284e+01
1.390000000000000036e+01
3.000000000000000000e+01
1.169999999999999929e+01
3.479999999999999716e+01
1.839999999999999858e+01
3.979999999999999716e+01
1.150000000000000000e+01
2.230000000000000071e+01
3.639999999999999858e+01
3.460000000000000142e+01
3.760000000000000142e+01
3.470000000000000284e+01
2.119999999999999929e+01
2.160000000000000142e+01
4.039999999999999858e+01
3.760000000000000142e+01
3.470000000000000284e+01
2.119999999999999929e+01
2.160000000000000142e+01
4.039999999999999858e+01
3.629999999999999716e+01
2.850000000000000000e+01
3.080000000000000071e+01
3.610000000000000142e+01
3.860000000000000142e+01
2.219999999999999929e+01
2.239999999999999858e+01
2.239999999999999858e+01
3.500000000000000000e+01
3.289999999999999858e+01
2.650000000000000000e+01
2.289999999999999858e+01
2.989999999999999858e+01
3.570000000000000284e+01
3.760000000000000142e+01
3.910000000000000142e+01
4.210000000000000142e+01
2.400000000000000000e+01
6.459999999999999432e+01
3.470000000000000284e+01
0.000000000000000000e+00
0.000000000000000000e+00
0.000000000000000000e+00
0.000000000000000000e+00
0.000000000000000000e+00
2.519999999999999929e+01
4.070000000000000284e+01
0.000000000000000000e+00
0.000000000000000000e+00
1.930000000000000071e+01
0.000000000000000000e+00
0.000000000000000000e+00
0.000000000000000000e+00
0.000000000000000000e+00
0.000000000000000000e+00
0.000000000000000000e+00
0.000000000000000000e+00
0.000000000000000000e+00
0.000000000000000000e+00
0.000000000000000000e+00
0.000000000000000000e+00
0.000000000000000000e+00
0.000000000000000000e+00
0.000000000000000000e+00
0.000000000000000000e+00
0.000000000000000000e+00
3.399999999999999911e+00
3.920000000000000284e+01
0.000000000000000000e+00
2.130000000000000071e+01
0.000000000000000000e+00
4.520000000000000284e+01
0.000000000000000000e+00
4.700000000000000178e+00
0.000000000000000000e+00
0.000000000000000000e+00
8.599999999999999645e+00
0.000000000000000000e+00
0.000000000000000000e+00
0.000000000000000000e+00
3.529999999999999716e+01
0.000000000000000000e+00
0.000000000000000000e+00
0.000000000000000000e+00
0.000000000000000000e+00
0.000000000000000000e+00
0.000000000000000000e+00
3.760000000000000142e+01
3.470000000000000284e+01
2.119999999999999929e+01
2.160000000000000142e+01
4.039999999999999858e+01
3.629999999999999716e+01
2.850000000000000000e+01
3.080000000000000071e+01
3.610000000000000142e+01
2.219999999999999929e+01
2.239999999999999858e+01
3.500000000000000000e+01
3.289999999999999858e+01
2.650000000000000000e+01
2.289999999999999858e+01
2.989999999999999858e+01
3.570000000000000284e+01
3.760000000000000142e+01
3.760000000000000142e+01
3.470000000000000284e+01
2.119999999999999929e+01
2.160000000000000142e+01
4.039999999999999858e+01
3.629999999999999716e+01
2.850000000000000000e+01
3.080000000000000071e+01
3.610000000000000142e+01
2.219999999999999929e+01
2.239999999999999858e+01
3.500000000000000000e+01
3.289999999999999858e+01
2.650000000000000000e+01
