3.810000000000000142e+01
2.350000000000000000e+01
1.369999999999999929e+01
1.150000000000000000e+01
3.600000000000000000e+01
4.339999999999999858e+01
1.880000000000000071e+01
3.000000000000000000e+01
1.109999999999999964e+01
2.919999999999999929e+01
2.019999999999999929e+01
1.800000000000000000e+01
4.039999999999999858e+01
1.930000000000000071e+01
2.100000000000000000e+01
5.179999999999999716e+01
1.960000000000000142e+01
2.800000000000000000e+01
1.019999999999999929e+01
3.839999999999999858e+01
3.779999999999999716e+01
3.720000000000000284e+01
3.600000000000000000e+01
2.850000000000000000e+01
2.500000000000000000e+01
2.819999999999999929e+01
3.060000000000000142e+01
3.770000000000000284e+01
3.500000000000000000e+01
3.839999999999999858e+01
3.779999999999999716e+01
3.720000000000000284e+01
3.600000000000000000e+01
2.850000000000000000e+01
2.500000000000000000e+01
2.819999999999999929e+01
3.060000000000000142e+01
3.770000000000000284e+01
3.500000000000000000e+01
3.119999999999999929e+01
3.210000000000000142e+01
2.189999999999999858e+01
3.770000000000000284e+01
5.520000000000000284e+01
3.560000000000000142e+01
4.570000000000000284e+01
2.360000000000000142e+01
3.019999999999999929e+01
2.039999999999999858e+01
2.539999999999999858e+01
6.909999999999999432e+01
3.180000000000000071e+01
3.479999999999999716e+01
8.400000000000000000e+01
2.710000000000000142e+01
4.429999999999999716e+01
3.250000000000000000e+01
2.200000000000000000e+01
2.230000000000000071e+01
3.019999999999999929e+01
2.039999999999999858e+01
2.539999999999999858e+01
6.909999999999999432e+01
3.180000000000000071e+01
3.479999999999999716e+01
