2.989999999999999858e+01
4.529999999999999716e+01
7.929999999999999716e+01
4.239999999999999858e+01
4.610000000000000142e+01
2.639999999999999858e+01
2.189999999999999858e+01
5.800000000000000000e+01
3.130000000000000071e+01
3.010000000000000142e+01
4.239999999999999858e+01
3.139999999999999858e+01
1.930000000000000071e+01
3.870000000000000284e+01
2.310000000000000142e+01
1.259999999999999964e+01
2.850000000000000000e+01
3.870000000000000284e+01
3.510000000000000142e+01
4.220000000000000284e+01
3.860000000000000142e+01
3.169999999999999929e+01
3.239999999999999858e+01
5.200000000000000000e+01
3.639999999999999858e+01
1.760000000000000142e+01
3.639999999999999858e+01
2.239999999999999858e+01
2.289999999999999858e+01
2.269999999999999929e+01
2.219999999999999929e+01
2.180000000000000071e+01
2.410000000000000142e+01
4.039999999999999858e+01
7.550000000000000000e+01
1.150000000000000000e+01
2.000000000000000000e+01
2.900000000000000000e+01
2.750000000000000000e+01
3.289999999999999858e+01
3.420000000000000284e+01
3.239999999999999858e+01
2.069999999999999929e+01
1.040000000000000036e+01
2.030000000000000071e+01
3.970000000000000284e+01
2.900000000000000000e+01
3.820000000000000284e+01
3.229999999999999716e+01
4.360000000000000142e+01
4.910000000000000142e+01
4.210000000000000142e+01
1.480000000000000071e+01
2.530000000000000071e+01
2.119999999999999929e+01
1.250000000000000000e+01
4.639999999999999858e+01
4.900000000000000000e+01
3.450000000000000000e+01
2.850000000000000000e+01
1.190000000000000036e+01
1.700000000000000000e+01
1.309999999999999964e+01
1.009999999999999964e+01
4.229999999999999716e+01
5.379999999999999716e+01
3.789999999999999858e+01
3.069999999999999929e+01
4.229999999999999716e+01
4.089999999999999858e+01
4.010000000000000142e+01
4.339999999999999858e+01
5.120000000000000284e+01
3.250000000000000000e+01
7.700000000000000178e+00
9.400000000000000355e+00
7.500000000000000000e+00
6.200000000000000178e+00
9.800000000000000711e+00
5.799999999999999822e+00
5.000000000000000000e+00
5.299999999999999822e+00
6.099999999999999645e+00
9.900000000000000355e+00
8.599999999999999645e+00
9.599999999999999645e+00
6.400000000000000355e+00
5.500000000000000000e+00
7.299999999999999822e+00
6.299999999999999822e+00
6.000000000000000000e+00
5.200000000000000178e+00
6.000000000000000000e+00
7.400000000000000355e+00
9.300000000000000711e+00
5.900000000000000355e+00
7.200000000000000178e+00
5.599999999999999645e+00
8.599999999999999645e+00
7.200000000000000178e+00
6.400000000000000355e+00
5.400000000000000355e+00
6.099999999999999645e+00
8.199999999999999289e+00
2.900000000000000000e+01
5.799999999999999822e+00
6.400000000000000355e+00
6.900000000000000355e+00
3.820000000000000284e+01
3.229999999999999716e+01
5.200000000000000178e+00
5.900000000000000355e+00
4.360000000000000142e+01
4.910000000000000142e+01
6.200000000000000178e+00
4.210000000000000142e+01
8.000000000000000000e+00
1.480000000000000071e+01
2.530000000000000071e+01
2.119999999999999929e+01
1.250000000000000000e+01
7.000000000000000000e+00
4.639999999999999858e+01
4.900000000000000000e+01
8.800000000000000711e+00
3.450000000000000000e+01
2.850000000000000000e+01
1.190000000000000036e+01
1.700000000000000000e+01
1.309999999999999964e+01
1.009999999999999964e+01
4.229999999999999716e+01
5.379999999999999716e+01
3.789999999999999858e+01
3.069999999999999929e+01
4.229999999999999716e+01
4.089999999999999858e+01
4.010000000000000142e+01
4.339999999999999858e+01
5.120000000000000284e+01
9.199999999999999289e+00
3.250000000000000000e+01
3.800000000000000000e+01
3.700000000000000000e+01
2.419999999999999929e+01
5.400000000000000355e+00
7.200000000000000178e+00
7.790000000000000568e+01
1.710000000000000142e+01
1.569999999999999929e+01
8.599999999999999645e+00
2.719999999999999929e+01
6.099999999999999645e+00
5.900000000000000355e+00
4.689999999999999858e+01
3.710000000000000142e+01
3.089999999999999858e+01
2.660000000000000142e+01
6.000000000000000000e+01
1.619999999999999929e+01
2.430000000000000071e+01
1.080000000000000071e+01
2.869999999999999929e+01
4.089999999999999858e+01
2.839999999999999858e+01
4.029999999999999716e+01
1.069999999999999929e+01
1.330000000000000071e+01
3.130000000000000071e+01
3.479999999999999716e+01
2.160000000000000142e+01
4.000000000000000000e+01
5.400000000000000355e+00
3.479999999999999716e+01
2.739999999999999858e+01
1.480000000000000071e+01
3.800000000000000000e+01
1.540000000000000036e+01
2.630000000000000071e+01
1.769999999999999929e+01
2.319999999999999929e+01
2.430000000000000071e+01
3.839999999999999858e+01
2.689999999999999858e+01
3.600000000000000000e+01
2.730000000000000071e+01
3.050000000000000000e+01
1.359999999999999964e+01
3.119999999999999929e+01
3.239999999999999858e+01
2.689999999999999858e+01
3.550000000000000000e+01
2.260000000000000142e+01
3.039999999999999858e+01
5.220000000000000284e+01
1.280000000000000071e+01
8.599999999999999645e+00
2.780000000000000071e+01
5.299999999999999822e+00
1.830000000000000071e+01
2.339999999999999858e+01
3.169999999999999929e+01
2.389999999999999858e+01
5.889999999999999858e+01
4.460000000000000142e+01
1.900000000000000000e+01
2.300000000000000000e+01
2.919999999999999929e+01
2.700000000000000000e+01
4.470000000000000284e+01
3.789999999999999858e+01
2.069999999999999929e+01
4.129999999999999716e+01
2.700000000000000000e+01
3.289999999999999858e+01
2.889999999999999858e+01
7.799999999999999822e+00
2.810000000000000142e+01
1.819999999999999929e+01
1.590000000000000036e+01
2.269999999999999929e+01
6.490000000000000568e+01
4.170000000000000284e+01
4.320000000000000284e+01
3.850000000000000000e+01
4.060000000000000142e+01
1.440000000000000036e+01
3.420000000000000284e+01
2.900000000000000000e+01
3.820000000000000284e+01
3.229999999999999716e+01
4.360000000000000142e+01
4.910000000000000142e+01
4.210000000000000142e+01
2.530000000000000071e+01
2.119999999999999929e+01
4.639999999999999858e+01
4.900000000000000000e+01
3.450000000000000000e+01
2.850000000000000000e+01
4.229999999999999716e+01
5.379999999999999716e+01
3.789999999999999858e+01
3.069999999999999929e+01
4.229999999999999716e+01
4.089999999999999858e+01
4.010000000000000142e+01
4.339999999999999858e+01
5.120000000000000284e+01
3.250000000000000000e+01
3.800000000000000000e+01
3.700000000000000000e+01
2.419999999999999929e+01
7.790000000000000568e+01
2.719999999999999929e+01
4.689999999999999858e+01
3.710000000000000142e+01
3.089999999999999858e+01
2.660000000000000142e+01
6.000000000000000000e+01
2.430000000000000071e+01
2.869999999999999929e+01
4.089999999999999858e+01
2.839999999999999858e+01
4.029999999999999716e+01
3.130000000000000071e+01
3.479999999999999716e+01
2.160000000000000142e+01
4.000000000000000000e+01
3.479999999999999716e+01
2.739999999999999858e+01
3.800000000000000000e+01
2.630000000000000071e+01
2.319999999999999929e+01
2.430000000000000071e+01
3.839999999999999858e+01
2.689999999999999858e+01
3.600000000000000000e+01
2.730000000000000071e+01
3.050000000000000000e+01
3.119999999999999929e+01
3.239999999999999858e+01
2.689999999999999858e+01
3.550000000000000000e+01
2.260000000000000142e+01
3.039999999999999858e+01
5.220000000000000284e+01
2.780000000000000071e+01
2.339999999999999858e+01
3.169999999999999929e+01
2.389999999999999858e+01
5.889999999999999858e+01
4.460000000000000142e+01
2.300000000000000000e+01
2.919999999999999929e+01
2.700000000000000000e+01
4.470000000000000284e+01
3.789999999999999858e+01
2.069999999999999929e+01
4.129999999999999716e+01
2.700000000000000000e+01
3.289999999999999858e+01
2.889999999999999858e+01
2.810000000000000142e+01
2.269999999999999929e+01
6.490000000000000568e+01
4.170000000000000284e+01
4.320000000000000284e+01
3.850000000000000000e+01
4.060000000000000142e+01
3.420000000000000284e+01
4.500000000000000000e+01
2.089999999999999858e+01
5.010000000000000142e+01
2.760000000000000142e+01
2.439999999999999858e+01
3.529999999999999716e+01
3.760000000000000142e+01
2.810000000000000142e+01
4.470000000000000284e+01
6.609999999999999432e+01
2.089999999999999858e+01
5.300000000000000000e+01
2.269999999999999929e+01
2.500000000000000000e+01
3.080000000000000071e+01
2.250000000000000000e+01
5.129999999999999716e+01
2.880000000000000071e+01
2.800000000000000000e+01
5.170000000000000284e+01
3.679999999999999716e+01
4.229999999999999716e+01
3.989999999999999858e+01
3.479999999999999716e+01
4.500000000000000000e+01
2.330000000000000071e+01
2.419999999999999929e+01
2.710000000000000142e+01
2.900000000000000000e+01
3.679999999999999716e+01
4.679999999999999716e+01
4.579999999999999716e+01
3.069999999999999929e+01
2.289999999999999858e+01
3.450000000000000000e+01
3.700000000000000000e+01
2.219999999999999929e+01
3.200000000000000000e+01
2.060000000000000142e+01
6.139999999999999858e+01
2.239999999999999858e+01
3.229999999999999716e+01
3.000000000000000000e+01
5.629999999999999716e+01
3.250000000000000000e+01
2.010000000000000142e+01
2.269999999999999929e+01
4.600000000000000000e+01
4.470000000000000284e+01
1.480000000000000071e+01
1.250000000000000000e+01
1.190000000000000036e+01
1.700000000000000000e+01
1.309999999999999964e+01
1.009999999999999964e+01
1.710000000000000142e+01
1.569999999999999929e+01
1.619999999999999929e+01
1.080000000000000071e+01
1.069999999999999929e+01
1.330000000000000071e+01
1.480000000000000071e+01
1.540000000000000036e+01
1.769999999999999929e+01
1.280000000000000071e+01
1.830000000000000071e+01
1.900000000000000000e+01
1.819999999999999929e+01
1.590000000000000036e+01
1.440000000000000036e+01
1.350000000000000000e+01
3.529999999999999716e+01
3.760000000000000142e+01
2.810000000000000142e+01
1.730000000000000071e+01
4.470000000000000284e+01
1.730000000000000071e+01
1.610000000000000142e+01
6.609999999999999432e+01
2.089999999999999858e+01
1.030000000000000071e+01
5.300000000000000000e+01
2.269999999999999929e+01
2.500000000000000000e+01
3.080000000000000071e+01
2.250000000000000000e+01
5.129999999999999716e+01
2.880000000000000071e+01
2.800000000000000000e+01
5.170000000000000284e+01
3.679999999999999716e+01
4.229999999999999716e+01
3.989999999999999858e+01
3.479999999999999716e+01
4.500000000000000000e+01
2.330000000000000071e+01
2.419999999999999929e+01
2.710000000000000142e+01
2.900000000000000000e+01
3.679999999999999716e+01
4.679999999999999716e+01
4.579999999999999716e+01
1.380000000000000071e+01
3.069999999999999929e+01
1.159999999999999964e+01
2.289999999999999858e+01
1.750000000000000000e+01
3.450000000000000000e+01
1.119999999999999929e+01
3.700000000000000000e+01
2.219999999999999929e+01
1.330000000000000071e+01
3.200000000000000000e+01
2.060000000000000142e+01
6.139999999999999858e+01
2.239999999999999858e+01
3.229999999999999716e+01
1.880000000000000071e+01
3.000000000000000000e+01
5.629999999999999716e+01
3.250000000000000000e+01
1.050000000000000000e+01
2.010000000000000142e+01
2.269999999999999929e+01
4.600000000000000000e+01
4.470000000000000284e+01
3.539999999999999858e+01
3.560000000000000142e+01
4.179999999999999716e+01
3.860000000000000142e+01
3.829999999999999716e+01
1.930000000000000071e+01
2.710000000000000142e+01
3.500000000000000000e+01
1.350000000000000000e+01
2.360000000000000142e+01
6.540000000000000568e+01
2.500000000000000000e+01
3.550000000000000000e+01
1.269999999999999929e+01
1.459999999999999964e+01
1.889999999999999858e+01
2.839999999999999858e+01
9.570000000000000284e+01
1.910000000000000142e+01
1.850000000000000000e+01
2.200000000000000000e+01
2.610000000000000142e+01
2.989999999999999858e+01
1.250000000000000000e+01
3.350000000000000000e+01
2.530000000000000071e+01
2.880000000000000071e+01
2.330000000000000071e+01
3.870000000000000284e+01
1.719999999999999929e+01
1.140000000000000036e+01
3.239999999999999858e+01
4.189999999999999858e+01
3.710000000000000142e+01
5.089999999999999858e+01
1.000000000000000000e+01
8.350000000000000000e+01
2.060000000000000142e+01
