1.850000000000000000e+01
6.039999999999999858e+01
6.020000000000000284e+01
2.200000000000000000e+01
4.689999999999999858e+01
2.910000000000000142e+01
4.260000000000000142e+01
4.020000000000000284e+01
3.260000000000000142e+01
1.639999999999999858e+01
3.260000000000000142e+01
5.950000000000000000e+01
1.359999999999999964e+01
1.209999999999999964e+01
3.720000000000000284e+01
1.950000000000000000e+01
1.910000000000000142e+01
3.720000000000000284e+01
3.500000000000000000e+01
3.570000000000000284e+01
2.230000000000000071e+01
3.400000000000000000e+01
2.219999999999999929e+01
2.889999999999999858e+01
2.080000000000000071e+01
5.900000000000000000e+01
2.530000000000000071e+01
3.970000000000000284e+01
2.710000000000000142e+01
6.920000000000000284e+01
4.600000000000000000e+01
2.589999999999999858e+01
0.000000000000000000e+00
0.000000000000000000e+00
0.000000000000000000e+00
0.000000000000000000e+00
7.099999999999999645e+00
0.000000000000000000e+00
7.500000000000000000e+00
0.000000000000000000e+00
0.000000000000000000e+00
0.000000000000000000e+00
0.000000000000000000e+00
0.000000000000000000e+00
3.710000000000000142e+01
0.000000000000000000e+00
0.000000000000000000e+00
1.600000000000000000e+01
6.620000000000000284e+01
4.000000000000000222e-01
0.000000000000000000e+00
0.000000000000000000e+00
0.000000000000000000e+00
0.000000000000000000e+00
0.000000000000000000e+00
0.000000000000000000e+00
0.000000000000000000e+00
2.050000000000000000e+01
0.000000000000000000e+00
0.000000000000000000e+00
7.299999999999999822e+00
0.000000000000000000e+00
0.000000000000000000e+00
0.000000000000000000e+00
0.000000000000000000e+00
0.000000000000000000e+00
0.000000000000000000e+00
0.000000000000000000e+00
0.000000000000000000e+00
3.130000000000000071e+01
3.700000000000000178e+00
3.720000000000000284e+01
3.500000000000000000e+01
3.570000000000000284e+01
2.230000000000000071e+01
3.400000000000000000e+01
2.219999999999999929e+01
2.080000000000000071e+01
5.900000000000000000e+01
2.530000000000000071e+01
3.970000000000000284e+01
2.710000000000000142e+01
6.920000000000000284e+01
4.600000000000000000e+01
3.720000000000000284e+01
3.500000000000000000e+01
3.570000000000000284e+01
2.230000000000000071e+01
3.400000000000000000e+01
2.219999999999999929e+01
2.080000000000000071e+01
