3.729999999999999716e+01
4.179999999999999716e+01
1.780000000000000071e+01
1.369999999999999929e+01
1.190000000000000036e+01
6.479999999999999716e+01
7.150000000000000000e+01
1.669999999999999929e+01
6.250000000000000000e+01
3.470000000000000284e+01
1.830000000000000071e+01
1.789999999999999858e+01
4.389999999999999858e+01
2.719999999999999929e+01
3.829999999999999716e+01
2.619999999999999929e+01
2.180000000000000071e+01
2.150000000000000000e+01
1.969999999999999929e+01
3.960000000000000142e+01
3.000000000000000000e+01
4.489999999999999858e+01
3.570000000000000284e+01
2.789999999999999858e+01
1.850000000000000000e+01
1.989999999999999858e+01
1.610000000000000142e+01
7.200000000000000000e+01
2.550000000000000000e+01
4.650000000000000000e+01
6.350000000000000000e+01
3.060000000000000142e+01
3.439999999999999858e+01
2.369999999999999929e+01
2.089999999999999858e+01
3.689999999999999858e+01
2.489999999999999858e+01
2.760000000000000142e+01
2.900000000000000000e+01
2.760000000000000142e+01
3.820000000000000284e+01
2.200000000000000000e+01
2.219999999999999929e+01
2.960000000000000142e+01
2.360000000000000142e+01
2.280000000000000071e+01
3.030000000000000071e+01
3.770000000000000284e+01
3.510000000000000142e+01
3.800000000000000000e+01
8.120000000000000284e+01
2.760000000000000142e+01
2.900000000000000000e+01
2.760000000000000142e+01
3.820000000000000284e+01
2.200000000000000000e+01
2.219999999999999929e+01
2.960000000000000142e+01
2.360000000000000142e+01
