3.189999999999999858e+01
3.889999999999999858e+01
3.510000000000000142e+01
6.000000000000000000e+00
8.800000000000000711e+00
1.240000000000000036e+01
0.000000000000000000e+00
0.000000000000000000e+00
0.000000000000000000e+00
0.000000000000000000e+00
0.000000000000000000e+00
0.000000000000000000e+00
0.000000000000000000e+00
0.000000000000000000e+00
0.000000000000000000e+00
0.000000000000000000e+00
0.000000000000000000e+00
2.060000000000000142e+01
6.329999999999999716e+01
2.580000000000000071e+01
5.700000000000000000e+01
3.589999999999999858e+01
2.810000000000000142e+01
4.010000000000000142e+01
