1.290000000000000036e+01
2.550000000000000000e+01
2.289999999999999858e+01
2.619999999999999929e+01
1.390000000000000036e+01
1.230000000000000071e+01
2.289999999999999858e+01
1.340000000000000036e+01
1.350000000000000000e+01
3.270000000000000284e+01
2.080000000000000071e+01
1.230000000000000071e+01
2.080000000000000071e+01
3.450000000000000000e+01
4.129999999999999716e+01
3.670000000000000284e+01
2.560000000000000142e+01
4.039999999999999858e+01
3.030000000000000071e+01
4.720000000000000284e+01
2.210000000000000142e+01
2.300000000000000000e+01
0.000000000000000000e+00
0.000000000000000000e+00
0.000000000000000000e+00
0.000000000000000000e+00
0.000000000000000000e+00
0.000000000000000000e+00
3.729999999999999716e+01
1.350000000000000000e+01
0.000000000000000000e+00
0.000000000000000000e+00
0.000000000000000000e+00
0.000000000000000000e+00
2.000000000000000000e+01
0.000000000000000000e+00
0.000000000000000000e+00
6.500000000000000000e+00
0.000000000000000000e+00
3.850000000000000000e+01
0.000000000000000000e+00
2.160000000000000142e+01
0.000000000000000000e+00
0.000000000000000000e+00
0.000000000000000000e+00
0.000000000000000000e+00
0.000000000000000000e+00
5.999999999999999778e-01
2.200000000000000000e+01
0.000000000000000000e+00
6.599999999999999645e+00
0.000000000000000000e+00
0.000000000000000000e+00
2.080000000000000071e+01
4.129999999999999716e+01
3.670000000000000284e+01
2.560000000000000142e+01
4.039999999999999858e+01
3.030000000000000071e+01
4.720000000000000284e+01
2.210000000000000142e+01
2.300000000000000000e+01
2.080000000000000071e+01
4.129999999999999716e+01
3.670000000000000284e+01
2.560000000000000142e+01
