5.670000000000000284e+01
2.289999999999999858e+01
3.229999999999999716e+01
2.360000000000000142e+01
3.810000000000000142e+01
1.710000000000000142e+01
1.259999999999999964e+01
4.260000000000000142e+01
1.950000000000000000e+01
2.360000000000000142e+01
7.000000000000000000e+00
8.400000000000000355e+00
7.599999999999999645e+00
8.000000000000000000e+00
1.950000000000000000e+01
2.360000000000000142e+01
2.060000000000000142e+01
1.019999999999999929e+01
4.810000000000000142e+01
2.810000000000000142e+01
1.480000000000000071e+01
0.000000000000000000e+00
0.000000000000000000e+00
0.000000000000000000e+00
0.000000000000000000e+00
0.000000000000000000e+00
0.000000000000000000e+00
0.000000000000000000e+00
0.000000000000000000e+00
0.000000000000000000e+00
0.000000000000000000e+00
0.000000000000000000e+00
0.000000000000000000e+00
0.000000000000000000e+00
0.000000000000000000e+00
1.819999999999999929e+01
1.580000000000000071e+01
1.430000000000000071e+01
3.989999999999999858e+01
2.250000000000000000e+01
6.879999999999999716e+01
2.139999999999999858e+01
2.050000000000000000e+01
2.819999999999999929e+01
2.119999999999999929e+01
3.779999999999999716e+01
