2.610000000000000142e+01
1.409999999999999964e+01
4.489999999999999858e+01
1.739999999999999858e+01
1.910000000000000142e+01
2.789999999999999858e+01
2.569999999999999929e+01
3.910000000000000142e+01
1.660000000000000142e+01
8.190000000000000568e+01
3.010000000000000142e+01
3.539999999999999858e+01
2.289999999999999858e+01
1.050000000000000000e+01
5.799999999999999822e+00
8.800000000000000711e+00
9.900000000000000355e+00
5.299999999999999822e+00
9.199999999999999289e+00
6.400000000000000355e+00
6.099999999999999645e+00
3.010000000000000142e+01
7.000000000000000000e+00
3.539999999999999858e+01
5.500000000000000000e+00
2.289999999999999858e+01
1.050000000000000000e+01
7.000000000000000000e+00
3.060000000000000142e+01
6.299999999999999822e+00
3.789999999999999858e+01
7.599999999999999645e+00
1.900000000000000000e+01
6.629999999999999716e+01
2.610000000000000142e+01
2.050000000000000000e+01
4.020000000000000284e+01
2.930000000000000071e+01
1.600000000000000000e+01
6.500000000000000000e+00
1.130000000000000071e+01
2.230000000000000071e+01
1.850000000000000000e+01
7.500000000000000000e+00
3.010000000000000142e+01
3.539999999999999858e+01
2.289999999999999858e+01
3.060000000000000142e+01
3.789999999999999858e+01
6.629999999999999716e+01
2.610000000000000142e+01
2.050000000000000000e+01
4.020000000000000284e+01
2.930000000000000071e+01
2.230000000000000071e+01
2.869999999999999929e+01
3.100000000000000000e+01
3.119999999999999929e+01
5.350000000000000000e+01
3.400000000000000000e+01
1.050000000000000000e+01
1.900000000000000000e+01
1.600000000000000000e+01
1.130000000000000071e+01
1.850000000000000000e+01
2.869999999999999929e+01
3.100000000000000000e+01
1.190000000000000036e+01
3.119999999999999929e+01
5.350000000000000000e+01
1.000000000000000000e+01
3.400000000000000000e+01
3.960000000000000142e+01
1.150000000000000000e+01
2.460000000000000142e+01
2.080000000000000071e+01
