2.610000000000000142e+01
6.039999999999999858e+01
1.219999999999999929e+01
2.130000000000000071e+01
2.750000000000000000e+01
1.419999999999999929e+01
4.000000000000000000e+01
3.529999999999999716e+01
2.980000000000000071e+01
1.290000000000000036e+01
2.160000000000000142e+01
1.069999999999999929e+01
1.430000000000000071e+01
3.560000000000000142e+01
1.259999999999999964e+01
2.219999999999999929e+01
1.950000000000000000e+01
3.570000000000000284e+01
1.819999999999999929e+01
2.989999999999999858e+01
1.530000000000000071e+01
4.239999999999999858e+01
2.989999999999999858e+01
4.239999999999999858e+01
2.500000000000000000e+01
5.779999999999999716e+01
2.800000000000000000e+01
2.350000000000000000e+01
2.710000000000000142e+01
2.930000000000000071e+01
2.450000000000000000e+01
4.200000000000000000e+01
2.980000000000000071e+01
3.800000000000000000e+01
2.050000000000000000e+01
3.150000000000000000e+01
6.409999999999999432e+01
3.529999999999999716e+01
4.089999999999999858e+01
2.319999999999999929e+01
2.839999999999999858e+01
3.800000000000000000e+01
3.850000000000000000e+01
4.550000000000000000e+01
2.150000000000000000e+01
4.120000000000000284e+01
2.560000000000000142e+01
2.830000000000000071e+01
8.879999999999999716e+01
3.729999999999999716e+01
5.360000000000000142e+01
3.060000000000000142e+01
2.980000000000000071e+01
2.760000000000000142e+01
2.230000000000000071e+01
2.650000000000000000e+01
2.730000000000000071e+01
3.350000000000000000e+01
3.800000000000000000e+01
2.530000000000000071e+01
3.850000000000000000e+01
4.550000000000000000e+01
2.150000000000000000e+01
4.120000000000000284e+01
2.560000000000000142e+01
2.830000000000000071e+01
8.879999999999999716e+01
3.729999999999999716e+01
5.360000000000000142e+01
3.060000000000000142e+01
2.839999999999999858e+01
3.800000000000000000e+01
