4.210000000000000142e+01
1.889999999999999858e+01
2.960000000000000142e+01
3.789999999999999858e+01
3.060000000000000142e+01
1.950000000000000000e+01
2.810000000000000142e+01
1.430000000000000071e+01
3.260000000000000142e+01
2.880000000000000071e+01
2.310000000000000142e+01
2.039999999999999858e+01
2.010000000000000142e+01
2.950000000000000000e+01
2.539999999999999858e+01
3.839999999999999858e+01
1.469999999999999929e+01
3.770000000000000284e+01
3.229999999999999716e+01
6.200000000000000178e+00
7.599999999999999645e+00
6.799999999999999822e+00
7.700000000000000178e+00
6.200000000000000178e+00
8.300000000000000711e+00
6.500000000000000000e+00
6.400000000000000355e+00
7.599999999999999645e+00
8.199999999999999289e+00
1.469999999999999929e+01
3.770000000000000284e+01
3.229999999999999716e+01
5.299999999999999822e+00
2.919999999999999929e+01
2.730000000000000071e+01
2.169999999999999929e+01
3.960000000000000142e+01
1.880000000000000071e+01
0.000000000000000000e+00
0.000000000000000000e+00
0.000000000000000000e+00
0.000000000000000000e+00
0.000000000000000000e+00
0.000000000000000000e+00
0.000000000000000000e+00
0.000000000000000000e+00
0.000000000000000000e+00
0.000000000000000000e+00
0.000000000000000000e+00
0.000000000000000000e+00
0.000000000000000000e+00
0.000000000000000000e+00
0.000000000000000000e+00
0.000000000000000000e+00
0.000000000000000000e+00
0.000000000000000000e+00
2.299999999999999822e+00
0.000000000000000000e+00
0.000000000000000000e+00
0.000000000000000000e+00
0.000000000000000000e+00
0.000000000000000000e+00
0.000000000000000000e+00
0.000000000000000000e+00
0.000000000000000000e+00
0.000000000000000000e+00
0.000000000000000000e+00
0.000000000000000000e+00
0.000000000000000000e+00
0.000000000000000000e+00
0.000000000000000000e+00
0.000000000000000000e+00
0.000000000000000000e+00
0.000000000000000000e+00
0.000000000000000000e+00
0.000000000000000000e+00
0.000000000000000000e+00
0.000000000000000000e+00
0.000000000000000000e+00
0.000000000000000000e+00
0.000000000000000000e+00
0.000000000000000000e+00
0.000000000000000000e+00
0.000000000000000000e+00
0.000000000000000000e+00
1.880000000000000071e+01
1.459999999999999964e+01
1.409999999999999964e+01
1.240000000000000036e+01
1.409999999999999964e+01
1.409999999999999964e+01
1.000000000000000000e+01
2.130000000000000071e+01
2.969999999999999929e+01
3.460000000000000142e+01
3.439999999999999858e+01
3.260000000000000142e+01
1.040000000000000036e+01
1.150000000000000000e+01
1.660000000000000142e+01
4.120000000000000284e+01
3.039999999999999858e+01
5.150000000000000000e+01
2.989999999999999858e+01
2.130000000000000071e+01
2.180000000000000071e+01
1.830000000000000071e+01
3.660000000000000142e+01
4.860000000000000142e+01
3.229999999999999716e+01
4.400000000000000000e+01
2.339999999999999858e+01
2.380000000000000071e+01
