2.650000000000000000e+01
2.869999999999999929e+01
4.279999999999999716e+01
1.059999999999999964e+01
6.600000000000000000e+01
1.880000000000000071e+01
2.180000000000000071e+01
1.919999999999999929e+01
4.079999999999999716e+01
5.770000000000000284e+01
4.089999999999999858e+01
3.119999999999999929e+01
5.770000000000000284e+01
4.089999999999999858e+01
3.119999999999999929e+01
3.100000000000000000e+01
3.370000000000000284e+01
2.689999999999999858e+01
4.220000000000000284e+01
5.539999999999999858e+01
3.119999999999999929e+01
3.439999999999999858e+01
3.529999999999999716e+01
7.409999999999999432e+01
6.220000000000000284e+01
3.169999999999999929e+01
3.860000000000000142e+01
3.229999999999999716e+01
0.000000000000000000e+00
0.000000000000000000e+00
0.000000000000000000e+00
3.960000000000000142e+01
0.000000000000000000e+00
0.000000000000000000e+00
0.000000000000000000e+00
0.000000000000000000e+00
5.700000000000000178e+00
2.010000000000000142e+01
0.000000000000000000e+00
0.000000000000000000e+00
0.000000000000000000e+00
0.000000000000000000e+00
0.000000000000000000e+00
0.000000000000000000e+00
0.000000000000000000e+00
0.000000000000000000e+00
0.000000000000000000e+00
0.000000000000000000e+00
0.000000000000000000e+00
3.850000000000000000e+01
0.000000000000000000e+00
0.000000000000000000e+00
0.000000000000000000e+00
1.309999999999999964e+01
0.000000000000000000e+00
0.000000000000000000e+00
0.000000000000000000e+00
0.000000000000000000e+00
6.150000000000000000e+01
4.089999999999999858e+01
3.100000000000000000e+01
3.370000000000000284e+01
2.689999999999999858e+01
4.220000000000000284e+01
5.539999999999999858e+01
3.119999999999999929e+01
3.439999999999999858e+01
3.529999999999999716e+01
7.409999999999999432e+01
6.220000000000000284e+01
3.169999999999999929e+01
3.860000000000000142e+01
6.279999999999999716e+01
4.089999999999999858e+01
3.100000000000000000e+01
3.370000000000000284e+01
2.689999999999999858e+01
4.220000000000000284e+01
5.539999999999999858e+01
3.119999999999999929e+01
3.439999999999999858e+01
