2.969999999999999929e+01
1.330000000000000071e+01
5.100000000000000000e+01
1.440000000000000036e+01
3.889999999999999858e+01
4.479999999999999716e+01
2.710000000000000142e+01
2.319999999999999929e+01
2.280000000000000071e+01
3.910000000000000142e+01
2.280000000000000071e+01
3.910000000000000142e+01
2.839999999999999858e+01
4.570000000000000284e+01
3.870000000000000284e+01
2.239999999999999858e+01
2.380000000000000071e+01
2.580000000000000071e+01
2.600000000000000000e+01
8.640000000000000568e+01
2.069999999999999929e+01
3.870000000000000284e+01
5.389999999999999858e+01
2.269999999999999929e+01
2.180000000000000071e+01
3.539999999999999858e+01
3.729999999999999716e+01
2.819999999999999929e+01
2.080000000000000071e+01
2.969999999999999929e+01
3.860000000000000142e+01
3.279999999999999716e+01
3.030000000000000071e+01
4.639999999999999858e+01
2.260000000000000142e+01
2.269999999999999929e+01
2.180000000000000071e+01
3.539999999999999858e+01
3.729999999999999716e+01
2.819999999999999929e+01
5.389999999999999858e+01
