1.159999999999999964e+01
1.750000000000000000e+01
2.180000000000000071e+01
2.439999999999999858e+01
1.169999999999999929e+01
4.220000000000000284e+01
2.819999999999999929e+01
2.110000000000000142e+01
1.619999999999999929e+01
4.570000000000000284e+01
2.110000000000000142e+01
2.289999999999999858e+01
1.269999999999999929e+01
1.250000000000000000e+01
7.599999999999999645e+00
5.000000000000000000e+00
6.500000000000000000e+00
1.269999999999999929e+01
1.250000000000000000e+01
3.229999999999999716e+01
2.289999999999999858e+01
3.810000000000000142e+01
3.200000000000000000e+01
4.160000000000000142e+01
0.000000000000000000e+00
0.000000000000000000e+00
0.000000000000000000e+00
0.000000000000000000e+00
0.000000000000000000e+00
0.000000000000000000e+00
0.000000000000000000e+00
0.000000000000000000e+00
0.000000000000000000e+00
4.700000000000000178e+00
0.000000000000000000e+00
0.000000000000000000e+00
9.000000000000000222e-01
1.300000000000000044e+00
0.000000000000000000e+00
0.000000000000000000e+00
0.000000000000000000e+00
0.000000000000000000e+00
0.000000000000000000e+00
0.000000000000000000e+00
2.799999999999999822e+00
0.000000000000000000e+00
0.000000000000000000e+00
0.000000000000000000e+00
0.000000000000000000e+00
1.300000000000000044e+00
0.000000000000000000e+00
0.000000000000000000e+00
0.000000000000000000e+00
0.000000000000000000e+00
1.960000000000000142e+01
1.730000000000000071e+01
1.180000000000000071e+01
1.739999999999999858e+01
3.510000000000000142e+01
2.250000000000000000e+01
1.860000000000000142e+01
2.269999999999999929e+01
3.039999999999999858e+01
1.710000000000000142e+01
1.939999999999999858e+01
1.939999999999999858e+01
2.369999999999999929e+01
3.139999999999999858e+01
2.089999999999999858e+01
4.929999999999999716e+01
2.010000000000000142e+01
2.069999999999999929e+01
3.000000000000000000e+01
