1.800000000000000000e+01
5.800000000000000000e+01
1.689999999999999858e+01
5.670000000000000284e+01
4.729999999999999716e+01
2.900000000000000000e+01
2.410000000000000142e+01
3.160000000000000142e+01
3.539999999999999858e+01
3.729999999999999716e+01
5.189999999999999858e+01
3.870000000000000284e+01
5.189999999999999858e+01
3.870000000000000284e+01
3.910000000000000142e+01
2.260000000000000142e+01
5.560000000000000142e+01
3.210000000000000142e+01
3.379999999999999716e+01
3.810000000000000142e+01
3.379999999999999716e+01
2.939999999999999858e+01
3.119999999999999929e+01
3.180000000000000071e+01
3.060000000000000142e+01
2.719999999999999929e+01
2.280000000000000071e+01
4.129999999999999716e+01
3.019999999999999929e+01
3.539999999999999858e+01
3.379999999999999716e+01
2.939999999999999858e+01
3.119999999999999929e+01
3.180000000000000071e+01
3.060000000000000142e+01
2.719999999999999929e+01
