2.239999999999999858e+01
4.020000000000000284e+01
6.010000000000000142e+01
4.300000000000000000e+01
1.919999999999999929e+01
2.680000000000000071e+01
3.800000000000000000e+01
2.300000000000000000e+01
1.309999999999999964e+01
2.319999999999999929e+01
5.479999999999999716e+01
2.789999999999999858e+01
1.230000000000000071e+01
3.439999999999999858e+01
1.030000000000000071e+01
1.789999999999999858e+01
1.800000000000000000e+01
3.960000000000000142e+01
1.939999999999999858e+01
3.439999999999999858e+01
3.960000000000000142e+01
3.289999999999999858e+01
2.530000000000000071e+01
2.769999999999999929e+01
7.640000000000000568e+01
3.600000000000000000e+01
2.619999999999999929e+01
2.880000000000000071e+01
2.939999999999999858e+01
3.989999999999999858e+01
2.780000000000000071e+01
2.510000000000000142e+01
2.080000000000000071e+01
3.289999999999999858e+01
3.729999999999999716e+01
2.300000000000000000e+01
3.889999999999999858e+01
2.300000000000000000e+01
2.300000000000000000e+01
2.400000000000000000e+01
6.500000000000000000e+01
2.380000000000000071e+01
3.069999999999999929e+01
2.380000000000000071e+01
2.110000000000000142e+01
2.430000000000000071e+01
2.060000000000000142e+01
3.689999999999999858e+01
4.950000000000000000e+01
3.639999999999999858e+01
3.439999999999999858e+01
3.960000000000000142e+01
3.289999999999999858e+01
2.530000000000000071e+01
2.769999999999999929e+01
7.640000000000000568e+01
3.600000000000000000e+01
2.619999999999999929e+01
2.939999999999999858e+01
3.989999999999999858e+01
2.780000000000000071e+01
2.510000000000000142e+01
2.080000000000000071e+01
3.289999999999999858e+01
3.729999999999999716e+01
2.300000000000000000e+01
3.889999999999999858e+01
2.300000000000000000e+01
2.300000000000000000e+01
2.400000000000000000e+01
6.500000000000000000e+01
2.380000000000000071e+01
3.069999999999999929e+01
2.380000000000000071e+01
2.110000000000000142e+01
2.430000000000000071e+01
2.060000000000000142e+01
3.689999999999999858e+01
4.950000000000000000e+01
3.639999999999999858e+01
3.439999999999999858e+01
3.960000000000000142e+01
3.289999999999999858e+01
2.769999999999999929e+01
7.640000000000000568e+01
3.600000000000000000e+01
2.619999999999999929e+01
2.939999999999999858e+01
3.989999999999999858e+01
2.780000000000000071e+01
2.510000000000000142e+01
2.080000000000000071e+01
3.289999999999999858e+01
3.729999999999999716e+01
2.300000000000000000e+01
3.889999999999999858e+01
2.300000000000000000e+01
3.439999999999999858e+01
3.960000000000000142e+01
3.289999999999999858e+01
2.769999999999999929e+01
7.640000000000000568e+01
3.600000000000000000e+01
2.619999999999999929e+01
2.939999999999999858e+01
3.989999999999999858e+01
2.780000000000000071e+01
2.510000000000000142e+01
2.080000000000000071e+01
3.289999999999999858e+01
