3.470000000000000284e+01
1.590000000000000036e+01
5.910000000000000142e+01
2.980000000000000071e+01
5.160000000000000142e+01
2.910000000000000142e+01
4.010000000000000142e+01
5.189999999999999858e+01
2.069999999999999929e+01
1.889999999999999858e+01
2.210000000000000142e+01
1.469999999999999929e+01
4.179999999999999716e+01
1.480000000000000071e+01
2.210000000000000142e+01
4.179999999999999716e+01
3.570000000000000284e+01
2.389999999999999858e+01
3.770000000000000284e+01
3.660000000000000142e+01
2.130000000000000071e+01
3.989999999999999858e+01
2.389999999999999858e+01
2.850000000000000000e+01
3.579999999999999716e+01
5.270000000000000284e+01
3.800000000000000000e+01
2.039999999999999858e+01
6.320000000000000284e+01
2.260000000000000142e+01
2.850000000000000000e+01
3.579999999999999716e+01
5.270000000000000284e+01
