1.769999999999999929e+01
1.950000000000000000e+01
2.350000000000000000e+01
3.489999999999999858e+01
2.039999999999999858e+01
3.069999999999999929e+01
4.300000000000000000e+01
2.639999999999999858e+01
2.469999999999999929e+01
2.830000000000000071e+01
1.350000000000000000e+01
1.680000000000000071e+01
5.379999999999999716e+01
1.700000000000000000e+01
1.900000000000000000e+01
2.350000000000000000e+01
1.900000000000000000e+01
4.489999999999999858e+01
2.350000000000000000e+01
4.489999999999999858e+01
2.089999999999999858e+01
3.610000000000000142e+01
2.719999999999999929e+01
2.389999999999999858e+01
3.350000000000000000e+01
2.910000000000000142e+01
3.539999999999999858e+01
3.160000000000000142e+01
3.700000000000000000e+01
4.170000000000000284e+01
5.479999999999999716e+01
2.130000000000000071e+01
3.000000000000000000e+01
2.519999999999999929e+01
4.850000000000000000e+01
4.170000000000000284e+01
5.479999999999999716e+01
2.130000000000000071e+01
3.000000000000000000e+01
