3.320000000000000284e+01
1.639999999999999858e+01
1.040000000000000036e+01
1.750000000000000000e+01
3.850000000000000000e+01
1.240000000000000036e+01
3.329999999999999716e+01
3.739999999999999858e+01
3.510000000000000142e+01
4.029999999999999716e+01
3.739999999999999858e+01
3.520000000000000284e+01
1.280000000000000071e+01
1.869999999999999929e+01
3.700000000000000000e+01
3.239999999999999858e+01
7.670000000000000284e+01
2.919999999999999929e+01
2.700000000000000000e+01
1.169999999999999929e+01
2.789999999999999858e+01
2.580000000000000071e+01
1.350000000000000000e+01
3.239999999999999858e+01
7.670000000000000284e+01
2.919999999999999929e+01
2.700000000000000000e+01
2.789999999999999858e+01
2.580000000000000071e+01
6.160000000000000142e+01
2.339999999999999858e+01
3.119999999999999929e+01
2.019999999999999929e+01
8.400000000000000000e+01
2.060000000000000142e+01
3.910000000000000142e+01
3.030000000000000071e+01
3.670000000000000284e+01
4.229999999999999716e+01
2.010000000000000142e+01
3.030000000000000071e+01
3.610000000000000142e+01
2.980000000000000071e+01
3.339999999999999858e+01
2.839999999999999858e+01
6.609999999999999432e+01
3.200000000000000000e+01
4.289999999999999858e+01
3.589999999999999858e+01
6.260000000000000142e+01
3.050000000000000000e+01
6.800000000000000000e+01
4.400000000000000000e+01
3.689999999999999858e+01
3.520000000000000284e+01
2.019999999999999929e+01
2.510000000000000142e+01
2.469999999999999929e+01
3.989999999999999858e+01
3.150000000000000000e+01
4.670000000000000284e+01
2.719999999999999929e+01
2.139999999999999858e+01
4.029999999999999716e+01
2.619999999999999929e+01
6.740000000000000568e+01
2.910000000000000142e+01
5.089999999999999858e+01
4.189999999999999858e+01
4.839999999999999858e+01
3.239999999999999858e+01
7.670000000000000284e+01
2.919999999999999929e+01
2.700000000000000000e+01
2.789999999999999858e+01
2.580000000000000071e+01
6.160000000000000142e+01
2.339999999999999858e+01
3.119999999999999929e+01
2.019999999999999929e+01
8.400000000000000000e+01
2.060000000000000142e+01
3.910000000000000142e+01
3.030000000000000071e+01
3.670000000000000284e+01
4.229999999999999716e+01
2.010000000000000142e+01
3.030000000000000071e+01
3.610000000000000142e+01
2.980000000000000071e+01
3.339999999999999858e+01
2.839999999999999858e+01
6.609999999999999432e+01
3.200000000000000000e+01
4.289999999999999858e+01
3.589999999999999858e+01
6.260000000000000142e+01
3.050000000000000000e+01
6.800000000000000000e+01
4.400000000000000000e+01
3.689999999999999858e+01
3.520000000000000284e+01
2.019999999999999929e+01
2.510000000000000142e+01
2.469999999999999929e+01
3.989999999999999858e+01
3.150000000000000000e+01
4.670000000000000284e+01
2.719999999999999929e+01
2.139999999999999858e+01
4.029999999999999716e+01
2.619999999999999929e+01
6.740000000000000568e+01
2.910000000000000142e+01
5.089999999999999858e+01
4.189999999999999858e+01
4.839999999999999858e+01
3.239999999999999858e+01
7.670000000000000284e+01
2.919999999999999929e+01
2.789999999999999858e+01
6.160000000000000142e+01
2.339999999999999858e+01
3.119999999999999929e+01
2.019999999999999929e+01
8.400000000000000000e+01
2.060000000000000142e+01
3.910000000000000142e+01
3.030000000000000071e+01
3.670000000000000284e+01
4.229999999999999716e+01
2.010000000000000142e+01
3.030000000000000071e+01
3.610000000000000142e+01
2.980000000000000071e+01
3.339999999999999858e+01
2.839999999999999858e+01
6.609999999999999432e+01
3.200000000000000000e+01
4.289999999999999858e+01
3.589999999999999858e+01
6.260000000000000142e+01
3.050000000000000000e+01
6.800000000000000000e+01
4.400000000000000000e+01
3.239999999999999858e+01
7.670000000000000284e+01
2.919999999999999929e+01
2.789999999999999858e+01
6.160000000000000142e+01
2.339999999999999858e+01
3.119999999999999929e+01
2.019999999999999929e+01
8.400000000000000000e+01
2.060000000000000142e+01
3.910000000000000142e+01
3.030000000000000071e+01
3.670000000000000284e+01
4.229999999999999716e+01
2.010000000000000142e+01
3.030000000000000071e+01
3.610000000000000142e+01
