1.550000000000000000e+01
1.619999999999999929e+01
2.969999999999999929e+01
1.580000000000000071e+01
2.430000000000000071e+01
1.739999999999999858e+01
2.360000000000000142e+01
3.970000000000000284e+01
1.530000000000000071e+01
5.300000000000000000e+01
3.639999999999999858e+01
5.329999999999999716e+01
2.030000000000000071e+01
3.970000000000000284e+01
5.300000000000000000e+01
3.639999999999999858e+01
5.329999999999999716e+01
2.030000000000000071e+01
2.710000000000000142e+01
2.219999999999999929e+01
3.080000000000000071e+01
3.429999999999999716e+01
2.850000000000000000e+01
4.020000000000000284e+01
2.350000000000000000e+01
2.269999999999999929e+01
4.100000000000000000e+01
4.389999999999999858e+01
3.180000000000000071e+01
3.829999999999999716e+01
3.360000000000000142e+01
2.519999999999999929e+01
3.000000000000000000e+01
2.080000000000000071e+01
2.760000000000000142e+01
5.689999999999999858e+01
2.250000000000000000e+01
3.360000000000000142e+01
2.519999999999999929e+01
3.000000000000000000e+01
2.080000000000000071e+01
2.760000000000000142e+01
