6.260000000000000142e+01
1.850000000000000000e+01
3.210000000000000142e+01
3.589999999999999858e+01
2.369999999999999929e+01
2.619999999999999929e+01
2.310000000000000142e+01
1.159999999999999964e+01
3.119999999999999929e+01
3.679999999999999716e+01
2.219999999999999929e+01
2.739999999999999858e+01
1.960000000000000142e+01
4.070000000000000284e+01
1.280000000000000071e+01
1.850000000000000000e+01
8.000000000000000000e+00
7.599999999999999645e+00
8.699999999999999289e+00
8.300000000000000711e+00
1.960000000000000142e+01
4.070000000000000284e+01
8.699999999999999289e+00
1.280000000000000071e+01
1.850000000000000000e+01
1.440000000000000036e+01
4.779999999999999716e+01
2.010000000000000142e+01
4.010000000000000142e+01
1.619999999999999929e+01
3.350000000000000000e+01
2.510000000000000142e+01
3.799999999999999822e+00
0.000000000000000000e+00
0.000000000000000000e+00
0.000000000000000000e+00
0.000000000000000000e+00
0.000000000000000000e+00
0.000000000000000000e+00
0.000000000000000000e+00
0.000000000000000000e+00
0.000000000000000000e+00
0.000000000000000000e+00
0.000000000000000000e+00
0.000000000000000000e+00
0.000000000000000000e+00
0.000000000000000000e+00
0.000000000000000000e+00
0.000000000000000000e+00
0.000000000000000000e+00
0.000000000000000000e+00
0.000000000000000000e+00
0.000000000000000000e+00
0.000000000000000000e+00
0.000000000000000000e+00
0.000000000000000000e+00
0.000000000000000000e+00
0.000000000000000000e+00
0.000000000000000000e+00
0.000000000000000000e+00
0.000000000000000000e+00
0.000000000000000000e+00
0.000000000000000000e+00
0.000000000000000000e+00
0.000000000000000000e+00
0.000000000000000000e+00
0.000000000000000000e+00
0.000000000000000000e+00
0.000000000000000000e+00
0.000000000000000000e+00
1.259999999999999964e+01
5.229999999999999716e+01
1.559999999999999964e+01
4.720000000000000284e+01
3.820000000000000284e+01
2.689999999999999858e+01
2.069999999999999929e+01
3.700000000000000000e+01
2.060000000000000142e+01
5.600000000000000000e+01
1.280000000000000071e+01
2.019999999999999929e+01
