2.580000000000000071e+01
1.960000000000000142e+01
2.300000000000000000e+01
4.350000000000000000e+01
3.289999999999999858e+01
3.139999999999999858e+01
5.910000000000000142e+01
2.080000000000000071e+01
4.270000000000000284e+01
7.200000000000000178e+00
8.800000000000000711e+00
8.900000000000000355e+00
8.500000000000000000e+00
2.080000000000000071e+01
6.099999999999999645e+00
4.270000000000000284e+01
3.510000000000000142e+01
2.830000000000000071e+01
7.099999999999999645e+00
1.080000000000000071e+01
3.460000000000000142e+01
1.030000000000000071e+01
5.299999999999999822e+00
4.020000000000000284e+01
3.189999999999999858e+01
2.269999999999999929e+01
3.879999999999999716e+01
7.799999999999999822e+00
3.720000000000000284e+01
1.600000000000000000e+01
2.080000000000000071e+01
4.270000000000000284e+01
3.510000000000000142e+01
2.830000000000000071e+01
3.460000000000000142e+01
4.020000000000000284e+01
3.189999999999999858e+01
2.269999999999999929e+01
3.879999999999999716e+01
3.720000000000000284e+01
3.239999999999999858e+01
3.870000000000000284e+01
2.189999999999999858e+01
3.180000000000000071e+01
2.000000000000000000e+01
3.510000000000000142e+01
3.989999999999999858e+01
3.320000000000000284e+01
1.080000000000000071e+01
1.030000000000000071e+01
1.600000000000000000e+01
3.239999999999999858e+01
3.870000000000000284e+01
2.189999999999999858e+01
3.180000000000000071e+01
2.000000000000000000e+01
3.510000000000000142e+01
3.989999999999999858e+01
3.320000000000000284e+01
3.629999999999999716e+01
3.929999999999999716e+01
1.000000000000000000e+01
7.329999999999999716e+01
1.340000000000000036e+01
