6.659999999999999432e+01
1.300000000000000000e+01
1.369999999999999929e+01
2.960000000000000142e+01
5.860000000000000142e+01
1.319999999999999929e+01
2.280000000000000071e+01
3.030000000000000071e+01
2.650000000000000000e+01
4.200000000000000000e+01
2.560000000000000142e+01
4.200000000000000000e+01
2.560000000000000142e+01
3.279999999999999716e+01
2.739999999999999858e+01
3.320000000000000284e+01
2.300000000000000000e+01
7.940000000000000568e+01
3.180000000000000071e+01
8.170000000000000284e+01
3.660000000000000142e+01
2.980000000000000071e+01
2.339999999999999858e+01
2.160000000000000142e+01
3.629999999999999716e+01
5.379999999999999716e+01
0.000000000000000000e+00
0.000000000000000000e+00
0.000000000000000000e+00
2.380000000000000071e+01
1.730000000000000071e+01
0.000000000000000000e+00
0.000000000000000000e+00
0.000000000000000000e+00
0.000000000000000000e+00
0.000000000000000000e+00
0.000000000000000000e+00
0.000000000000000000e+00
0.000000000000000000e+00
0.000000000000000000e+00
0.000000000000000000e+00
0.000000000000000000e+00
3.750000000000000000e+01
0.000000000000000000e+00
0.000000000000000000e+00
0.000000000000000000e+00
4.410000000000000142e+01
1.899999999999999911e+00
0.000000000000000000e+00
0.000000000000000000e+00
0.000000000000000000e+00
0.000000000000000000e+00
0.000000000000000000e+00
5.029999999999999716e+01
4.200000000000000000e+01
3.279999999999999716e+01
2.739999999999999858e+01
3.320000000000000284e+01
2.300000000000000000e+01
7.940000000000000568e+01
3.180000000000000071e+01
8.170000000000000284e+01
3.660000000000000142e+01
2.980000000000000071e+01
2.339999999999999858e+01
3.629999999999999716e+01
5.379999999999999716e+01
4.200000000000000000e+01
3.279999999999999716e+01
2.739999999999999858e+01
3.320000000000000284e+01
2.300000000000000000e+01
7.940000000000000568e+01
