1.860000000000000142e+01
2.419999999999999929e+01
3.679999999999999716e+01
1.519999999999999929e+01
3.820000000000000284e+01
3.220000000000000284e+01
2.439999999999999858e+01
2.780000000000000071e+01
1.200000000000000000e+01
4.789999999999999858e+01
2.560000000000000142e+01
5.589999999999999858e+01
2.780000000000000071e+01
4.789999999999999858e+01
2.560000000000000142e+01
5.589999999999999858e+01
2.730000000000000071e+01
2.400000000000000000e+01
2.250000000000000000e+01
3.510000000000000142e+01
3.250000000000000000e+01
3.529999999999999716e+01
6.640000000000000568e+01
5.770000000000000284e+01
4.610000000000000142e+01
2.769999999999999929e+01
5.629999999999999716e+01
9.470000000000000284e+01
2.750000000000000000e+01
3.629999999999999716e+01
3.610000000000000142e+01
2.080000000000000071e+01
0.000000000000000000e+00
0.000000000000000000e+00
0.000000000000000000e+00
3.899999999999999911e+00
0.000000000000000000e+00
0.000000000000000000e+00
0.000000000000000000e+00
0.000000000000000000e+00
3.100000000000000089e+00
0.000000000000000000e+00
0.000000000000000000e+00
0.000000000000000000e+00
0.000000000000000000e+00
0.000000000000000000e+00
0.000000000000000000e+00
0.000000000000000000e+00
0.000000000000000000e+00
0.000000000000000000e+00
0.000000000000000000e+00
0.000000000000000000e+00
0.000000000000000000e+00
0.000000000000000000e+00
0.000000000000000000e+00
0.000000000000000000e+00
0.000000000000000000e+00
0.000000000000000000e+00
2.780000000000000071e+01
4.789999999999999858e+01
2.560000000000000142e+01
5.589999999999999858e+01
2.730000000000000071e+01
2.400000000000000000e+01
2.250000000000000000e+01
3.510000000000000142e+01
3.250000000000000000e+01
6.640000000000000568e+01
5.770000000000000284e+01
4.610000000000000142e+01
2.769999999999999929e+01
5.629999999999999716e+01
9.470000000000000284e+01
3.629999999999999716e+01
3.610000000000000142e+01
2.080000000000000071e+01
2.780000000000000071e+01
4.789999999999999858e+01
2.560000000000000142e+01
5.589999999999999858e+01
2.730000000000000071e+01
2.400000000000000000e+01
2.250000000000000000e+01
3.510000000000000142e+01
3.250000000000000000e+01
