2.960000000000000142e+01
1.059999999999999964e+01
1.450000000000000000e+01
5.599999999999999645e+00
5.000000000000000000e+00
6.900000000000000355e+00
6.200000000000000178e+00
3.260000000000000142e+01
3.700000000000000000e+01
3.479999999999999716e+01
0.000000000000000000e+00
0.000000000000000000e+00
0.000000000000000000e+00
0.000000000000000000e+00
0.000000000000000000e+00
0.000000000000000000e+00
0.000000000000000000e+00
0.000000000000000000e+00
1.600000000000000089e+00
0.000000000000000000e+00
0.000000000000000000e+00
0.000000000000000000e+00
0.000000000000000000e+00
0.000000000000000000e+00
0.000000000000000000e+00
1.980000000000000071e+01
1.080000000000000071e+01
1.610000000000000142e+01
2.050000000000000000e+01
3.000000000000000000e+01
3.779999999999999716e+01
3.089999999999999858e+01
