2.739999999999999858e+01
1.390000000000000036e+01
7.540000000000000568e+01
3.200000000000000000e+01
3.960000000000000142e+01
5.500000000000000000e+01
2.630000000000000071e+01
2.800000000000000000e+01
2.280000000000000071e+01
2.789999999999999858e+01
3.560000000000000142e+01
1.760000000000000142e+01
1.619999999999999929e+01
2.689999999999999858e+01
1.810000000000000142e+01
1.750000000000000000e+01
4.520000000000000284e+01
2.689999999999999858e+01
4.520000000000000284e+01
6.429999999999999716e+01
3.529999999999999716e+01
3.529999999999999716e+01
4.320000000000000284e+01
3.560000000000000142e+01
4.539999999999999858e+01
4.289999999999999858e+01
3.410000000000000142e+01
2.539999999999999858e+01
3.119999999999999929e+01
3.210000000000000142e+01
2.400000000000000000e+01
3.850000000000000000e+01
2.350000000000000000e+01
9.659999999999999432e+01
2.419999999999999929e+01
3.600000000000000000e+01
2.519999999999999929e+01
3.710000000000000142e+01
5.000000000000000000e+01
3.410000000000000142e+01
2.539999999999999858e+01
3.119999999999999929e+01
3.210000000000000142e+01
2.400000000000000000e+01
3.850000000000000000e+01
2.350000000000000000e+01
9.659999999999999432e+01
2.419999999999999929e+01
