2.139999999999999858e+01
1.350000000000000000e+01
3.139999999999999858e+01
1.839999999999999858e+01
2.430000000000000071e+01
1.689999999999999858e+01
3.739999999999999858e+01
4.020000000000000284e+01
5.660000000000000142e+01
3.739999999999999858e+01
4.020000000000000284e+01
5.660000000000000142e+01
3.589999999999999858e+01
2.689999999999999858e+01
3.050000000000000000e+01
3.700000000000000000e+01
2.580000000000000071e+01
4.060000000000000142e+01
3.620000000000000284e+01
2.580000000000000071e+01
4.060000000000000142e+01
3.620000000000000284e+01
