4.300000000000000000e+01
1.919999999999999929e+01
1.430000000000000071e+01
2.289999999999999858e+01
2.250000000000000000e+01
3.850000000000000000e+01
1.739999999999999858e+01
2.630000000000000071e+01
2.619999999999999929e+01
2.630000000000000071e+01
2.619999999999999929e+01
2.380000000000000071e+01
2.460000000000000142e+01
4.379999999999999716e+01
3.760000000000000142e+01
2.089999999999999858e+01
2.350000000000000000e+01
3.579999999999999716e+01
2.860000000000000142e+01
2.060000000000000142e+01
3.739999999999999858e+01
6.110000000000000142e+01
2.089999999999999858e+01
2.350000000000000000e+01
3.579999999999999716e+01
2.860000000000000142e+01
2.060000000000000142e+01
3.760000000000000142e+01
