2.210000000000000142e+01
2.269999999999999929e+01
3.629999999999999716e+01
1.109999999999999964e+01
4.079999999999999716e+01
3.550000000000000000e+01
2.689999999999999858e+01
3.550000000000000000e+01
2.689999999999999858e+01
3.200000000000000000e+01
3.550000000000000000e+01
2.739999999999999858e+01
4.410000000000000142e+01
2.419999999999999929e+01
2.960000000000000142e+01
2.510000000000000142e+01
3.089999999999999858e+01
2.580000000000000071e+01
5.210000000000000142e+01
3.320000000000000284e+01
2.419999999999999929e+01
2.960000000000000142e+01
2.510000000000000142e+01
3.089999999999999858e+01
2.580000000000000071e+01
5.210000000000000142e+01
3.320000000000000284e+01
4.410000000000000142e+01
