1.309999999999999964e+01
5.289999999999999858e+01
2.250000000000000000e+01
1.860000000000000142e+01
1.860000000000000142e+01
1.810000000000000142e+01
4.950000000000000000e+01
3.470000000000000284e+01
4.950000000000000000e+01
3.470000000000000284e+01
2.039999999999999858e+01
4.339999999999999858e+01
2.910000000000000142e+01
2.739999999999999858e+01
2.810000000000000142e+01
2.039999999999999858e+01
1.860000000000000142e+01
1.810000000000000142e+01
2.739999999999999858e+01
2.810000000000000142e+01
1.359999999999999964e+01
2.039999999999999858e+01
1.140000000000000036e+01
1.900000000000000000e+01
1.650000000000000000e+01
3.770000000000000284e+01
