2.830000000000000071e+01
8.000000000000000000e+00
8.300000000000000711e+00
2.060000000000000142e+01
0.000000000000000000e+00
0.000000000000000000e+00
0.000000000000000000e+00
0.000000000000000000e+00
0.000000000000000000e+00
0.000000000000000000e+00
0.000000000000000000e+00
0.000000000000000000e+00
0.000000000000000000e+00
0.000000000000000000e+00
1.290000000000000036e+01
3.410000000000000142e+01
3.939999999999999858e+01
3.489999999999999858e+01
1.169999999999999929e+01
1.119999999999999929e+01
3.239999999999999858e+01
3.550000000000000000e+01
