1.309999999999999964e+01
1.839999999999999858e+01
2.160000000000000142e+01
2.160000000000000142e+01
5.200000000000000000e+01
2.250000000000000000e+01
3.279999999999999716e+01
3.080000000000000071e+01
2.369999999999999929e+01
3.329999999999999716e+01
2.160000000000000142e+01
5.200000000000000000e+01
2.250000000000000000e+01
3.279999999999999716e+01
3.080000000000000071e+01
2.369999999999999929e+01
3.329999999999999716e+01
2.160000000000000142e+01
5.200000000000000000e+01
2.160000000000000142e+01
5.200000000000000000e+01
