2.539999999999999858e+01
4.210000000000000142e+01
4.729999999999999716e+01
2.869999999999999929e+01
4.520000000000000284e+01
2.780000000000000071e+01
2.780000000000000071e+01
4.639999999999999858e+01
3.539999999999999858e+01
2.430000000000000071e+01
5.220000000000000284e+01
4.460000000000000142e+01
3.019999999999999929e+01
2.789999999999999858e+01
3.650000000000000000e+01
3.150000000000000000e+01
2.730000000000000071e+01
5.350000000000000000e+01
2.239999999999999858e+01
2.789999999999999858e+01
3.650000000000000000e+01
3.019999999999999929e+01
