5.200000000000000000e+01
1.980000000000000071e+01
6.299999999999999822e+00
1.540000000000000036e+01
1.140000000000000036e+01
1.930000000000000071e+01
4.160000000000000142e+01
1.639999999999999858e+01
4.160000000000000142e+01
2.330000000000000071e+01
2.300000000000000000e+01
5.200000000000000000e+01
1.540000000000000036e+01
1.140000000000000036e+01
1.930000000000000071e+01
1.639999999999999858e+01
2.330000000000000071e+01
2.300000000000000000e+01
1.240000000000000036e+01
5.200000000000000000e+01
1.700000000000000000e+01
4.900000000000000000e+01
