2.800000000000000000e+01
3.250000000000000000e+01
2.760000000000000142e+01
2.339999999999999858e+01
2.050000000000000000e+01
4.500000000000000000e+01
1.719999999999999929e+01
2.989999999999999858e+01
5.550000000000000000e+01
2.080000000000000071e+01
3.250000000000000000e+01
3.130000000000000071e+01
1.409999999999999964e+01
3.910000000000000142e+01
4.420000000000000284e+01
3.710000000000000142e+01
4.739999999999999858e+01
5.829999999999999716e+01
2.539999999999999858e+01
3.839999999999999858e+01
2.330000000000000071e+01
4.270000000000000284e+01
3.189999999999999858e+01
4.850000000000000000e+01
1.180000000000000071e+01
2.410000000000000142e+01
3.700000000000000000e+01
1.619999999999999929e+01
1.939999999999999858e+01
4.060000000000000142e+01
9.800000000000000711e+00
7.799999999999999822e+00
0.000000000000000000e+00
0.000000000000000000e+00
0.000000000000000000e+00
1.150000000000000000e+01
3.529999999999999716e+01
3.360000000000000142e+01
