3.479999999999999716e+01
1.600000000000000000e+01
3.760000000000000142e+01
1.319999999999999929e+01
2.100000000000000000e+01
2.880000000000000071e+01
2.360000000000000142e+01
1.180000000000000071e+01
3.660000000000000142e+01
3.560000000000000142e+01
2.880000000000000071e+01
3.300000000000000000e+01
2.350000000000000000e+01
3.560000000000000142e+01
3.300000000000000000e+01
2.350000000000000000e+01
2.060000000000000142e+01
2.410000000000000142e+01
4.289999999999999858e+01
3.879999999999999716e+01
3.879999999999999716e+01
2.019999999999999929e+01
3.560000000000000142e+01
2.560000000000000142e+01
2.719999999999999929e+01
3.729999999999999716e+01
2.360000000000000142e+01
3.289999999999999858e+01
3.960000000000000142e+01
2.260000000000000142e+01
2.289999999999999858e+01
2.160000000000000142e+01
2.269999999999999929e+01
4.079999999999999716e+01
3.750000000000000000e+01
4.210000000000000142e+01
4.729999999999999716e+01
2.289999999999999858e+01
2.169999999999999929e+01
2.539999999999999858e+01
3.139999999999999858e+01
3.350000000000000000e+01
3.960000000000000142e+01
2.260000000000000142e+01
2.289999999999999858e+01
2.160000000000000142e+01
2.269999999999999929e+01
