2.619999999999999929e+01
5.200000000000000000e+01
1.250000000000000000e+01
7.000000000000000000e+00
9.500000000000000000e+00
1.250000000000000000e+01
2.369999999999999929e+01
2.360000000000000142e+01
3.300000000000000000e+01
2.369999999999999929e+01
2.360000000000000142e+01
3.300000000000000000e+01
2.680000000000000071e+01
4.160000000000000142e+01
2.600000000000000000e+01
1.250000000000000000e+01
2.680000000000000071e+01
4.160000000000000142e+01
1.469999999999999929e+01
2.600000000000000000e+01
