5.920000000000000284e+01
2.750000000000000000e+01
1.430000000000000071e+01
2.080000000000000071e+01
2.839999999999999858e+01
8.199999999999999289e+00
5.400000000000000355e+00
9.699999999999999289e+00
9.099999999999999645e+00
2.839999999999999858e+01
3.860000000000000142e+01
4.029999999999999716e+01
4.850000000000000000e+01
2.839999999999999858e+01
3.860000000000000142e+01
4.029999999999999716e+01
4.850000000000000000e+01
3.010000000000000142e+01
4.700000000000000000e+01
3.510000000000000142e+01
2.839999999999999858e+01
3.860000000000000142e+01
4.029999999999999716e+01
4.850000000000000000e+01
3.010000000000000142e+01
4.700000000000000000e+01
2.839999999999999858e+01
3.860000000000000142e+01
4.029999999999999716e+01
4.850000000000000000e+01
