1.209999999999999964e+01
4.329999999999999716e+01
4.389999999999999858e+01
2.110000000000000142e+01
3.239999999999999858e+01
2.069999999999999929e+01
1.000000000000000000e+01
3.589999999999999858e+01
3.589999999999999858e+01
2.219999999999999929e+01
2.460000000000000142e+01
4.150000000000000000e+01
3.260000000000000142e+01
3.550000000000000000e+01
6.329999999999999716e+01
3.500000000000000000e+01
3.379999999999999716e+01
3.239999999999999858e+01
2.089999999999999858e+01
3.920000000000000284e+01
0.000000000000000000e+00
0.000000000000000000e+00
0.000000000000000000e+00
0.000000000000000000e+00
0.000000000000000000e+00
3.589999999999999858e+01
2.219999999999999929e+01
2.460000000000000142e+01
4.150000000000000000e+01
3.260000000000000142e+01
3.550000000000000000e+01
6.329999999999999716e+01
3.500000000000000000e+01
3.379999999999999716e+01
3.239999999999999858e+01
3.589999999999999858e+01
2.219999999999999929e+01
2.460000000000000142e+01
4.150000000000000000e+01
3.260000000000000142e+01
