3.689999999999999858e+01
1.350000000000000000e+01
1.430000000000000071e+01
1.930000000000000071e+01
1.019999999999999929e+01
2.910000000000000142e+01
2.139999999999999858e+01
2.489999999999999858e+01
7.890000000000000568e+01
3.019999999999999929e+01
0.000000000000000000e+00
8.199999999999999289e+00
3.520000000000000284e+01
2.910000000000000142e+01
2.139999999999999858e+01
2.489999999999999858e+01
7.890000000000000568e+01
3.019999999999999929e+01
2.910000000000000142e+01
2.139999999999999858e+01
