4.029999999999999716e+01
3.139999999999999858e+01
2.730000000000000071e+01
4.779999999999999716e+01
1.040000000000000036e+01
2.610000000000000142e+01
2.130000000000000071e+01
2.800000000000000000e+01
4.139999999999999858e+01
0.000000000000000000e+00
3.779999999999999716e+01
0.000000000000000000e+00
0.000000000000000000e+00
0.000000000000000000e+00
0.000000000000000000e+00
0.000000000000000000e+00
0.000000000000000000e+00
8.900000000000000355e+00
9.000000000000000222e-01
2.610000000000000142e+01
2.130000000000000071e+01
4.139999999999999858e+01
2.610000000000000142e+01
2.130000000000000071e+01
