4.179999999999999716e+01
2.200000000000000000e+01
4.189999999999999858e+01
4.189999999999999858e+01
4.620000000000000284e+01
3.770000000000000284e+01
3.279999999999999716e+01
4.450000000000000000e+01
2.960000000000000142e+01
1.359999999999999964e+01
4.189999999999999858e+01
4.620000000000000284e+01
3.770000000000000284e+01
3.279999999999999716e+01
4.450000000000000000e+01
2.960000000000000142e+01
4.189999999999999858e+01
4.620000000000000284e+01
3.770000000000000284e+01
3.279999999999999716e+01
4.450000000000000000e+01
