1.259999999999999964e+01
4.510000000000000142e+01
3.400000000000000000e+01
3.169999999999999929e+01
2.580000000000000071e+01
2.760000000000000142e+01
4.850000000000000000e+01
4.400000000000000000e+01
3.200000000000000000e+01
2.289999999999999858e+01
4.400000000000000000e+01
3.200000000000000000e+01
2.289999999999999858e+01
3.060000000000000142e+01
3.660000000000000142e+01
2.310000000000000142e+01
3.200000000000000000e+01
2.150000000000000000e+01
3.339999999999999858e+01
2.600000000000000000e+01
4.629999999999999716e+01
2.900000000000000000e+01
2.980000000000000071e+01
2.600000000000000000e+01
4.629999999999999716e+01
