4.550000000000000000e+01
4.710000000000000142e+01
3.970000000000000284e+01
1.230000000000000071e+01
3.239999999999999858e+01
3.239999999999999858e+01
2.289999999999999858e+01
4.270000000000000284e+01
2.189999999999999858e+01
4.810000000000000142e+01
5.739999999999999858e+01
4.060000000000000142e+01
3.650000000000000000e+01
5.629999999999999716e+01
6.229999999999999716e+01
3.920000000000000284e+01
3.279999999999999716e+01
2.600000000000000000e+01
7.540000000000000568e+01
2.700000000000000000e+01
4.700000000000000000e+01
2.730000000000000071e+01
0.000000000000000000e+00
0.000000000000000000e+00
3.250000000000000000e+01
0.000000000000000000e+00
0.000000000000000000e+00
2.669999999999999929e+01
9.500000000000000000e+00
0.000000000000000000e+00
2.139999999999999858e+01
0.000000000000000000e+00
0.000000000000000000e+00
0.000000000000000000e+00
3.239999999999999858e+01
2.189999999999999858e+01
4.810000000000000142e+01
5.739999999999999858e+01
4.060000000000000142e+01
5.629999999999999716e+01
6.229999999999999716e+01
3.920000000000000284e+01
3.279999999999999716e+01
2.700000000000000000e+01
3.239999999999999858e+01
2.189999999999999858e+01
4.810000000000000142e+01
5.739999999999999858e+01
4.060000000000000142e+01
5.629999999999999716e+01
6.229999999999999716e+01
