3.420000000000000284e+01
3.939999999999999858e+01
1.860000000000000142e+01
3.239999999999999858e+01
3.939999999999999858e+01
1.860000000000000142e+01
3.239999999999999858e+01
4.560000000000000142e+01
1.689999999999999858e+01
8.000000000000000000e+00
2.830000000000000071e+01
4.000000000000000000e+01
8.000000000000000000e+00
7.799999999999999822e+00
3.939999999999999858e+01
3.239999999999999858e+01
4.560000000000000142e+01
2.830000000000000071e+01
4.000000000000000000e+01
2.010000000000000142e+01
3.260000000000000142e+01
3.080000000000000071e+01
3.939999999999999858e+01
3.239999999999999858e+01
4.560000000000000142e+01
2.830000000000000071e+01
4.000000000000000000e+01
2.010000000000000142e+01
3.939999999999999858e+01
3.239999999999999858e+01
4.560000000000000142e+01
2.830000000000000071e+01
4.000000000000000000e+01
