3.460000000000000142e+01
3.579999999999999716e+01
1.730000000000000071e+01
1.660000000000000142e+01
2.789999999999999858e+01
2.939999999999999858e+01
4.239999999999999858e+01
3.889999999999999858e+01
7.090000000000000568e+01
2.380000000000000071e+01
7.240000000000000568e+01
4.220000000000000284e+01
3.760000000000000142e+01
4.050000000000000000e+01
3.239999999999999858e+01
4.889999999999999858e+01
4.150000000000000000e+01
4.220000000000000284e+01
3.760000000000000142e+01
4.050000000000000000e+01
3.239999999999999858e+01
