3.250000000000000000e+01
2.289999999999999858e+01
1.130000000000000071e+01
2.289999999999999858e+01
3.439999999999999858e+01
3.689999999999999858e+01
4.120000000000000284e+01
2.269999999999999929e+01
3.920000000000000284e+01
2.469999999999999929e+01
3.100000000000000000e+01
6.679999999999999716e+01
3.920000000000000284e+01
2.289999999999999858e+01
3.439999999999999858e+01
3.689999999999999858e+01
4.120000000000000284e+01
2.269999999999999929e+01
3.920000000000000284e+01
2.469999999999999929e+01
3.100000000000000000e+01
6.679999999999999716e+01
3.920000000000000284e+01
2.289999999999999858e+01
3.689999999999999858e+01
2.269999999999999929e+01
2.289999999999999858e+01
3.689999999999999858e+01
