1.269999999999999929e+01
1.319999999999999929e+01
3.870000000000000284e+01
1.269999999999999929e+01
2.050000000000000000e+01
2.919999999999999929e+01
5.329999999999999716e+01
2.919999999999999929e+01
5.329999999999999716e+01
4.760000000000000142e+01
3.080000000000000071e+01
2.480000000000000071e+01
5.460000000000000142e+01
3.860000000000000142e+01
2.910000000000000142e+01
2.110000000000000142e+01
2.689999999999999858e+01
3.589999999999999858e+01
6.310000000000000142e+01
2.900000000000000000e+01
2.050000000000000000e+01
3.720000000000000284e+01
3.910000000000000142e+01
4.450000000000000000e+01
2.430000000000000071e+01
3.860000000000000142e+01
5.329999999999999716e+01
5.229999999999999716e+01
2.280000000000000071e+01
2.430000000000000071e+01
3.810000000000000142e+01
3.829999999999999716e+01
4.460000000000000142e+01
2.669999999999999929e+01
3.810000000000000142e+01
3.069999999999999929e+01
3.870000000000000284e+01
2.919999999999999929e+01
5.329999999999999716e+01
4.760000000000000142e+01
3.080000000000000071e+01
2.480000000000000071e+01
5.460000000000000142e+01
3.860000000000000142e+01
2.910000000000000142e+01
2.110000000000000142e+01
2.689999999999999858e+01
3.589999999999999858e+01
6.310000000000000142e+01
2.900000000000000000e+01
2.050000000000000000e+01
3.720000000000000284e+01
3.910000000000000142e+01
4.450000000000000000e+01
2.430000000000000071e+01
3.860000000000000142e+01
5.329999999999999716e+01
5.229999999999999716e+01
2.280000000000000071e+01
2.430000000000000071e+01
3.810000000000000142e+01
3.829999999999999716e+01
4.460000000000000142e+01
2.669999999999999929e+01
3.810000000000000142e+01
3.069999999999999929e+01
3.870000000000000284e+01
