3.429999999999999716e+01
3.310000000000000142e+01
3.500000000000000000e+01
1.810000000000000142e+01
3.970000000000000284e+01
5.539999999999999858e+01
5.589999999999999858e+01
4.160000000000000142e+01
5.299999999999999822e+00
8.599999999999999645e+00
6.000000000000000000e+00
5.000000000000000000e+00
6.700000000000000178e+00
6.900000000000000355e+00
5.799999999999999822e+00
9.500000000000000000e+00
5.000000000000000000e+00
5.539999999999999858e+01
5.589999999999999858e+01
4.160000000000000142e+01
6.400000000000000355e+00
1.030000000000000071e+01
2.789999999999999858e+01
3.360000000000000142e+01
0.000000000000000000e+00
0.000000000000000000e+00
0.000000000000000000e+00
0.000000000000000000e+00
0.000000000000000000e+00
0.000000000000000000e+00
0.000000000000000000e+00
0.000000000000000000e+00
1.050000000000000000e+01
3.360000000000000142e+01
3.389999999999999858e+01
3.600000000000000000e+01
4.120000000000000284e+01
6.509999999999999432e+01
2.860000000000000142e+01
2.710000000000000142e+01
3.620000000000000284e+01
2.860000000000000142e+01
3.500000000000000000e+01
2.050000000000000000e+01
2.989999999999999858e+01
