3.600000000000000000e+01
2.189999999999999858e+01
3.250000000000000000e+01
8.270000000000000284e+01
1.540000000000000036e+01
2.569999999999999929e+01
3.760000000000000142e+01
1.710000000000000142e+01
4.679999999999999716e+01
2.319999999999999929e+01
2.800000000000000000e+01
5.410000000000000142e+01
2.819999999999999929e+01
5.539999999999999858e+01
3.370000000000000284e+01
3.529999999999999716e+01
6.820000000000000284e+01
4.420000000000000284e+01
2.589999999999999858e+01
3.139999999999999858e+01
