2.539999999999999858e+01
3.860000000000000142e+01
2.430000000000000071e+01
4.070000000000000284e+01
1.490000000000000036e+01
4.129999999999999716e+01
2.089999999999999858e+01
3.850000000000000000e+01
2.019999999999999929e+01
1.669999999999999929e+01
3.720000000000000284e+01
3.160000000000000142e+01
3.160000000000000142e+01
3.979999999999999716e+01
3.479999999999999716e+01
2.269999999999999929e+01
3.760000000000000142e+01
3.829999999999999716e+01
3.850000000000000000e+01
2.610000000000000142e+01
4.170000000000000284e+01
3.200000000000000000e+01
2.030000000000000071e+01
3.520000000000000284e+01
3.870000000000000284e+01
2.260000000000000142e+01
3.500000000000000000e+01
4.739999999999999858e+01
2.119999999999999929e+01
4.470000000000000284e+01
3.600000000000000000e+01
4.710000000000000142e+01
2.589999999999999858e+01
2.319999999999999929e+01
2.110000000000000142e+01
3.229999999999999716e+01
2.960000000000000142e+01
4.029999999999999716e+01
3.770000000000000284e+01
3.850000000000000000e+01
4.029999999999999716e+01
3.160000000000000142e+01
3.979999999999999716e+01
3.479999999999999716e+01
2.269999999999999929e+01
3.760000000000000142e+01
3.829999999999999716e+01
3.850000000000000000e+01
2.610000000000000142e+01
4.170000000000000284e+01
3.200000000000000000e+01
2.030000000000000071e+01
3.520000000000000284e+01
3.870000000000000284e+01
2.260000000000000142e+01
3.500000000000000000e+01
4.739999999999999858e+01
2.119999999999999929e+01
4.470000000000000284e+01
3.600000000000000000e+01
4.710000000000000142e+01
2.589999999999999858e+01
2.319999999999999929e+01
2.110000000000000142e+01
3.229999999999999716e+01
2.960000000000000142e+01
4.029999999999999716e+01
3.770000000000000284e+01
3.850000000000000000e+01
4.029999999999999716e+01
