2.939999999999999858e+01
5.120000000000000284e+01
2.480000000000000071e+01
3.320000000000000284e+01
4.089999999999999858e+01
1.889999999999999858e+01
3.579999999999999716e+01
3.770000000000000284e+01
3.820000000000000284e+01
1.919999999999999929e+01
2.050000000000000000e+01
3.750000000000000000e+01
2.260000000000000142e+01
1.610000000000000142e+01
3.779999999999999716e+01
4.429999999999999716e+01
2.830000000000000071e+01
1.989999999999999858e+01
3.420000000000000284e+01
3.420000000000000284e+01
7.000000000000000000e+00
6.400000000000000355e+00
5.500000000000000000e+00
2.830000000000000071e+01
1.989999999999999858e+01
9.400000000000000355e+00
3.420000000000000284e+01
5.900000000000000355e+00
3.420000000000000284e+01
5.900000000000000355e+00
1.810000000000000142e+01
6.289999999999999858e+01
3.329999999999999716e+01
4.470000000000000284e+01
4.570000000000000284e+01
8.800000000000000711e+00
3.550000000000000000e+01
2.689999999999999858e+01
3.060000000000000142e+01
6.239999999999999858e+01
3.420000000000000284e+01
1.700000000000000000e+01
4.620000000000000284e+01
3.720000000000000284e+01
5.479999999999999716e+01
2.830000000000000071e+01
3.420000000000000284e+01
3.420000000000000284e+01
6.289999999999999858e+01
3.329999999999999716e+01
4.470000000000000284e+01
4.570000000000000284e+01
3.550000000000000000e+01
2.689999999999999858e+01
3.060000000000000142e+01
6.239999999999999858e+01
3.420000000000000284e+01
4.620000000000000284e+01
3.720000000000000284e+01
5.479999999999999716e+01
2.910000000000000142e+01
3.360000000000000142e+01
3.610000000000000142e+01
4.070000000000000284e+01
3.270000000000000284e+01
2.830000000000000071e+01
3.570000000000000284e+01
4.810000000000000142e+01
3.789999999999999858e+01
1.989999999999999858e+01
1.810000000000000142e+01
1.739999999999999858e+01
1.340000000000000036e+01
3.610000000000000142e+01
4.070000000000000284e+01
3.270000000000000284e+01
3.570000000000000284e+01
4.810000000000000142e+01
3.789999999999999858e+01
3.800000000000000000e+01
1.140000000000000036e+01
3.420000000000000284e+01
3.420000000000000284e+01
3.900000000000000000e+01
