3.000000000000000000e+01
3.760000000000000142e+01
3.429999999999999716e+01
3.839999999999999858e+01
3.670000000000000284e+01
2.830000000000000071e+01
4.189999999999999858e+01
1.939999999999999858e+01
2.880000000000000071e+01
3.019999999999999929e+01
2.089999999999999858e+01
3.610000000000000142e+01
2.750000000000000000e+01
3.260000000000000142e+01
2.319999999999999929e+01
2.880000000000000071e+01
9.500000000000000000e+00
8.199999999999999289e+00
8.000000000000000000e+00
9.000000000000000000e+00
6.799999999999999822e+00
2.880000000000000071e+01
8.500000000000000000e+00
1.639999999999999858e+01
8.099999999999999645e+00
2.839999999999999858e+01
1.380000000000000071e+01
3.620000000000000284e+01
3.650000000000000000e+01
4.370000000000000284e+01
3.150000000000000000e+01
3.610000000000000142e+01
0.000000000000000000e+00
0.000000000000000000e+00
0.000000000000000000e+00
0.000000000000000000e+00
0.000000000000000000e+00
0.000000000000000000e+00
0.000000000000000000e+00
0.000000000000000000e+00
0.000000000000000000e+00
0.000000000000000000e+00
0.000000000000000000e+00
0.000000000000000000e+00
0.000000000000000000e+00
0.000000000000000000e+00
0.000000000000000000e+00
0.000000000000000000e+00
1.030000000000000071e+01
1.490000000000000036e+01
1.009999999999999964e+01
2.789999999999999858e+01
3.239999999999999858e+01
5.020000000000000284e+01
2.100000000000000000e+01
4.189999999999999858e+01
2.089999999999999858e+01
4.620000000000000284e+01
2.860000000000000142e+01
4.370000000000000284e+01
2.989999999999999858e+01
2.810000000000000142e+01
1.869999999999999929e+01
2.989999999999999858e+01
2.350000000000000000e+01
3.389999999999999858e+01
3.660000000000000142e+01
3.970000000000000284e+01
2.439999999999999858e+01
2.760000000000000142e+01
1.700000000000000000e+01
2.860000000000000142e+01
3.610000000000000142e+01
4.339999999999999858e+01
