4.020000000000000284e+01
3.110000000000000142e+01
3.069999999999999929e+01
3.010000000000000142e+01
3.489999999999999858e+01
2.089999999999999858e+01
2.460000000000000142e+01
2.519999999999999929e+01
4.270000000000000284e+01
1.580000000000000071e+01
3.900000000000000000e+01
2.730000000000000071e+01
2.530000000000000071e+01
6.239999999999999858e+01
4.170000000000000284e+01
3.839999999999999858e+01
2.210000000000000142e+01
3.729999999999999716e+01
3.200000000000000000e+01
1.559999999999999964e+01
2.400000000000000000e+01
3.030000000000000071e+01
2.789999999999999858e+01
2.800000000000000000e+01
3.370000000000000284e+01
4.629999999999999716e+01
2.939999999999999858e+01
