1.450000000000000000e+01
3.650000000000000000e+01
3.520000000000000284e+01
4.120000000000000284e+01
3.189999999999999858e+01
5.300000000000000000e+01
1.730000000000000071e+01
1.919999999999999929e+01
5.779999999999999716e+01
2.180000000000000071e+01
3.650000000000000000e+01
5.429999999999999716e+01
3.200000000000000000e+01
2.289999999999999858e+01
2.239999999999999858e+01
3.030000000000000071e+01
6.250000000000000000e+01
3.820000000000000284e+01
2.180000000000000071e+01
3.879999999999999716e+01
1.680000000000000071e+01
5.260000000000000142e+01
1.669999999999999929e+01
