2.469999999999999929e+01
5.579999999999999716e+01
4.900000000000000000e+01
3.789999999999999858e+01
3.539999999999999858e+01
1.900000000000000000e+01
2.119999999999999929e+01
2.850000000000000000e+01
2.500000000000000000e+01
2.760000000000000142e+01
3.180000000000000071e+01
4.510000000000000142e+01
1.540000000000000036e+01
2.430000000000000071e+01
4.479999999999999716e+01
3.000000000000000000e+01
2.539999999999999858e+01
5.310000000000000142e+01
4.170000000000000284e+01
3.489999999999999858e+01
3.610000000000000142e+01
4.170000000000000284e+01
3.489999999999999858e+01
3.610000000000000142e+01
2.139999999999999858e+01
3.700000000000000000e+01
3.229999999999999716e+01
2.669999999999999929e+01
2.080000000000000071e+01
3.739999999999999858e+01
3.329999999999999716e+01
3.200000000000000000e+01
4.210000000000000142e+01
3.729999999999999716e+01
3.350000000000000000e+01
3.329999999999999716e+01
4.379999999999999716e+01
2.669999999999999929e+01
4.579999999999999716e+01
4.400000000000000000e+01
3.310000000000000142e+01
5.360000000000000142e+01
2.619999999999999929e+01
3.270000000000000284e+01
3.360000000000000142e+01
2.339999999999999858e+01
3.810000000000000142e+01
3.679999999999999716e+01
0.000000000000000000e+00
3.320000000000000284e+01
8.400000000000000355e+00
4.460000000000000142e+01
0.000000000000000000e+00
0.000000000000000000e+00
0.000000000000000000e+00
0.000000000000000000e+00
2.480000000000000071e+01
0.000000000000000000e+00
0.000000000000000000e+00
2.569999999999999929e+01
0.000000000000000000e+00
0.000000000000000000e+00
0.000000000000000000e+00
0.000000000000000000e+00
3.339999999999999858e+01
3.760000000000000142e+01
2.119999999999999929e+01
0.000000000000000000e+00
0.000000000000000000e+00
0.000000000000000000e+00
