4.020000000000000284e+01
3.479999999999999716e+01
5.350000000000000000e+01
2.660000000000000142e+01
2.569999999999999929e+01
3.200000000000000000e+01
6.120000000000000284e+01
2.539999999999999858e+01
2.230000000000000071e+01
2.750000000000000000e+01
1.519999999999999929e+01
3.920000000000000284e+01
3.539999999999999858e+01
1.100000000000000000e+01
1.889999999999999858e+01
2.480000000000000071e+01
4.379999999999999716e+01
1.810000000000000142e+01
3.960000000000000142e+01
3.010000000000000142e+01
1.400000000000000000e+01
1.680000000000000071e+01
2.889999999999999858e+01
1.019999999999999929e+01
4.320000000000000284e+01
5.320000000000000284e+01
2.900000000000000000e+01
3.110000000000000142e+01
4.700000000000000000e+01
6.200000000000000178e+00
7.200000000000000178e+00
8.599999999999999645e+00
5.700000000000000178e+00
7.299999999999999822e+00
5.700000000000000178e+00
5.500000000000000000e+00
7.500000000000000000e+00
5.099999999999999645e+00
1.680000000000000071e+01
2.889999999999999858e+01
1.019999999999999929e+01
5.200000000000000178e+00
4.320000000000000284e+01
5.320000000000000284e+01
6.000000000000000000e+00
2.900000000000000000e+01
3.110000000000000142e+01
4.700000000000000000e+01
5.739999999999999858e+01
6.299999999999999822e+00
3.710000000000000142e+01
3.670000000000000284e+01
2.569999999999999929e+01
2.569999999999999929e+01
2.719999999999999929e+01
4.020000000000000284e+01
4.679999999999999716e+01
2.980000000000000071e+01
2.830000000000000071e+01
3.000000000000000000e+01
4.729999999999999716e+01
3.050000000000000000e+01
3.889999999999999858e+01
2.730000000000000071e+01
2.110000000000000142e+01
3.039999999999999858e+01
2.289999999999999858e+01
2.480000000000000071e+01
5.379999999999999716e+01
4.089999999999999858e+01
2.350000000000000000e+01
2.810000000000000142e+01
2.780000000000000071e+01
3.970000000000000284e+01
3.539999999999999858e+01
3.539999999999999858e+01
5.079999999999999716e+01
4.379999999999999716e+01
2.510000000000000142e+01
2.650000000000000000e+01
4.589999999999999858e+01
3.610000000000000142e+01
3.779999999999999716e+01
3.860000000000000142e+01
3.600000000000000000e+01
3.110000000000000142e+01
1.930000000000000071e+01
1.250000000000000000e+01
1.519999999999999929e+01
1.730000000000000071e+01
1.739999999999999858e+01
1.330000000000000071e+01
3.539999999999999858e+01
5.079999999999999716e+01
4.379999999999999716e+01
2.510000000000000142e+01
2.650000000000000000e+01
4.589999999999999858e+01
3.610000000000000142e+01
1.359999999999999964e+01
3.779999999999999716e+01
3.860000000000000142e+01
3.600000000000000000e+01
3.110000000000000142e+01
6.400000000000000000e+01
3.960000000000000142e+01
4.829999999999999716e+01
2.410000000000000142e+01
2.489999999999999858e+01
1.180000000000000071e+01
3.960000000000000142e+01
4.020000000000000284e+01
2.710000000000000142e+01
4.379999999999999716e+01
