3.639999999999999858e+01
2.280000000000000071e+01
4.479999999999999716e+01
3.450000000000000000e+01
1.009999999999999964e+01
4.629999999999999716e+01
3.910000000000000142e+01
2.980000000000000071e+01
2.639999999999999858e+01
4.239999999999999858e+01
2.369999999999999929e+01
3.679999999999999716e+01
3.180000000000000071e+01
3.639999999999999858e+01
3.529999999999999716e+01
3.060000000000000142e+01
3.250000000000000000e+01
2.269999999999999929e+01
3.529999999999999716e+01
3.060000000000000142e+01
3.250000000000000000e+01
2.269999999999999929e+01
4.450000000000000000e+01
3.180000000000000071e+01
2.119999999999999929e+01
2.300000000000000000e+01
4.579999999999999716e+01
2.980000000000000071e+01
2.530000000000000071e+01
3.939999999999999858e+01
3.520000000000000284e+01
3.570000000000000284e+01
4.010000000000000142e+01
5.150000000000000000e+01
4.210000000000000142e+01
4.039999999999999858e+01
5.860000000000000142e+01
4.450000000000000000e+01
3.639999999999999858e+01
5.729999999999999716e+01
2.389999999999999858e+01
4.170000000000000284e+01
3.239999999999999858e+01
4.089999999999999858e+01
0.000000000000000000e+00
0.000000000000000000e+00
3.180000000000000071e+01
0.000000000000000000e+00
0.000000000000000000e+00
3.770000000000000284e+01
3.589999999999999858e+01
1.939999999999999858e+01
6.900000000000000355e+00
0.000000000000000000e+00
0.000000000000000000e+00
0.000000000000000000e+00
0.000000000000000000e+00
