3.360000000000000142e+01
3.270000000000000284e+01
3.110000000000000142e+01
4.529999999999999716e+01
2.530000000000000071e+01
3.770000000000000284e+01
1.700000000000000000e+01
3.069999999999999929e+01
4.100000000000000000e+01
4.260000000000000142e+01
4.279999999999999716e+01
2.750000000000000000e+01
2.760000000000000142e+01
1.610000000000000142e+01
3.180000000000000071e+01
4.529999999999999716e+01
2.180000000000000071e+01
1.240000000000000036e+01
2.439999999999999858e+01
2.030000000000000071e+01
3.750000000000000000e+01
1.340000000000000036e+01
3.139999999999999858e+01
4.450000000000000000e+01
3.900000000000000000e+01
4.970000000000000284e+01
4.460000000000000142e+01
7.299999999999999822e+00
5.500000000000000000e+00
7.599999999999999645e+00
6.400000000000000355e+00
5.500000000000000000e+00
5.299999999999999822e+00
5.900000000000000355e+00
6.500000000000000000e+00
9.099999999999999645e+00
6.200000000000000178e+00
9.900000000000000355e+00
7.400000000000000355e+00
1.240000000000000036e+01
7.000000000000000000e+00
9.900000000000000355e+00
2.439999999999999858e+01
2.030000000000000071e+01
3.750000000000000000e+01
1.340000000000000036e+01
3.139999999999999858e+01
4.450000000000000000e+01
7.000000000000000000e+00
6.000000000000000000e+00
3.900000000000000000e+01
4.970000000000000284e+01
4.460000000000000142e+01
8.500000000000000000e+00
1.559999999999999964e+01
4.529999999999999716e+01
2.980000000000000071e+01
4.389999999999999858e+01
3.629999999999999716e+01
3.960000000000000142e+01
5.389999999999999858e+01
6.400000000000000355e+00
3.200000000000000000e+01
3.860000000000000142e+01
7.500000000000000000e+00
1.660000000000000142e+01
3.420000000000000284e+01
2.530000000000000071e+01
1.490000000000000036e+01
5.500000000000000000e+01
8.300000000000000711e+00
1.280000000000000071e+01
4.020000000000000284e+01
2.780000000000000071e+01
4.050000000000000000e+01
3.450000000000000000e+01
3.080000000000000071e+01
3.200000000000000000e+01
1.950000000000000000e+01
7.599999999999999645e+00
2.810000000000000142e+01
2.560000000000000142e+01
3.370000000000000284e+01
2.369999999999999929e+01
2.439999999999999858e+01
2.030000000000000071e+01
3.750000000000000000e+01
3.139999999999999858e+01
4.450000000000000000e+01
3.900000000000000000e+01
4.970000000000000284e+01
4.460000000000000142e+01
4.529999999999999716e+01
2.980000000000000071e+01
3.629999999999999716e+01
3.960000000000000142e+01
5.389999999999999858e+01
3.200000000000000000e+01
3.860000000000000142e+01
3.420000000000000284e+01
2.530000000000000071e+01
5.500000000000000000e+01
4.020000000000000284e+01
2.780000000000000071e+01
4.050000000000000000e+01
3.450000000000000000e+01
3.080000000000000071e+01
3.200000000000000000e+01
2.810000000000000142e+01
2.560000000000000142e+01
3.370000000000000284e+01
2.369999999999999929e+01
2.869999999999999929e+01
4.450000000000000000e+01
3.779999999999999716e+01
3.379999999999999716e+01
3.789999999999999858e+01
2.900000000000000000e+01
2.550000000000000000e+01
3.800000000000000000e+01
2.850000000000000000e+01
4.450000000000000000e+01
2.300000000000000000e+01
3.450000000000000000e+01
4.450000000000000000e+01
3.110000000000000142e+01
2.839999999999999858e+01
2.180000000000000071e+01
3.450000000000000000e+01
3.089999999999999858e+01
2.810000000000000142e+01
3.200000000000000000e+01
2.750000000000000000e+01
2.739999999999999858e+01
3.670000000000000284e+01
1.240000000000000036e+01
1.340000000000000036e+01
1.559999999999999964e+01
1.660000000000000142e+01
1.490000000000000036e+01
1.280000000000000071e+01
1.950000000000000000e+01
1.969999999999999929e+01
3.379999999999999716e+01
3.789999999999999858e+01
1.109999999999999964e+01
2.900000000000000000e+01
1.150000000000000000e+01
2.550000000000000000e+01
3.800000000000000000e+01
2.850000000000000000e+01
4.450000000000000000e+01
2.300000000000000000e+01
3.450000000000000000e+01
4.450000000000000000e+01
3.110000000000000142e+01
2.839999999999999858e+01
2.180000000000000071e+01
3.450000000000000000e+01
3.089999999999999858e+01
2.810000000000000142e+01
3.200000000000000000e+01
2.750000000000000000e+01
2.739999999999999858e+01
3.670000000000000284e+01
2.689999999999999858e+01
8.920000000000000284e+01
1.850000000000000000e+01
2.130000000000000071e+01
1.789999999999999858e+01
2.619999999999999929e+01
3.629999999999999716e+01
2.850000000000000000e+01
1.710000000000000142e+01
3.610000000000000142e+01
1.969999999999999929e+01
3.069999999999999929e+01
1.839999999999999858e+01
