2.869999999999999929e+01
2.439999999999999858e+01
6.409999999999999432e+01
3.429999999999999716e+01
2.610000000000000142e+01
2.380000000000000071e+01
3.439999999999999858e+01
1.450000000000000000e+01
3.260000000000000142e+01
6.900000000000000355e+00
5.000000000000000000e+00
8.500000000000000000e+00
4.170000000000000284e+01
2.480000000000000071e+01
1.350000000000000000e+01
1.800000000000000000e+01
9.800000000000000711e+00
2.869999999999999929e+01
4.170000000000000284e+01
8.099999999999999645e+00
3.429999999999999716e+01
4.100000000000000000e+01
4.379999999999999716e+01
4.110000000000000142e+01
3.500000000000000000e+01
2.139999999999999858e+01
4.170000000000000284e+01
2.480000000000000071e+01
2.869999999999999929e+01
4.170000000000000284e+01
3.429999999999999716e+01
4.100000000000000000e+01
4.379999999999999716e+01
4.110000000000000142e+01
3.500000000000000000e+01
2.139999999999999858e+01
2.839999999999999858e+01
2.339999999999999858e+01
4.379999999999999716e+01
3.119999999999999929e+01
2.460000000000000142e+01
1.350000000000000000e+01
1.800000000000000000e+01
1.000000000000000000e+01
2.839999999999999858e+01
2.339999999999999858e+01
4.379999999999999716e+01
3.119999999999999929e+01
2.460000000000000142e+01
4.289999999999999858e+01
4.360000000000000142e+01
1.150000000000000000e+01
