2.710000000000000142e+01
3.400000000000000000e+01
3.239999999999999858e+01
3.030000000000000071e+01
2.580000000000000071e+01
1.969999999999999929e+01
3.289999999999999858e+01
5.210000000000000142e+01
3.520000000000000284e+01
1.019999999999999929e+01
3.800000000000000000e+01
3.960000000000000142e+01
3.260000000000000142e+01
4.750000000000000000e+01
5.320000000000000284e+01
6.189999999999999858e+01
1.769999999999999929e+01
5.799999999999999822e+00
7.099999999999999645e+00
6.299999999999999822e+00
8.199999999999999289e+00
7.099999999999999645e+00
1.350000000000000000e+01
3.600000000000000000e+01
3.500000000000000000e+01
3.439999999999999858e+01
2.819999999999999929e+01
3.960000000000000142e+01
3.889999999999999858e+01
2.339999999999999858e+01
2.430000000000000071e+01
5.420000000000000284e+01
3.960000000000000142e+01
6.599999999999999645e+00
1.730000000000000071e+01
1.519999999999999929e+01
9.300000000000000711e+00
3.670000000000000284e+01
3.600000000000000000e+01
3.500000000000000000e+01
3.439999999999999858e+01
2.819999999999999929e+01
3.960000000000000142e+01
3.889999999999999858e+01
2.339999999999999858e+01
2.430000000000000071e+01
5.420000000000000284e+01
3.960000000000000142e+01
3.670000000000000284e+01
2.630000000000000071e+01
3.939999999999999858e+01
5.170000000000000284e+01
3.979999999999999716e+01
2.419999999999999929e+01
2.589999999999999858e+01
3.069999999999999929e+01
3.960000000000000142e+01
1.350000000000000000e+01
1.730000000000000071e+01
1.519999999999999929e+01
5.170000000000000284e+01
3.979999999999999716e+01
1.080000000000000071e+01
2.419999999999999929e+01
2.589999999999999858e+01
3.069999999999999929e+01
3.960000000000000142e+01
1.419999999999999929e+01
3.629999999999999716e+01
1.169999999999999929e+01
1.140000000000000036e+01
5.320000000000000284e+01
3.750000000000000000e+01
1.019999999999999929e+01
3.720000000000000284e+01
1.780000000000000071e+01
3.960000000000000142e+01
