2.600000000000000000e+01
4.250000000000000000e+01
1.230000000000000071e+01
2.919999999999999929e+01
1.700000000000000000e+01
3.960000000000000142e+01
1.430000000000000071e+01
1.109999999999999964e+01
2.180000000000000071e+01
5.150000000000000000e+01
3.689999999999999858e+01
3.589999999999999858e+01
7.099999999999999645e+00
9.000000000000000000e+00
1.109999999999999964e+01
2.180000000000000071e+01
5.150000000000000000e+01
3.689999999999999858e+01
3.589999999999999858e+01
4.070000000000000284e+01
9.900000000000000355e+00
1.180000000000000071e+01
4.960000000000000142e+01
0.000000000000000000e+00
0.000000000000000000e+00
0.000000000000000000e+00
0.000000000000000000e+00
0.000000000000000000e+00
0.000000000000000000e+00
0.000000000000000000e+00
0.000000000000000000e+00
0.000000000000000000e+00
0.000000000000000000e+00
0.000000000000000000e+00
0.000000000000000000e+00
0.000000000000000000e+00
0.000000000000000000e+00
0.000000000000000000e+00
0.000000000000000000e+00
1.180000000000000071e+01
1.660000000000000142e+01
1.230000000000000071e+01
3.589999999999999858e+01
3.210000000000000142e+01
4.320000000000000284e+01
6.459999999999999432e+01
3.560000000000000142e+01
1.500000000000000000e+01
3.720000000000000284e+01
5.950000000000000000e+01
3.960000000000000142e+01
4.179999999999999716e+01
3.960000000000000142e+01
3.500000000000000000e+01
4.110000000000000142e+01
2.400000000000000000e+01
1.330000000000000071e+01
3.820000000000000284e+01
3.600000000000000000e+01
4.860000000000000142e+01
1.169999999999999929e+01
