2.400000000000000000e+01
3.229999999999999716e+01
3.739999999999999858e+01
3.450000000000000000e+01
3.089999999999999858e+01
3.310000000000000142e+01
3.410000000000000142e+01
3.450000000000000000e+01
4.170000000000000284e+01
4.729999999999999716e+01
3.350000000000000000e+01
4.129999999999999716e+01
3.410000000000000142e+01
1.459999999999999964e+01
3.000000000000000000e+01
2.350000000000000000e+01
3.729999999999999716e+01
2.030000000000000071e+01
3.279999999999999716e+01
3.150000000000000000e+01
2.319999999999999929e+01
7.500000000000000000e+00
8.500000000000000000e+00
8.300000000000000711e+00
6.900000000000000355e+00
3.279999999999999716e+01
3.150000000000000000e+01
2.319999999999999929e+01
1.789999999999999858e+01
5.200000000000000178e+00
1.869999999999999929e+01
3.360000000000000142e+01
2.589999999999999858e+01
3.169999999999999929e+01
2.889999999999999858e+01
2.000000000000000000e+01
4.539999999999999858e+01
2.789999999999999858e+01
3.910000000000000142e+01
3.950000000000000000e+01
2.330000000000000071e+01
3.279999999999999716e+01
3.150000000000000000e+01
2.319999999999999929e+01
3.360000000000000142e+01
2.589999999999999858e+01
3.169999999999999929e+01
2.889999999999999858e+01
2.000000000000000000e+01
4.539999999999999858e+01
2.789999999999999858e+01
3.910000000000000142e+01
3.950000000000000000e+01
2.330000000000000071e+01
3.450000000000000000e+01
3.950000000000000000e+01
2.580000000000000071e+01
3.139999999999999858e+01
4.450000000000000000e+01
3.050000000000000000e+01
2.200000000000000000e+01
4.520000000000000284e+01
3.879999999999999716e+01
2.950000000000000000e+01
3.010000000000000142e+01
4.550000000000000000e+01
5.439999999999999858e+01
