2.419999999999999929e+01
2.760000000000000142e+01
2.319999999999999929e+01
1.600000000000000000e+01
3.450000000000000000e+01
3.850000000000000000e+01
1.760000000000000142e+01
4.160000000000000142e+01
3.850000000000000000e+01
4.160000000000000142e+01
3.150000000000000000e+01
5.039999999999999858e+01
3.160000000000000142e+01
6.370000000000000284e+01
3.160000000000000142e+01
3.650000000000000000e+01
4.170000000000000284e+01
4.510000000000000142e+01
3.529999999999999716e+01
2.369999999999999929e+01
2.860000000000000142e+01
3.160000000000000142e+01
2.960000000000000142e+01
3.379999999999999716e+01
3.779999999999999716e+01
3.600000000000000000e+01
2.230000000000000071e+01
5.039999999999999858e+01
0.000000000000000000e+00
0.000000000000000000e+00
0.000000000000000000e+00
2.169999999999999929e+01
0.000000000000000000e+00
0.000000000000000000e+00
0.000000000000000000e+00
4.510000000000000142e+01
0.000000000000000000e+00
0.000000000000000000e+00
1.200000000000000000e+01
0.000000000000000000e+00
0.000000000000000000e+00
0.000000000000000000e+00
0.000000000000000000e+00
0.000000000000000000e+00
0.000000000000000000e+00
0.000000000000000000e+00
0.000000000000000000e+00
