3.270000000000000284e+01
3.760000000000000142e+01
3.910000000000000142e+01
2.939999999999999858e+01
5.370000000000000284e+01
4.560000000000000142e+01
2.169999999999999929e+01
3.610000000000000142e+01
3.600000000000000000e+01
5.320000000000000284e+01
1.969999999999999929e+01
3.820000000000000284e+01
2.550000000000000000e+01
3.030000000000000071e+01
2.719999999999999929e+01
3.439999999999999858e+01
1.750000000000000000e+01
3.939999999999999858e+01
1.069999999999999929e+01
4.329999999999999716e+01
2.880000000000000071e+01
2.150000000000000000e+01
1.559999999999999964e+01
4.570000000000000284e+01
3.350000000000000000e+01
3.760000000000000142e+01
2.350000000000000000e+01
3.470000000000000284e+01
3.510000000000000142e+01
4.629999999999999716e+01
2.180000000000000071e+01
3.210000000000000142e+01
3.180000000000000071e+01
4.439999999999999858e+01
2.000000000000000000e+01
4.339999999999999858e+01
3.979999999999999716e+01
3.030000000000000071e+01
2.750000000000000000e+01
3.310000000000000142e+01
3.169999999999999929e+01
3.479999999999999716e+01
1.630000000000000071e+01
3.729999999999999716e+01
1.009999999999999964e+01
4.279999999999999716e+01
3.539999999999999858e+01
4.479999999999999716e+01
3.239999999999999858e+01
3.119999999999999929e+01
3.610000000000000142e+01
3.650000000000000000e+01
3.820000000000000284e+01
3.229999999999999716e+01
3.860000000000000142e+01
4.039999999999999858e+01
2.510000000000000142e+01
2.810000000000000142e+01
3.400000000000000000e+01
4.050000000000000000e+01
2.339999999999999858e+01
3.650000000000000000e+01
1.119999999999999929e+01
9.400000000000000355e+00
6.299999999999999822e+00
7.200000000000000178e+00
5.799999999999999822e+00
9.599999999999999645e+00
8.500000000000000000e+00
3.650000000000000000e+01
1.119999999999999929e+01
8.099999999999999645e+00
8.099999999999999645e+00
4.529999999999999716e+01
5.889999999999999858e+01
8.000000000000000000e+00
9.699999999999999289e+00
3.829999999999999716e+01
3.950000000000000000e+01
0.000000000000000000e+00
0.000000000000000000e+00
0.000000000000000000e+00
0.000000000000000000e+00
0.000000000000000000e+00
0.000000000000000000e+00
0.000000000000000000e+00
0.000000000000000000e+00
0.000000000000000000e+00
0.000000000000000000e+00
0.000000000000000000e+00
0.000000000000000000e+00
0.000000000000000000e+00
0.000000000000000000e+00
0.000000000000000000e+00
0.000000000000000000e+00
1.869999999999999929e+01
1.680000000000000071e+01
1.839999999999999858e+01
2.100000000000000000e+01
3.820000000000000284e+01
3.310000000000000142e+01
3.950000000000000000e+01
4.189999999999999858e+01
1.769999999999999929e+01
3.970000000000000284e+01
3.610000000000000142e+01
3.610000000000000142e+01
3.839999999999999858e+01
1.619999999999999929e+01
3.989999999999999858e+01
2.919999999999999929e+01
2.330000000000000071e+01
1.409999999999999964e+01
3.610000000000000142e+01
1.789999999999999858e+01
2.210000000000000142e+01
3.479999999999999716e+01
3.989999999999999858e+01
