4.170000000000000284e+01
2.700000000000000000e+01
1.259999999999999964e+01
2.610000000000000142e+01
2.550000000000000000e+01
4.560000000000000142e+01
2.669999999999999929e+01
7.500000000000000000e+00
9.000000000000000000e+00
7.599999999999999645e+00
6.599999999999999645e+00
7.799999999999999822e+00
2.550000000000000000e+01
4.560000000000000142e+01
2.669999999999999929e+01
3.189999999999999858e+01
3.770000000000000284e+01
4.570000000000000284e+01
6.000000000000000000e+00
5.210000000000000142e+01
2.989999999999999858e+01
0.000000000000000000e+00
0.000000000000000000e+00
0.000000000000000000e+00
0.000000000000000000e+00
0.000000000000000000e+00
0.000000000000000000e+00
0.000000000000000000e+00
0.000000000000000000e+00
0.000000000000000000e+00
0.000000000000000000e+00
0.000000000000000000e+00
0.000000000000000000e+00
0.000000000000000000e+00
1.839999999999999858e+01
4.089999999999999858e+01
2.469999999999999929e+01
3.779999999999999716e+01
1.180000000000000071e+01
3.300000000000000000e+01
4.950000000000000000e+01
4.620000000000000284e+01
1.269999999999999929e+01
1.639999999999999858e+01
3.050000000000000000e+01
3.960000000000000142e+01
3.479999999999999716e+01
5.889999999999999858e+01
1.530000000000000071e+01
3.929999999999999716e+01
