2.950000000000000000e+01
6.759999999999999432e+01
5.460000000000000142e+01
2.950000000000000000e+01
7.959999999999999432e+01
2.950000000000000000e+01
7.959999999999999432e+01
2.900000000000000000e+01
3.570000000000000284e+01
2.939999999999999858e+01
5.689999999999999858e+01
3.329999999999999716e+01
4.539999999999999858e+01
3.080000000000000071e+01
3.250000000000000000e+01
3.460000000000000142e+01
3.260000000000000142e+01
2.939999999999999858e+01
3.520000000000000284e+01
2.939999999999999858e+01
3.750000000000000000e+01
3.960000000000000142e+01
4.439999999999999858e+01
2.980000000000000071e+01
2.630000000000000071e+01
4.470000000000000284e+01
2.310000000000000142e+01
3.870000000000000284e+01
2.869999999999999929e+01
5.500000000000000000e+01
2.950000000000000000e+01
7.959999999999999432e+01
2.900000000000000000e+01
3.570000000000000284e+01
2.939999999999999858e+01
5.689999999999999858e+01
3.329999999999999716e+01
4.539999999999999858e+01
3.080000000000000071e+01
3.250000000000000000e+01
3.460000000000000142e+01
3.260000000000000142e+01
2.939999999999999858e+01
3.520000000000000284e+01
2.939999999999999858e+01
3.750000000000000000e+01
3.960000000000000142e+01
4.439999999999999858e+01
2.980000000000000071e+01
2.630000000000000071e+01
4.470000000000000284e+01
2.310000000000000142e+01
3.870000000000000284e+01
2.869999999999999929e+01
5.500000000000000000e+01
