3.200000000000000000e+01
4.870000000000000284e+01
4.039999999999999858e+01
2.789999999999999858e+01
3.260000000000000142e+01
3.019999999999999929e+01
2.510000000000000142e+01
3.019999999999999929e+01
2.510000000000000142e+01
3.970000000000000284e+01
3.900000000000000000e+01
2.969999999999999929e+01
3.450000000000000000e+01
2.910000000000000142e+01
3.489999999999999858e+01
4.689999999999999858e+01
3.800000000000000000e+01
3.710000000000000142e+01
3.250000000000000000e+01
3.189999999999999858e+01
4.679999999999999716e+01
2.280000000000000071e+01
2.039999999999999858e+01
3.080000000000000071e+01
4.770000000000000284e+01
3.510000000000000142e+01
3.679999999999999716e+01
2.000000000000000000e+01
3.900000000000000000e+01
2.789999999999999858e+01
3.879999999999999716e+01
3.650000000000000000e+01
4.939999999999999858e+01
3.539999999999999858e+01
4.450000000000000000e+01
3.019999999999999929e+01
2.510000000000000142e+01
3.970000000000000284e+01
3.900000000000000000e+01
2.969999999999999929e+01
3.450000000000000000e+01
2.910000000000000142e+01
3.489999999999999858e+01
4.689999999999999858e+01
3.800000000000000000e+01
3.710000000000000142e+01
3.250000000000000000e+01
3.189999999999999858e+01
4.679999999999999716e+01
2.280000000000000071e+01
2.039999999999999858e+01
3.080000000000000071e+01
4.770000000000000284e+01
3.510000000000000142e+01
3.679999999999999716e+01
2.000000000000000000e+01
3.900000000000000000e+01
2.789999999999999858e+01
3.879999999999999716e+01
3.650000000000000000e+01
4.939999999999999858e+01
3.539999999999999858e+01
4.450000000000000000e+01
