2.450000000000000000e+01
2.760000000000000142e+01
4.139999999999999858e+01
1.019999999999999929e+01
4.279999999999999716e+01
3.800000000000000000e+01
3.689999999999999858e+01
3.970000000000000284e+01
3.929999999999999716e+01
2.300000000000000000e+01
1.000000000000000000e+01
2.910000000000000142e+01
4.020000000000000284e+01
3.850000000000000000e+01
3.989999999999999858e+01
5.520000000000000284e+01
6.600000000000000000e+01
8.000000000000000000e+00
3.850000000000000000e+01
3.989999999999999858e+01
8.300000000000000711e+00
5.520000000000000284e+01
6.600000000000000000e+01
2.860000000000000142e+01
2.760000000000000142e+01
4.139999999999999858e+01
7.099999999999999645e+00
0.000000000000000000e+00
0.000000000000000000e+00
0.000000000000000000e+00
0.000000000000000000e+00
0.000000000000000000e+00
0.000000000000000000e+00
0.000000000000000000e+00
0.000000000000000000e+00
0.000000000000000000e+00
0.000000000000000000e+00
0.000000000000000000e+00
0.000000000000000000e+00
0.000000000000000000e+00
1.569999999999999929e+01
1.150000000000000000e+01
1.469999999999999929e+01
1.109999999999999964e+01
3.489999999999999858e+01
4.070000000000000284e+01
3.620000000000000284e+01
1.009999999999999964e+01
2.830000000000000071e+01
3.800000000000000000e+01
2.510000000000000142e+01
1.300000000000000000e+01
5.539999999999999858e+01
4.370000000000000284e+01
2.910000000000000142e+01
4.100000000000000000e+01
1.130000000000000071e+01
3.810000000000000142e+01
5.320000000000000284e+01
2.689999999999999858e+01
1.580000000000000071e+01
3.629999999999999716e+01
3.069999999999999929e+01
