4.050000000000000000e+01
2.269999999999999929e+01
4.370000000000000284e+01
3.119999999999999929e+01
2.180000000000000071e+01
3.639999999999999858e+01
4.339999999999999858e+01
2.100000000000000000e+01
4.779999999999999716e+01
3.180000000000000071e+01
3.239999999999999858e+01
2.119999999999999929e+01
3.450000000000000000e+01
8.890000000000000568e+01
3.970000000000000284e+01
1.980000000000000071e+01
6.400000000000000355e+00
6.900000000000000355e+00
5.299999999999999822e+00
3.239999999999999858e+01
6.200000000000000178e+00
2.119999999999999929e+01
3.450000000000000000e+01
8.890000000000000568e+01
3.970000000000000284e+01
1.980000000000000071e+01
4.450000000000000000e+01
2.510000000000000142e+01
4.150000000000000000e+01
3.679999999999999716e+01
2.019999999999999929e+01
9.199999999999999289e+00
3.600000000000000000e+01
3.210000000000000142e+01
3.060000000000000142e+01
5.250000000000000000e+01
8.000000000000000000e+00
3.870000000000000284e+01
3.870000000000000284e+01
4.179999999999999716e+01
4.470000000000000284e+01
1.830000000000000071e+01
2.539999999999999858e+01
2.989999999999999858e+01
3.239999999999999858e+01
2.119999999999999929e+01
3.450000000000000000e+01
8.890000000000000568e+01
3.970000000000000284e+01
4.450000000000000000e+01
2.510000000000000142e+01
4.150000000000000000e+01
3.679999999999999716e+01
2.019999999999999929e+01
3.600000000000000000e+01
3.210000000000000142e+01
3.060000000000000142e+01
5.250000000000000000e+01
3.870000000000000284e+01
3.870000000000000284e+01
4.179999999999999716e+01
4.470000000000000284e+01
2.539999999999999858e+01
2.989999999999999858e+01
6.250000000000000000e+01
3.320000000000000284e+01
3.529999999999999716e+01
3.130000000000000071e+01
3.829999999999999716e+01
4.650000000000000000e+01
4.010000000000000142e+01
3.089999999999999858e+01
4.939999999999999858e+01
4.339999999999999858e+01
4.539999999999999858e+01
3.720000000000000284e+01
3.689999999999999858e+01
1.980000000000000071e+01
1.830000000000000071e+01
3.320000000000000284e+01
3.529999999999999716e+01
3.130000000000000071e+01
3.829999999999999716e+01
4.650000000000000000e+01
4.010000000000000142e+01
1.080000000000000071e+01
3.089999999999999858e+01
4.939999999999999858e+01
4.339999999999999858e+01
4.539999999999999858e+01
3.720000000000000284e+01
3.689999999999999858e+01
4.150000000000000000e+01
4.860000000000000142e+01
3.439999999999999858e+01
4.610000000000000142e+01
3.960000000000000142e+01
5.610000000000000142e+01
3.450000000000000000e+01
2.250000000000000000e+01
