4.550000000000000000e+01
6.310000000000000142e+01
4.179999999999999716e+01
1.140000000000000036e+01
3.829999999999999716e+01
2.289999999999999858e+01
1.300000000000000000e+01
3.229999999999999716e+01
1.930000000000000071e+01
3.229999999999999716e+01
4.179999999999999716e+01
3.229999999999999716e+01
3.839999999999999858e+01
2.980000000000000071e+01
4.010000000000000142e+01
2.419999999999999929e+01
2.319999999999999929e+01
2.780000000000000071e+01
2.880000000000000071e+01
3.210000000000000142e+01
5.279999999999999716e+01
4.689999999999999858e+01
2.689999999999999858e+01
0.000000000000000000e+00
7.400000000000000355e+00
1.899999999999999911e+00
0.000000000000000000e+00
0.000000000000000000e+00
0.000000000000000000e+00
0.000000000000000000e+00
0.000000000000000000e+00
1.750000000000000000e+01
