3.800000000000000000e+01
3.539999999999999858e+01
3.500000000000000000e+01
2.769999999999999929e+01
2.739999999999999858e+01
3.860000000000000142e+01
1.430000000000000071e+01
3.360000000000000142e+01
3.600000000000000000e+01
3.119999999999999929e+01
2.730000000000000071e+01
2.050000000000000000e+01
4.970000000000000284e+01
1.610000000000000142e+01
3.800000000000000000e+01
3.310000000000000142e+01
8.500000000000000000e+00
7.099999999999999645e+00
4.970000000000000284e+01
1.610000000000000142e+01
3.800000000000000000e+01
3.310000000000000142e+01
6.900000000000000355e+00
8.000000000000000000e+00
9.300000000000000711e+00
0.000000000000000000e+00
0.000000000000000000e+00
0.000000000000000000e+00
0.000000000000000000e+00
0.000000000000000000e+00
0.000000000000000000e+00
0.000000000000000000e+00
0.000000000000000000e+00
1.169999999999999929e+01
1.980000000000000071e+01
3.160000000000000142e+01
1.969999999999999929e+01
3.600000000000000000e+01
4.510000000000000142e+01
2.789999999999999858e+01
3.600000000000000000e+01
5.829999999999999716e+01
4.160000000000000142e+01
3.770000000000000284e+01
1.230000000000000071e+01
2.180000000000000071e+01
5.129999999999999716e+01
3.019999999999999929e+01
