2.089999999999999858e+01
4.400000000000000000e+01
4.070000000000000284e+01
2.169999999999999929e+01
2.539999999999999858e+01
3.239999999999999858e+01
1.939999999999999858e+01
1.090000000000000036e+01
3.119999999999999929e+01
3.119999999999999929e+01
4.610000000000000142e+01
3.829999999999999716e+01
3.239999999999999858e+01
3.860000000000000142e+01
2.819999999999999929e+01
3.800000000000000000e+01
3.960000000000000142e+01
3.360000000000000142e+01
3.360000000000000142e+01
4.170000000000000284e+01
3.560000000000000142e+01
3.939999999999999858e+01
2.989999999999999858e+01
4.460000000000000142e+01
3.560000000000000142e+01
5.320000000000000284e+01
4.450000000000000000e+01
2.539999999999999858e+01
4.820000000000000284e+01
4.860000000000000142e+01
3.360000000000000142e+01
4.700000000000000178e+00
8.599999999999999645e+00
0.000000000000000000e+00
2.980000000000000071e+01
4.400000000000000355e+00
0.000000000000000000e+00
3.360000000000000142e+01
0.000000000000000000e+00
0.000000000000000000e+00
0.000000000000000000e+00
4.029999999999999716e+01
