6.300000000000000000e+01
2.219999999999999929e+01
2.419999999999999929e+01
1.359999999999999964e+01
4.950000000000000000e+01
5.750000000000000000e+01
1.580000000000000071e+01
2.789999999999999858e+01
3.389999999999999858e+01
4.620000000000000284e+01
4.160000000000000142e+01
3.439999999999999858e+01
3.460000000000000142e+01
6.099999999999999645e+00
5.400000000000000355e+00
5.700000000000000178e+00
4.160000000000000142e+01
3.439999999999999858e+01
3.460000000000000142e+01
3.050000000000000000e+01
1.280000000000000071e+01
7.599999999999999645e+00
2.850000000000000000e+01
6.299999999999999822e+00
4.160000000000000142e+01
0.000000000000000000e+00
0.000000000000000000e+00
0.000000000000000000e+00
0.000000000000000000e+00
0.000000000000000000e+00
0.000000000000000000e+00
2.899999999999999911e+00
0.000000000000000000e+00
1.000000000000000056e-01
1.580000000000000071e+01
4.100000000000000000e+01
1.930000000000000071e+01
1.639999999999999858e+01
4.000000000000000000e+01
7.070000000000000284e+01
3.879999999999999716e+01
4.770000000000000284e+01
1.450000000000000000e+01
2.469999999999999929e+01
3.039999999999999858e+01
