3.110000000000000142e+01
6.909999999999999432e+01
3.119999999999999929e+01
1.730000000000000071e+01
3.579999999999999716e+01
4.439999999999999858e+01
4.189999999999999858e+01
2.110000000000000142e+01
4.189999999999999858e+01
2.110000000000000142e+01
2.300000000000000000e+01
2.950000000000000000e+01
2.810000000000000142e+01
3.420000000000000284e+01
4.439999999999999858e+01
4.210000000000000142e+01
5.760000000000000142e+01
3.829999999999999716e+01
3.119999999999999929e+01
5.500000000000000000e+01
4.439999999999999858e+01
2.710000000000000142e+01
3.960000000000000142e+01
3.839999999999999858e+01
4.439999999999999858e+01
3.779999999999999716e+01
3.060000000000000142e+01
5.239999999999999858e+01
3.069999999999999929e+01
3.529999999999999716e+01
4.189999999999999858e+01
2.110000000000000142e+01
2.300000000000000000e+01
2.950000000000000000e+01
2.810000000000000142e+01
3.420000000000000284e+01
4.439999999999999858e+01
4.210000000000000142e+01
5.760000000000000142e+01
3.829999999999999716e+01
3.119999999999999929e+01
5.500000000000000000e+01
4.439999999999999858e+01
2.710000000000000142e+01
3.960000000000000142e+01
3.839999999999999858e+01
4.439999999999999858e+01
3.779999999999999716e+01
3.060000000000000142e+01
5.239999999999999858e+01
3.069999999999999929e+01
3.529999999999999716e+01
