3.069999999999999929e+01
7.720000000000000284e+01
3.110000000000000142e+01
3.610000000000000142e+01
1.930000000000000071e+01
5.350000000000000000e+01
4.160000000000000142e+01
3.970000000000000284e+01
4.220000000000000284e+01
1.869999999999999929e+01
2.669999999999999929e+01
4.220000000000000284e+01
2.989999999999999858e+01
6.139999999999999858e+01
2.780000000000000071e+01
1.280000000000000071e+01
1.919999999999999929e+01
1.009999999999999964e+01
6.200000000000000178e+00
8.699999999999999289e+00
1.280000000000000071e+01
1.919999999999999929e+01
1.009999999999999964e+01
3.220000000000000284e+01
1.419999999999999929e+01
3.750000000000000000e+01
3.039999999999999858e+01
0.000000000000000000e+00
0.000000000000000000e+00
0.000000000000000000e+00
0.000000000000000000e+00
4.700000000000000178e+00
0.000000000000000000e+00
0.000000000000000000e+00
0.000000000000000000e+00
0.000000000000000000e+00
0.000000000000000000e+00
2.000000000000000000e+00
3.789999999999999858e+01
3.420000000000000284e+01
2.460000000000000142e+01
2.630000000000000071e+01
4.539999999999999858e+01
5.010000000000000142e+01
3.570000000000000284e+01
3.339999999999999858e+01
1.140000000000000036e+01
3.820000000000000284e+01
