3.950000000000000000e+01
6.540000000000000568e+01
2.819999999999999929e+01
2.889999999999999858e+01
3.520000000000000284e+01
2.960000000000000142e+01
3.789999999999999858e+01
2.300000000000000000e+01
5.470000000000000284e+01
1.789999999999999858e+01
1.989999999999999858e+01
1.559999999999999964e+01
2.850000000000000000e+01
4.379999999999999716e+01
3.910000000000000142e+01
1.080000000000000071e+01
2.180000000000000071e+01
2.550000000000000000e+01
2.430000000000000071e+01
2.180000000000000071e+01
2.550000000000000000e+01
2.430000000000000071e+01
2.989999999999999858e+01
3.239999999999999858e+01
4.450000000000000000e+01
2.850000000000000000e+01
3.800000000000000000e+01
2.530000000000000071e+01
4.139999999999999858e+01
4.170000000000000284e+01
3.239999999999999858e+01
2.369999999999999929e+01
3.279999999999999716e+01
2.689999999999999858e+01
3.270000000000000284e+01
3.160000000000000142e+01
2.589999999999999858e+01
3.229999999999999716e+01
2.530000000000000071e+01
2.760000000000000142e+01
2.530000000000000071e+01
4.200000000000000178e+00
3.679999999999999716e+01
1.109999999999999964e+01
0.000000000000000000e+00
3.299999999999999822e+00
0.000000000000000000e+00
0.000000000000000000e+00
8.000000000000000000e+00
2.880000000000000071e+01
9.699999999999999289e+00
0.000000000000000000e+00
0.000000000000000000e+00
