3.560000000000000142e+01
3.850000000000000000e+01
3.100000000000000000e+01
1.839999999999999858e+01
3.760000000000000142e+01
3.610000000000000142e+01
5.020000000000000284e+01
1.519999999999999929e+01
4.110000000000000142e+01
2.850000000000000000e+01
3.420000000000000284e+01
2.750000000000000000e+01
3.750000000000000000e+01
1.630000000000000071e+01
4.020000000000000284e+01
5.900000000000000355e+00
5.099999999999999645e+00
2.850000000000000000e+01
3.420000000000000284e+01
2.750000000000000000e+01
3.750000000000000000e+01
1.630000000000000071e+01
4.020000000000000284e+01
1.519999999999999929e+01
5.489999999999999858e+01
3.000000000000000000e+01
3.550000000000000000e+01
3.550000000000000000e+01
2.119999999999999929e+01
3.960000000000000142e+01
4.160000000000000142e+01
2.339999999999999858e+01
3.550000000000000000e+01
4.139999999999999858e+01
2.850000000000000000e+01
3.439999999999999858e+01
6.509999999999999432e+01
3.810000000000000142e+01
3.960000000000000142e+01
4.600000000000000000e+01
3.889999999999999858e+01
3.000000000000000000e+01
4.160000000000000142e+01
2.150000000000000000e+01
3.000000000000000000e+01
4.289999999999999858e+01
1.939999999999999858e+01
1.930000000000000071e+01
1.900000000000000000e+01
3.810000000000000142e+01
3.960000000000000142e+01
1.209999999999999964e+01
4.600000000000000000e+01
1.730000000000000071e+01
3.889999999999999858e+01
3.000000000000000000e+01
4.160000000000000142e+01
2.150000000000000000e+01
3.000000000000000000e+01
4.289999999999999858e+01
4.479999999999999716e+01
1.960000000000000142e+01
3.370000000000000284e+01
2.350000000000000000e+01
4.460000000000000142e+01
3.060000000000000142e+01
4.779999999999999716e+01
2.769999999999999929e+01
3.889999999999999858e+01
4.100000000000000000e+01
