2.960000000000000142e+01
2.130000000000000071e+01
2.419999999999999929e+01
2.960000000000000142e+01
3.479999999999999716e+01
3.650000000000000000e+01
2.100000000000000000e+01
2.100000000000000000e+01
3.200000000000000000e+01
3.629999999999999716e+01
2.960000000000000142e+01
2.100000000000000000e+01
3.200000000000000000e+01
4.010000000000000142e+01
6.440000000000000568e+01
4.189999999999999858e+01
2.169999999999999929e+01
2.530000000000000071e+01
4.679999999999999716e+01
3.400000000000000000e+01
2.310000000000000142e+01
2.239999999999999858e+01
2.260000000000000142e+01
3.050000000000000000e+01
3.439999999999999858e+01
3.900000000000000000e+01
2.960000000000000142e+01
3.650000000000000000e+01
2.230000000000000071e+01
2.010000000000000142e+01
3.910000000000000142e+01
2.960000000000000142e+01
2.200000000000000000e+01
3.060000000000000142e+01
4.960000000000000142e+01
3.979999999999999716e+01
2.100000000000000000e+01
3.200000000000000000e+01
3.629999999999999716e+01
2.960000000000000142e+01
2.100000000000000000e+01
3.200000000000000000e+01
4.010000000000000142e+01
6.440000000000000568e+01
4.189999999999999858e+01
2.169999999999999929e+01
2.530000000000000071e+01
4.679999999999999716e+01
3.400000000000000000e+01
2.310000000000000142e+01
2.239999999999999858e+01
2.260000000000000142e+01
3.050000000000000000e+01
3.439999999999999858e+01
3.900000000000000000e+01
2.960000000000000142e+01
3.650000000000000000e+01
2.230000000000000071e+01
2.010000000000000142e+01
3.910000000000000142e+01
2.960000000000000142e+01
2.200000000000000000e+01
3.060000000000000142e+01
4.960000000000000142e+01
3.979999999999999716e+01
