3.379999999999999716e+01
4.320000000000000284e+01
2.330000000000000071e+01
1.359999999999999964e+01
1.050000000000000000e+01
3.410000000000000142e+01
1.180000000000000071e+01
3.639999999999999858e+01
2.169999999999999929e+01
2.680000000000000071e+01
3.039999999999999858e+01
4.060000000000000142e+01
3.660000000000000142e+01
3.410000000000000142e+01
1.180000000000000071e+01
2.800000000000000000e+01
2.619999999999999929e+01
1.680000000000000071e+01
3.770000000000000284e+01
2.369999999999999929e+01
3.250000000000000000e+01
