2.919999999999999929e+01
2.300000000000000000e+01
2.969999999999999929e+01
2.869999999999999929e+01
3.189999999999999858e+01
2.950000000000000000e+01
1.789999999999999858e+01
1.980000000000000071e+01
1.150000000000000000e+01
2.950000000000000000e+01
3.729999999999999716e+01
3.089999999999999858e+01
2.939999999999999858e+01
3.119999999999999929e+01
2.919999999999999929e+01
3.339999999999999858e+01
2.900000000000000000e+01
3.650000000000000000e+01
6.360000000000000142e+01
4.550000000000000000e+01
3.539999999999999858e+01
3.850000000000000000e+01
2.269999999999999929e+01
3.789999999999999858e+01
4.079999999999999716e+01
5.160000000000000142e+01
6.039999999999999858e+01
2.150000000000000000e+01
3.260000000000000142e+01
3.560000000000000142e+01
3.520000000000000284e+01
2.339999999999999858e+01
2.789999999999999858e+01
4.270000000000000284e+01
2.669999999999999929e+01
4.100000000000000000e+01
5.900000000000000000e+01
2.939999999999999858e+01
2.950000000000000000e+01
2.200000000000000000e+01
2.369999999999999929e+01
2.950000000000000000e+01
2.950000000000000000e+01
3.729999999999999716e+01
3.089999999999999858e+01
2.939999999999999858e+01
3.119999999999999929e+01
2.919999999999999929e+01
3.339999999999999858e+01
2.900000000000000000e+01
3.650000000000000000e+01
6.360000000000000142e+01
4.550000000000000000e+01
3.850000000000000000e+01
2.269999999999999929e+01
3.789999999999999858e+01
4.079999999999999716e+01
5.160000000000000142e+01
6.039999999999999858e+01
2.150000000000000000e+01
3.260000000000000142e+01
3.560000000000000142e+01
3.520000000000000284e+01
2.339999999999999858e+01
2.789999999999999858e+01
4.270000000000000284e+01
2.669999999999999929e+01
4.100000000000000000e+01
5.900000000000000000e+01
2.939999999999999858e+01
2.950000000000000000e+01
2.200000000000000000e+01
2.369999999999999929e+01
2.950000000000000000e+01
