2.610000000000000142e+01
3.589999999999999858e+01
2.960000000000000142e+01
3.019999999999999929e+01
4.160000000000000142e+01
1.769999999999999929e+01
3.739999999999999858e+01
5.310000000000000142e+01
2.489999999999999858e+01
2.139999999999999858e+01
3.989999999999999858e+01
4.939999999999999858e+01
2.550000000000000000e+01
5.289999999999999858e+01
3.960000000000000142e+01
5.299999999999999822e+00
6.799999999999999822e+00
6.200000000000000178e+00
7.000000000000000000e+00
9.000000000000000000e+00
9.300000000000000711e+00
4.939999999999999858e+01
2.550000000000000000e+01
5.289999999999999858e+01
7.000000000000000000e+00
6.799999999999999822e+00
3.960000000000000142e+01
6.299999999999999822e+00
3.539999999999999858e+01
2.960000000000000142e+01
7.299999999999999822e+00
4.379999999999999716e+01
4.270000000000000284e+01
4.589999999999999858e+01
4.589999999999999858e+01
3.000000000000000000e+01
2.339999999999999858e+01
2.039999999999999858e+01
6.150000000000000000e+01
2.100000000000000000e+01
4.589999999999999858e+01
3.370000000000000284e+01
5.010000000000000142e+01
4.589999999999999858e+01
2.680000000000000071e+01
2.619999999999999929e+01
3.260000000000000142e+01
2.739999999999999858e+01
3.150000000000000000e+01
2.739999999999999858e+01
4.160000000000000142e+01
1.639999999999999858e+01
1.090000000000000036e+01
1.209999999999999964e+01
1.939999999999999858e+01
4.589999999999999858e+01
2.680000000000000071e+01
2.619999999999999929e+01
3.260000000000000142e+01
2.739999999999999858e+01
3.150000000000000000e+01
2.739999999999999858e+01
4.160000000000000142e+01
2.169999999999999929e+01
1.350000000000000000e+01
3.379999999999999716e+01
3.720000000000000284e+01
1.730000000000000071e+01
2.660000000000000142e+01
1.109999999999999964e+01
3.270000000000000284e+01
3.539999999999999858e+01
4.700000000000000000e+01
2.389999999999999858e+01
4.220000000000000284e+01
