3.239999999999999858e+01
4.420000000000000284e+01
2.739999999999999858e+01
2.150000000000000000e+01
2.410000000000000142e+01
5.400000000000000000e+01
3.979999999999999716e+01
3.610000000000000142e+01
3.610000000000000142e+01
3.600000000000000000e+01
4.679999999999999716e+01
6.000000000000000000e+00
5.900000000000000355e+00
3.979999999999999716e+01
3.610000000000000142e+01
3.610000000000000142e+01
3.600000000000000000e+01
4.679999999999999716e+01
1.009999999999999964e+01
3.979999999999999716e+01
8.599999999999999645e+00
5.320000000000000284e+01
3.450000000000000000e+01
1.150000000000000000e+01
3.979999999999999716e+01
2.619999999999999929e+01
2.639999999999999858e+01
3.770000000000000284e+01
3.610000000000000142e+01
3.370000000000000284e+01
3.260000000000000142e+01
2.989999999999999858e+01
3.339999999999999858e+01
2.089999999999999858e+01
3.810000000000000142e+01
3.370000000000000284e+01
