3.810000000000000142e+01
3.779999999999999716e+01
1.140000000000000036e+01
2.110000000000000142e+01
2.869999999999999929e+01
3.920000000000000284e+01
3.080000000000000071e+01
2.960000000000000142e+01
3.010000000000000142e+01
2.810000000000000142e+01
4.000000000000000000e+01
2.060000000000000142e+01
4.000000000000000000e+01
2.060000000000000142e+01
4.120000000000000284e+01
3.979999999999999716e+01
3.300000000000000000e+01
4.329999999999999716e+01
2.669999999999999929e+01
2.269999999999999929e+01
3.910000000000000142e+01
2.339999999999999858e+01
3.310000000000000142e+01
3.670000000000000284e+01
3.000000000000000000e+01
3.910000000000000142e+01
4.279999999999999716e+01
2.789999999999999858e+01
4.570000000000000284e+01
4.500000000000000000e+01
4.289999999999999858e+01
4.439999999999999858e+01
2.939999999999999858e+01
3.779999999999999716e+01
3.670000000000000284e+01
4.400000000000000000e+01
2.600000000000000000e+01
3.370000000000000284e+01
4.160000000000000142e+01
4.000000000000000000e+01
2.060000000000000142e+01
4.120000000000000284e+01
3.979999999999999716e+01
3.300000000000000000e+01
4.329999999999999716e+01
2.669999999999999929e+01
2.269999999999999929e+01
3.910000000000000142e+01
2.339999999999999858e+01
3.310000000000000142e+01
3.670000000000000284e+01
3.000000000000000000e+01
3.910000000000000142e+01
4.279999999999999716e+01
2.789999999999999858e+01
4.570000000000000284e+01
4.500000000000000000e+01
4.289999999999999858e+01
4.439999999999999858e+01
2.939999999999999858e+01
3.779999999999999716e+01
3.670000000000000284e+01
4.400000000000000000e+01
2.600000000000000000e+01
3.370000000000000284e+01
4.160000000000000142e+01
