1.750000000000000000e+01
2.239999999999999858e+01
4.470000000000000284e+01
3.250000000000000000e+01
3.839999999999999858e+01
3.739999999999999858e+01
5.189999999999999858e+01
4.410000000000000142e+01
4.770000000000000284e+01
2.850000000000000000e+01
2.980000000000000071e+01
2.269999999999999929e+01
5.310000000000000142e+01
3.239999999999999858e+01
1.939999999999999858e+01
1.559999999999999964e+01
3.250000000000000000e+01
5.670000000000000284e+01
3.929999999999999716e+01
5.370000000000000284e+01
3.800000000000000000e+01
2.789999999999999858e+01
3.250000000000000000e+01
5.670000000000000284e+01
3.929999999999999716e+01
5.370000000000000284e+01
3.800000000000000000e+01
2.789999999999999858e+01
4.679999999999999716e+01
4.360000000000000142e+01
2.639999999999999858e+01
2.939999999999999858e+01
3.389999999999999858e+01
2.989999999999999858e+01
2.989999999999999858e+01
2.300000000000000000e+01
3.560000000000000142e+01
6.890000000000000568e+01
3.939999999999999858e+01
3.750000000000000000e+01
2.869999999999999929e+01
2.530000000000000071e+01
2.550000000000000000e+01
5.329999999999999716e+01
2.339999999999999858e+01
2.210000000000000142e+01
4.020000000000000284e+01
5.339999999999999858e+01
4.029999999999999716e+01
2.989999999999999858e+01
3.529999999999999716e+01
2.269999999999999929e+01
5.739999999999999858e+01
6.440000000000000568e+01
3.739999999999999858e+01
3.850000000000000000e+01
2.789999999999999858e+01
4.470000000000000284e+01
4.570000000000000284e+01
3.039999999999999858e+01
4.870000000000000284e+01
4.789999999999999858e+01
3.710000000000000142e+01
3.130000000000000071e+01
2.780000000000000071e+01
2.989999999999999858e+01
3.250000000000000000e+01
5.670000000000000284e+01
3.929999999999999716e+01
5.370000000000000284e+01
3.800000000000000000e+01
2.789999999999999858e+01
4.679999999999999716e+01
4.360000000000000142e+01
2.639999999999999858e+01
2.939999999999999858e+01
3.389999999999999858e+01
2.989999999999999858e+01
2.989999999999999858e+01
2.300000000000000000e+01
3.560000000000000142e+01
6.890000000000000568e+01
3.939999999999999858e+01
3.750000000000000000e+01
2.869999999999999929e+01
2.530000000000000071e+01
2.550000000000000000e+01
5.329999999999999716e+01
2.339999999999999858e+01
2.210000000000000142e+01
4.020000000000000284e+01
5.339999999999999858e+01
4.029999999999999716e+01
2.989999999999999858e+01
3.529999999999999716e+01
2.269999999999999929e+01
5.739999999999999858e+01
6.440000000000000568e+01
3.739999999999999858e+01
3.850000000000000000e+01
2.789999999999999858e+01
4.470000000000000284e+01
4.570000000000000284e+01
3.039999999999999858e+01
4.870000000000000284e+01
4.789999999999999858e+01
3.710000000000000142e+01
3.130000000000000071e+01
2.780000000000000071e+01
2.989999999999999858e+01
