3.200000000000000000e+01
2.510000000000000142e+01
4.129999999999999716e+01
1.989999999999999858e+01
4.100000000000000000e+01
1.090000000000000036e+01
3.050000000000000000e+01
6.020000000000000284e+01
4.060000000000000142e+01
3.010000000000000142e+01
4.450000000000000000e+01
4.289999999999999858e+01
2.639999999999999858e+01
5.900000000000000355e+00
6.299999999999999822e+00
7.000000000000000000e+00
9.099999999999999645e+00
4.450000000000000000e+01
4.289999999999999858e+01
8.900000000000000355e+00
2.639999999999999858e+01
6.700000000000000178e+00
3.770000000000000284e+01
7.500000000000000000e+00
2.789999999999999858e+01
3.700000000000000000e+01
3.350000000000000000e+01
1.380000000000000071e+01
5.299999999999999822e+00
4.820000000000000284e+01
1.119999999999999929e+01
2.900000000000000000e+01
3.479999999999999716e+01
3.169999999999999929e+01
4.250000000000000000e+01
2.339999999999999858e+01
3.050000000000000000e+01
3.289999999999999858e+01
3.560000000000000142e+01
3.069999999999999929e+01
2.380000000000000071e+01
1.569999999999999929e+01
2.750000000000000000e+01
3.229999999999999716e+01
3.770000000000000284e+01
5.339999999999999858e+01
1.550000000000000000e+01
8.000000000000000000e+00
9.000000000000000000e+00
5.400000000000000355e+00
3.479999999999999716e+01
4.450000000000000000e+01
4.289999999999999858e+01
2.639999999999999858e+01
3.770000000000000284e+01
2.789999999999999858e+01
3.700000000000000000e+01
3.350000000000000000e+01
4.820000000000000284e+01
2.900000000000000000e+01
3.479999999999999716e+01
3.169999999999999929e+01
4.250000000000000000e+01
2.339999999999999858e+01
3.050000000000000000e+01
3.289999999999999858e+01
3.560000000000000142e+01
3.069999999999999929e+01
2.380000000000000071e+01
2.750000000000000000e+01
3.229999999999999716e+01
3.770000000000000284e+01
5.339999999999999858e+01
3.479999999999999716e+01
4.060000000000000142e+01
6.890000000000000568e+01
2.410000000000000142e+01
3.000000000000000000e+01
3.150000000000000000e+01
3.130000000000000071e+01
3.960000000000000142e+01
3.489999999999999858e+01
1.380000000000000071e+01
1.119999999999999929e+01
1.569999999999999929e+01
1.550000000000000000e+01
1.930000000000000071e+01
1.390000000000000036e+01
4.060000000000000142e+01
6.890000000000000568e+01
2.410000000000000142e+01
3.000000000000000000e+01
3.150000000000000000e+01
1.669999999999999929e+01
3.130000000000000071e+01
3.960000000000000142e+01
3.489999999999999858e+01
3.350000000000000000e+01
2.800000000000000000e+01
3.539999999999999858e+01
3.750000000000000000e+01
5.289999999999999858e+01
4.450000000000000000e+01
3.829999999999999716e+01
1.910000000000000142e+01
