4.170000000000000284e+01
6.370000000000000284e+01
4.010000000000000142e+01
2.730000000000000071e+01
1.469999999999999929e+01
1.440000000000000036e+01
8.350000000000000000e+01
2.889999999999999858e+01
4.370000000000000284e+01
2.800000000000000000e+01
8.099999999999999645e+00
8.000000000000000000e+00
7.099999999999999645e+00
4.370000000000000284e+01
2.800000000000000000e+01
3.810000000000000142e+01
8.699999999999999289e+00
1.240000000000000036e+01
2.669999999999999929e+01
4.879999999999999716e+01
9.300000000000000711e+00
4.160000000000000142e+01
0.000000000000000000e+00
0.000000000000000000e+00
0.000000000000000000e+00
0.000000000000000000e+00
0.000000000000000000e+00
0.000000000000000000e+00
0.000000000000000000e+00
0.000000000000000000e+00
0.000000000000000000e+00
0.000000000000000000e+00
0.000000000000000000e+00
1.550000000000000000e+01
1.380000000000000071e+01
5.220000000000000284e+01
1.919999999999999929e+01
5.020000000000000284e+01
4.370000000000000284e+01
4.370000000000000284e+01
1.009999999999999964e+01
5.400000000000000000e+01
2.050000000000000000e+01
3.989999999999999858e+01
4.160000000000000142e+01
5.889999999999999858e+01
2.119999999999999929e+01
3.610000000000000142e+01
3.260000000000000142e+01
5.089999999999999858e+01
2.400000000000000000e+01
