3.610000000000000142e+01
3.760000000000000142e+01
3.560000000000000142e+01
1.009999999999999964e+01
3.160000000000000142e+01
2.669999999999999929e+01
2.960000000000000142e+01
4.520000000000000284e+01
2.730000000000000071e+01
1.660000000000000142e+01
4.929999999999999716e+01
3.239999999999999858e+01
2.580000000000000071e+01
4.720000000000000284e+01
3.960000000000000142e+01
5.710000000000000142e+01
5.500000000000000000e+00
9.099999999999999645e+00
8.099999999999999645e+00
6.599999999999999645e+00
3.960000000000000142e+01
5.710000000000000142e+01
1.689999999999999858e+01
3.260000000000000142e+01
3.820000000000000284e+01
2.989999999999999858e+01
8.500000000000000000e+00
4.160000000000000142e+01
4.029999999999999716e+01
3.089999999999999858e+01
4.989999999999999858e+01
4.160000000000000142e+01
2.589999999999999858e+01
3.800000000000000000e+01
1.960000000000000142e+01
3.960000000000000142e+01
5.710000000000000142e+01
3.260000000000000142e+01
3.820000000000000284e+01
2.989999999999999858e+01
4.160000000000000142e+01
4.029999999999999716e+01
3.089999999999999858e+01
4.989999999999999858e+01
4.160000000000000142e+01
2.589999999999999858e+01
3.800000000000000000e+01
2.419999999999999929e+01
5.510000000000000142e+01
4.410000000000000142e+01
3.700000000000000000e+01
2.519999999999999929e+01
2.530000000000000071e+01
2.750000000000000000e+01
1.689999999999999858e+01
1.960000000000000142e+01
1.680000000000000071e+01
2.419999999999999929e+01
5.510000000000000142e+01
4.410000000000000142e+01
1.989999999999999858e+01
3.700000000000000000e+01
2.519999999999999929e+01
2.530000000000000071e+01
1.919999999999999929e+01
2.750000000000000000e+01
3.660000000000000142e+01
3.339999999999999858e+01
4.100000000000000000e+01
4.389999999999999858e+01
3.700000000000000000e+01
