4.910000000000000142e+01
2.789999999999999858e+01
3.920000000000000284e+01
2.730000000000000071e+01
4.029999999999999716e+01
3.360000000000000142e+01
4.370000000000000284e+01
2.369999999999999929e+01
4.379999999999999716e+01
3.589999999999999858e+01
2.339999999999999858e+01
1.300000000000000000e+01
7.599999999999999645e+00
2.339999999999999858e+01
1.300000000000000000e+01
1.240000000000000036e+01
3.710000000000000142e+01
2.680000000000000071e+01
6.400000000000000355e+00
2.139999999999999858e+01
8.000000000000000000e+00
3.000000000000000000e+01
3.000000000000000000e+01
4.339999999999999858e+01
3.279999999999999716e+01
3.260000000000000142e+01
4.329999999999999716e+01
4.150000000000000000e+01
3.770000000000000284e+01
5.510000000000000142e+01
0.000000000000000000e+00
6.160000000000000142e+01
0.000000000000000000e+00
0.000000000000000000e+00
4.379999999999999716e+01
9.400000000000000355e+00
2.339999999999999858e+01
3.710000000000000142e+01
2.680000000000000071e+01
2.139999999999999858e+01
3.000000000000000000e+01
3.000000000000000000e+01
4.289999999999999858e+01
4.810000000000000142e+01
3.650000000000000000e+01
