3.370000000000000284e+01
1.269999999999999929e+01
5.689999999999999858e+01
2.160000000000000142e+01
2.010000000000000142e+01
1.900000000000000000e+01
1.450000000000000000e+01
4.120000000000000284e+01
4.700000000000000000e+01
2.089999999999999858e+01
4.339999999999999858e+01
2.500000000000000000e+01
3.889999999999999858e+01
3.610000000000000142e+01
3.820000000000000284e+01
9.699999999999999289e+00
7.799999999999999822e+00
2.500000000000000000e+01
3.889999999999999858e+01
3.610000000000000142e+01
3.820000000000000284e+01
7.799999999999999822e+00
2.719999999999999929e+01
3.610000000000000142e+01
3.429999999999999716e+01
4.239999999999999858e+01
1.100000000000000000e+01
0.000000000000000000e+00
0.000000000000000000e+00
0.000000000000000000e+00
9.000000000000000222e-01
0.000000000000000000e+00
0.000000000000000000e+00
0.000000000000000000e+00
0.000000000000000000e+00
4.000000000000000000e+00
0.000000000000000000e+00
0.000000000000000000e+00
0.000000000000000000e+00
0.000000000000000000e+00
0.000000000000000000e+00
0.000000000000000000e+00
0.000000000000000000e+00
1.100000000000000000e+01
1.090000000000000036e+01
3.119999999999999929e+01
5.460000000000000142e+01
2.810000000000000142e+01
3.610000000000000142e+01
2.210000000000000142e+01
3.450000000000000000e+01
3.820000000000000284e+01
1.440000000000000036e+01
2.169999999999999929e+01
3.470000000000000284e+01
3.210000000000000142e+01
2.860000000000000142e+01
4.870000000000000284e+01
2.819999999999999929e+01
3.039999999999999858e+01
