4.489999999999999858e+01
3.500000000000000000e+01
4.160000000000000142e+01
2.110000000000000142e+01
3.670000000000000284e+01
3.770000000000000284e+01
4.170000000000000284e+01
1.359999999999999964e+01
4.439999999999999858e+01
4.439999999999999858e+01
1.769999999999999929e+01
2.380000000000000071e+01
4.439999999999999858e+01
5.729999999999999716e+01
3.370000000000000284e+01
6.339999999999999858e+01
3.600000000000000000e+01
2.519999999999999929e+01
5.729999999999999716e+01
3.370000000000000284e+01
6.339999999999999858e+01
3.600000000000000000e+01
2.519999999999999929e+01
4.439999999999999858e+01
3.139999999999999858e+01
2.719999999999999929e+01
3.910000000000000142e+01
3.920000000000000284e+01
7.040000000000000568e+01
6.590000000000000568e+01
3.860000000000000142e+01
4.689999999999999858e+01
2.780000000000000071e+01
3.479999999999999716e+01
4.429999999999999716e+01
2.169999999999999929e+01
4.329999999999999716e+01
4.439999999999999858e+01
2.350000000000000000e+01
3.080000000000000071e+01
3.810000000000000142e+01
3.450000000000000000e+01
6.339999999999999858e+01
4.439999999999999858e+01
2.310000000000000142e+01
4.439999999999999858e+01
2.010000000000000142e+01
2.789999999999999858e+01
4.200000000000000000e+01
4.439999999999999858e+01
3.229999999999999716e+01
5.729999999999999716e+01
3.370000000000000284e+01
6.339999999999999858e+01
3.600000000000000000e+01
2.519999999999999929e+01
4.439999999999999858e+01
3.139999999999999858e+01
2.719999999999999929e+01
3.910000000000000142e+01
3.920000000000000284e+01
7.040000000000000568e+01
6.590000000000000568e+01
3.860000000000000142e+01
4.689999999999999858e+01
2.780000000000000071e+01
3.479999999999999716e+01
4.429999999999999716e+01
2.169999999999999929e+01
4.329999999999999716e+01
4.439999999999999858e+01
2.350000000000000000e+01
3.080000000000000071e+01
3.810000000000000142e+01
6.339999999999999858e+01
4.439999999999999858e+01
2.310000000000000142e+01
4.439999999999999858e+01
2.010000000000000142e+01
2.789999999999999858e+01
4.200000000000000000e+01
4.439999999999999858e+01
3.229999999999999716e+01
