4.050000000000000000e+01
5.300000000000000000e+01
1.590000000000000036e+01
3.550000000000000000e+01
3.560000000000000142e+01
1.860000000000000142e+01
4.120000000000000284e+01
4.120000000000000284e+01
4.189999999999999858e+01
2.739999999999999858e+01
3.870000000000000284e+01
3.229999999999999716e+01
4.339999999999999858e+01
3.770000000000000284e+01
3.770000000000000284e+01
2.730000000000000071e+01
2.930000000000000071e+01
3.300000000000000000e+01
2.839999999999999858e+01
3.929999999999999716e+01
2.580000000000000071e+01
3.939999999999999858e+01
2.810000000000000142e+01
4.420000000000000284e+01
3.920000000000000284e+01
3.410000000000000142e+01
6.339999999999999858e+01
4.720000000000000284e+01
3.060000000000000142e+01
2.580000000000000071e+01
2.000000000000000000e+01
5.370000000000000284e+01
4.200000000000000000e+01
3.689999999999999858e+01
2.739999999999999858e+01
3.779999999999999716e+01
3.700000000000000000e+01
2.760000000000000142e+01
3.800000000000000000e+01
3.910000000000000142e+01
3.939999999999999858e+01
3.700000000000000000e+01
3.870000000000000284e+01
4.329999999999999716e+01
3.639999999999999858e+01
4.120000000000000284e+01
4.189999999999999858e+01
2.739999999999999858e+01
3.870000000000000284e+01
3.229999999999999716e+01
4.339999999999999858e+01
3.770000000000000284e+01
3.770000000000000284e+01
2.730000000000000071e+01
2.930000000000000071e+01
3.300000000000000000e+01
2.839999999999999858e+01
3.929999999999999716e+01
2.580000000000000071e+01
3.939999999999999858e+01
2.810000000000000142e+01
4.420000000000000284e+01
3.920000000000000284e+01
3.410000000000000142e+01
6.339999999999999858e+01
4.720000000000000284e+01
3.060000000000000142e+01
2.580000000000000071e+01
2.000000000000000000e+01
5.370000000000000284e+01
4.200000000000000000e+01
3.689999999999999858e+01
2.739999999999999858e+01
3.779999999999999716e+01
3.700000000000000000e+01
3.800000000000000000e+01
3.910000000000000142e+01
3.939999999999999858e+01
3.700000000000000000e+01
3.870000000000000284e+01
4.329999999999999716e+01
3.639999999999999858e+01
