3.510000000000000142e+01
5.739999999999999858e+01
2.769999999999999929e+01
3.310000000000000142e+01
2.200000000000000000e+01
4.160000000000000142e+01
2.980000000000000071e+01
4.150000000000000000e+01
4.189999999999999858e+01
1.860000000000000142e+01
7.500000000000000000e+00
5.900000000000000355e+00
7.000000000000000000e+00
8.300000000000000711e+00
4.189999999999999858e+01
1.860000000000000142e+01
7.000000000000000000e+01
6.900000000000000355e+00
6.900000000000000355e+00
3.500000000000000000e+01
4.339999999999999858e+01
1.169999999999999929e+01
3.729999999999999716e+01
2.919999999999999929e+01
3.200000000000000000e+01
3.539999999999999858e+01
3.019999999999999929e+01
4.160000000000000142e+01
4.189999999999999858e+01
7.000000000000000000e+01
3.500000000000000000e+01
4.339999999999999858e+01
3.729999999999999716e+01
2.919999999999999929e+01
3.539999999999999858e+01
3.019999999999999929e+01
4.160000000000000142e+01
3.489999999999999858e+01
3.050000000000000000e+01
3.010000000000000142e+01
3.260000000000000142e+01
3.960000000000000142e+01
2.219999999999999929e+01
3.920000000000000284e+01
2.350000000000000000e+01
1.860000000000000142e+01
1.169999999999999929e+01
3.489999999999999858e+01
3.050000000000000000e+01
3.010000000000000142e+01
1.530000000000000071e+01
3.260000000000000142e+01
3.960000000000000142e+01
2.219999999999999929e+01
3.920000000000000284e+01
2.350000000000000000e+01
4.070000000000000284e+01
