4.000000000000000000e+01
5.989999999999999858e+01
4.810000000000000142e+01
3.829999999999999716e+01
1.969999999999999929e+01
4.800000000000000000e+01
4.579999999999999716e+01
4.160000000000000142e+01
2.100000000000000000e+01
1.540000000000000036e+01
4.310000000000000142e+01
2.489999999999999858e+01
2.989999999999999858e+01
4.089999999999999858e+01
4.050000000000000000e+01
3.229999999999999716e+01
3.729999999999999716e+01
2.850000000000000000e+01
5.599999999999999645e+00
9.199999999999999289e+00
2.989999999999999858e+01
4.089999999999999858e+01
4.050000000000000000e+01
3.229999999999999716e+01
3.729999999999999716e+01
2.850000000000000000e+01
1.109999999999999964e+01
8.599999999999999645e+00
7.500000000000000000e+00
3.370000000000000284e+01
1.869999999999999929e+01
5.500000000000000000e+01
2.110000000000000142e+01
2.250000000000000000e+01
2.750000000000000000e+01
4.660000000000000142e+01
8.199999999999999289e+00
4.220000000000000284e+01
3.920000000000000284e+01
2.989999999999999858e+01
4.089999999999999858e+01
4.050000000000000000e+01
3.229999999999999716e+01
3.729999999999999716e+01
2.850000000000000000e+01
3.370000000000000284e+01
5.500000000000000000e+01
2.110000000000000142e+01
2.250000000000000000e+01
2.750000000000000000e+01
4.660000000000000142e+01
4.220000000000000284e+01
3.920000000000000284e+01
5.320000000000000284e+01
2.569999999999999929e+01
2.400000000000000000e+01
3.200000000000000000e+01
3.520000000000000284e+01
4.120000000000000284e+01
3.110000000000000142e+01
5.320000000000000284e+01
4.510000000000000142e+01
1.109999999999999964e+01
1.869999999999999929e+01
2.400000000000000000e+01
3.200000000000000000e+01
3.520000000000000284e+01
4.120000000000000284e+01
3.110000000000000142e+01
5.320000000000000284e+01
1.269999999999999929e+01
4.510000000000000142e+01
2.160000000000000142e+01
3.900000000000000000e+01
3.579999999999999716e+01
1.880000000000000071e+01
3.520000000000000284e+01
