5.429999999999999716e+01
1.960000000000000142e+01
3.089999999999999858e+01
3.529999999999999716e+01
3.710000000000000142e+01
3.270000000000000284e+01
4.360000000000000142e+01
3.250000000000000000e+01
4.170000000000000284e+01
2.219999999999999929e+01
2.380000000000000071e+01
3.489999999999999858e+01
2.189999999999999858e+01
2.119999999999999929e+01
3.670000000000000284e+01
3.950000000000000000e+01
2.069999999999999929e+01
6.929999999999999716e+01
6.400000000000000355e+00
9.599999999999999645e+00
8.900000000000000355e+00
5.200000000000000178e+00
2.069999999999999929e+01
6.929999999999999716e+01
3.350000000000000000e+01
4.100000000000000000e+01
8.199999999999999289e+00
4.170000000000000284e+01
3.250000000000000000e+01
4.039999999999999858e+01
2.750000000000000000e+01
1.950000000000000000e+01
5.379999999999999716e+01
4.920000000000000284e+01
9.070000000000000284e+01
2.310000000000000142e+01
3.189999999999999858e+01
2.069999999999999929e+01
6.929999999999999716e+01
3.350000000000000000e+01
4.100000000000000000e+01
4.170000000000000284e+01
3.250000000000000000e+01
4.039999999999999858e+01
2.750000000000000000e+01
5.379999999999999716e+01
4.920000000000000284e+01
9.070000000000000284e+01
2.310000000000000142e+01
2.850000000000000000e+01
4.689999999999999858e+01
4.450000000000000000e+01
2.550000000000000000e+01
3.670000000000000284e+01
2.839999999999999858e+01
4.379999999999999716e+01
3.370000000000000284e+01
2.400000000000000000e+01
3.379999999999999716e+01
4.920000000000000284e+01
4.489999999999999858e+01
