3.960000000000000142e+01
3.660000000000000142e+01
2.760000000000000142e+01
3.400000000000000000e+01
4.370000000000000284e+01
2.550000000000000000e+01
3.019999999999999929e+01
4.750000000000000000e+01
3.810000000000000142e+01
4.670000000000000284e+01
2.860000000000000142e+01
4.870000000000000284e+01
2.400000000000000000e+01
4.320000000000000284e+01
3.360000000000000142e+01
6.400000000000000355e+00
7.599999999999999645e+00
9.099999999999999645e+00
7.599999999999999645e+00
6.799999999999999822e+00
4.750000000000000000e+01
3.810000000000000142e+01
4.670000000000000284e+01
2.860000000000000142e+01
4.870000000000000284e+01
2.400000000000000000e+01
4.320000000000000284e+01
3.360000000000000142e+01
3.089999999999999858e+01
3.489999999999999858e+01
1.069999999999999929e+01
1.860000000000000142e+01
3.700000000000000000e+01
0.000000000000000000e+00
0.000000000000000000e+00
0.000000000000000000e+00
0.000000000000000000e+00
0.000000000000000000e+00
0.000000000000000000e+00
0.000000000000000000e+00
0.000000000000000000e+00
0.000000000000000000e+00
3.119999999999999929e+01
4.300000000000000000e+01
3.019999999999999929e+01
3.489999999999999858e+01
6.170000000000000284e+01
3.610000000000000142e+01
3.650000000000000000e+01
3.610000000000000142e+01
4.220000000000000284e+01
3.739999999999999858e+01
