2.760000000000000142e+01
4.179999999999999716e+01
3.960000000000000142e+01
1.009999999999999964e+01
4.529999999999999716e+01
1.080000000000000071e+01
3.250000000000000000e+01
2.400000000000000000e+01
8.500000000000000000e+00
8.000000000000000000e+00
3.250000000000000000e+01
8.699999999999999289e+00
2.400000000000000000e+01
8.300000000000000711e+00
3.000000000000000000e+01
4.700000000000000000e+01
2.319999999999999929e+01
1.969999999999999929e+01
2.480000000000000071e+01
2.719999999999999929e+01
5.299999999999999822e+00
3.000000000000000000e+01
3.060000000000000142e+01
3.000000000000000000e+01
3.060000000000000142e+01
7.109999999999999432e+01
2.739999999999999858e+01
2.600000000000000000e+01
4.450000000000000000e+01
5.510000000000000142e+01
5.760000000000000142e+01
3.000000000000000000e+01
3.960000000000000142e+01
2.630000000000000071e+01
4.639999999999999858e+01
2.389999999999999858e+01
4.610000000000000142e+01
2.660000000000000142e+01
4.200000000000000000e+01
3.960000000000000142e+01
2.630000000000000071e+01
4.639999999999999858e+01
2.389999999999999858e+01
4.610000000000000142e+01
2.660000000000000142e+01
4.200000000000000000e+01
3.529999999999999716e+01
2.130000000000000071e+01
3.010000000000000142e+01
3.050000000000000000e+01
