4.289999999999999858e+01
4.389999999999999858e+01
2.600000000000000000e+01
3.060000000000000142e+01
3.160000000000000142e+01
3.160000000000000142e+01
3.030000000000000071e+01
2.900000000000000000e+01
6.170000000000000284e+01
3.589999999999999858e+01
3.160000000000000142e+01
3.030000000000000071e+01
7.890000000000000568e+01
2.130000000000000071e+01
2.950000000000000000e+01
3.550000000000000000e+01
2.480000000000000071e+01
4.550000000000000000e+01
2.230000000000000071e+01
6.239999999999999858e+01
2.569999999999999929e+01
