2.610000000000000142e+01
2.700000000000000000e+01
2.760000000000000142e+01
3.450000000000000000e+01
1.739999999999999858e+01
4.220000000000000284e+01
3.439999999999999858e+01
2.000000000000000000e+01
3.500000000000000000e+01
2.750000000000000000e+01
8.599999999999999645e+00
5.200000000000000178e+00
8.300000000000000711e+00
8.099999999999999645e+00
3.500000000000000000e+01
2.750000000000000000e+01
1.930000000000000071e+01
9.000000000000000000e+00
3.470000000000000284e+01
4.089999999999999858e+01
4.100000000000000000e+01
8.900000000000000355e+00
2.610000000000000142e+01
1.860000000000000142e+01
2.200000000000000000e+01
4.329999999999999716e+01
7.700000000000000178e+00
3.920000000000000284e+01
2.160000000000000142e+01
4.029999999999999716e+01
2.060000000000000142e+01
2.400000000000000000e+01
3.500000000000000000e+01
2.750000000000000000e+01
3.470000000000000284e+01
4.089999999999999858e+01
4.100000000000000000e+01
2.610000000000000142e+01
2.200000000000000000e+01
4.329999999999999716e+01
3.920000000000000284e+01
2.160000000000000142e+01
4.029999999999999716e+01
2.060000000000000142e+01
2.400000000000000000e+01
4.010000000000000142e+01
5.210000000000000142e+01
4.050000000000000000e+01
2.619999999999999929e+01
1.930000000000000071e+01
1.860000000000000142e+01
4.010000000000000142e+01
5.210000000000000142e+01
4.050000000000000000e+01
2.619999999999999929e+01
3.060000000000000142e+01
2.980000000000000071e+01
2.089999999999999858e+01
3.829999999999999716e+01
4.120000000000000284e+01
3.060000000000000142e+01
2.750000000000000000e+01
3.019999999999999929e+01
