3.539999999999999858e+01
3.200000000000000000e+01
3.119999999999999929e+01
2.139999999999999858e+01
3.470000000000000284e+01
1.450000000000000000e+01
2.810000000000000142e+01
5.550000000000000000e+01
4.170000000000000284e+01
2.160000000000000142e+01
1.440000000000000036e+01
2.019999999999999929e+01
2.189999999999999858e+01
8.300000000000000711e+00
6.400000000000000355e+00
8.099999999999999645e+00
8.300000000000000711e+00
6.099999999999999645e+00
7.599999999999999645e+00
2.160000000000000142e+01
1.440000000000000036e+01
2.019999999999999929e+01
2.189999999999999858e+01
3.080000000000000071e+01
4.570000000000000284e+01
2.219999999999999929e+01
4.189999999999999858e+01
4.289999999999999858e+01
2.750000000000000000e+01
1.880000000000000071e+01
3.239999999999999858e+01
3.000000000000000000e+01
9.099999999999999645e+00
3.239999999999999858e+01
1.069999999999999929e+01
2.339999999999999858e+01
1.750000000000000000e+01
3.710000000000000142e+01
4.450000000000000000e+01
2.160000000000000142e+01
2.019999999999999929e+01
2.189999999999999858e+01
3.080000000000000071e+01
4.570000000000000284e+01
2.219999999999999929e+01
4.189999999999999858e+01
4.289999999999999858e+01
2.750000000000000000e+01
3.239999999999999858e+01
3.000000000000000000e+01
3.239999999999999858e+01
2.339999999999999858e+01
3.710000000000000142e+01
4.450000000000000000e+01
3.389999999999999858e+01
3.110000000000000142e+01
4.779999999999999716e+01
4.000000000000000000e+01
2.189999999999999858e+01
3.160000000000000142e+01
3.450000000000000000e+01
5.720000000000000284e+01
3.750000000000000000e+01
3.650000000000000000e+01
