1.559999999999999964e+01
4.160000000000000142e+01
2.960000000000000142e+01
1.810000000000000142e+01
2.410000000000000142e+01
2.850000000000000000e+01
3.820000000000000284e+01
3.279999999999999716e+01
3.589999999999999858e+01
3.879999999999999716e+01
2.519999999999999929e+01
5.429999999999999716e+01
2.580000000000000071e+01
4.129999999999999716e+01
4.439999999999999858e+01
3.450000000000000000e+01
3.650000000000000000e+01
3.860000000000000142e+01
3.060000000000000142e+01
4.110000000000000142e+01
4.529999999999999716e+01
