3.660000000000000142e+01
1.500000000000000000e+01
2.550000000000000000e+01
1.810000000000000142e+01
3.069999999999999929e+01
2.410000000000000142e+01
4.450000000000000000e+01
5.720000000000000284e+01
1.269999999999999929e+01
2.100000000000000000e+01
3.679999999999999716e+01
1.910000000000000142e+01
4.000000000000000000e+01
3.860000000000000142e+01
2.969999999999999929e+01
1.180000000000000071e+01
3.570000000000000284e+01
3.960000000000000142e+01
4.150000000000000000e+01
2.969999999999999929e+01
3.920000000000000284e+01
5.889999999999999858e+01
4.510000000000000142e+01
4.150000000000000000e+01
2.969999999999999929e+01
3.920000000000000284e+01
5.889999999999999858e+01
4.510000000000000142e+01
3.200000000000000000e+01
3.789999999999999858e+01
2.839999999999999858e+01
5.310000000000000142e+01
2.500000000000000000e+01
2.760000000000000142e+01
2.810000000000000142e+01
4.700000000000000000e+01
6.370000000000000284e+01
4.179999999999999716e+01
4.470000000000000284e+01
2.969999999999999929e+01
3.210000000000000142e+01
3.739999999999999858e+01
2.210000000000000142e+01
3.560000000000000142e+01
2.969999999999999929e+01
4.110000000000000142e+01
3.139999999999999858e+01
4.570000000000000284e+01
5.139999999999999858e+01
2.210000000000000142e+01
4.489999999999999858e+01
2.350000000000000000e+01
3.670000000000000284e+01
0.000000000000000000e+00
0.000000000000000000e+00
0.000000000000000000e+00
0.000000000000000000e+00
0.000000000000000000e+00
1.530000000000000071e+01
6.400000000000000355e+00
2.989999999999999858e+01
4.450000000000000000e+01
0.000000000000000000e+00
0.000000000000000000e+00
0.000000000000000000e+00
0.000000000000000000e+00
4.050000000000000000e+01
4.450000000000000000e+01
1.230000000000000071e+01
3.089999999999999858e+01
0.000000000000000000e+00
0.000000000000000000e+00
