2.800000000000000000e+01
1.819999999999999929e+01
1.419999999999999929e+01
3.800000000000000000e+01
1.169999999999999929e+01
3.260000000000000142e+01
2.419999999999999929e+01
1.300000000000000000e+01
2.419999999999999929e+01
3.130000000000000071e+01
1.209999999999999964e+01
2.460000000000000142e+01
5.139999999999999858e+01
4.079999999999999716e+01
2.330000000000000071e+01
3.820000000000000284e+01
8.800000000000000711e+00
6.900000000000000355e+00
4.079999999999999716e+01
2.330000000000000071e+01
3.820000000000000284e+01
5.220000000000000284e+01
4.170000000000000284e+01
3.729999999999999716e+01
1.009999999999999964e+01
3.650000000000000000e+01
3.429999999999999716e+01
9.800000000000000711e+00
1.509999999999999964e+01
1.300000000000000000e+01
2.300000000000000000e+01
1.689999999999999858e+01
4.600000000000000000e+01
3.610000000000000142e+01
3.729999999999999716e+01
5.200000000000000178e+00
1.050000000000000000e+01
4.500000000000000000e+01
3.429999999999999716e+01
3.860000000000000142e+01
3.960000000000000142e+01
4.429999999999999716e+01
5.900000000000000355e+00
9.300000000000000711e+00
4.079999999999999716e+01
2.330000000000000071e+01
3.820000000000000284e+01
5.220000000000000284e+01
4.170000000000000284e+01
3.729999999999999716e+01
3.650000000000000000e+01
3.429999999999999716e+01
2.300000000000000000e+01
4.600000000000000000e+01
3.610000000000000142e+01
3.729999999999999716e+01
4.500000000000000000e+01
3.429999999999999716e+01
3.860000000000000142e+01
3.960000000000000142e+01
4.429999999999999716e+01
3.429999999999999716e+01
4.410000000000000142e+01
2.619999999999999929e+01
5.929999999999999716e+01
3.460000000000000142e+01
3.910000000000000142e+01
3.489999999999999858e+01
4.110000000000000142e+01
2.850000000000000000e+01
4.410000000000000142e+01
3.139999999999999858e+01
2.439999999999999858e+01
3.260000000000000142e+01
2.389999999999999858e+01
1.009999999999999964e+01
1.509999999999999964e+01
1.300000000000000000e+01
1.689999999999999858e+01
1.050000000000000000e+01
1.150000000000000000e+01
4.410000000000000142e+01
2.619999999999999929e+01
5.929999999999999716e+01
3.460000000000000142e+01
1.960000000000000142e+01
3.910000000000000142e+01
3.489999999999999858e+01
4.110000000000000142e+01
2.850000000000000000e+01
4.410000000000000142e+01
3.139999999999999858e+01
2.439999999999999858e+01
1.739999999999999858e+01
3.260000000000000142e+01
1.290000000000000036e+01
2.389999999999999858e+01
1.810000000000000142e+01
3.010000000000000142e+01
4.539999999999999858e+01
2.280000000000000071e+01
3.810000000000000142e+01
2.950000000000000000e+01
3.760000000000000142e+01
2.419999999999999929e+01
3.019999999999999929e+01
4.100000000000000000e+01
5.900000000000000000e+01
