4.010000000000000142e+01
2.069999999999999929e+01
2.019999999999999929e+01
4.070000000000000284e+01
1.319999999999999929e+01
3.119999999999999929e+01
5.310000000000000142e+01
3.870000000000000284e+01
2.269999999999999929e+01
4.160000000000000142e+01
3.720000000000000284e+01
1.390000000000000036e+01
2.850000000000000000e+01
3.520000000000000284e+01
2.850000000000000000e+01
7.200000000000000178e+00
2.850000000000000000e+01
3.520000000000000284e+01
2.850000000000000000e+01
5.099999999999999645e+00
3.539999999999999858e+01
3.779999999999999716e+01
4.089999999999999858e+01
7.000000000000000000e+00
3.960000000000000142e+01
1.000000000000000000e+01
5.400000000000000355e+00
4.310000000000000142e+01
3.520000000000000284e+01
6.050000000000000000e+01
8.000000000000000000e+00
4.160000000000000142e+01
3.200000000000000000e+01
3.220000000000000284e+01
2.850000000000000000e+01
3.520000000000000284e+01
2.850000000000000000e+01
3.539999999999999858e+01
3.779999999999999716e+01
4.089999999999999858e+01
3.960000000000000142e+01
4.310000000000000142e+01
3.520000000000000284e+01
6.050000000000000000e+01
4.160000000000000142e+01
3.200000000000000000e+01
3.220000000000000284e+01
3.879999999999999716e+01
3.520000000000000284e+01
2.850000000000000000e+01
4.200000000000000000e+01
2.569999999999999929e+01
2.450000000000000000e+01
3.030000000000000071e+01
3.670000000000000284e+01
6.820000000000000284e+01
4.160000000000000142e+01
2.889999999999999858e+01
4.800000000000000000e+01
1.000000000000000000e+01
1.780000000000000071e+01
4.200000000000000000e+01
2.569999999999999929e+01
2.450000000000000000e+01
1.300000000000000000e+01
3.030000000000000071e+01
3.670000000000000284e+01
6.820000000000000284e+01
4.160000000000000142e+01
2.889999999999999858e+01
4.800000000000000000e+01
2.550000000000000000e+01
4.050000000000000000e+01
3.239999999999999858e+01
2.739999999999999858e+01
1.889999999999999858e+01
2.850000000000000000e+01
1.350000000000000000e+01
3.339999999999999858e+01
3.520000000000000284e+01
2.850000000000000000e+01
