3.169999999999999929e+01
3.839999999999999858e+01
2.980000000000000071e+01
3.689999999999999858e+01
4.560000000000000142e+01
3.960000000000000142e+01
1.600000000000000000e+01
5.360000000000000142e+01
4.160000000000000142e+01
2.739999999999999858e+01
2.710000000000000142e+01
3.119999999999999929e+01
1.739999999999999858e+01
2.689999999999999858e+01
2.460000000000000142e+01
1.719999999999999929e+01
4.210000000000000142e+01
3.039999999999999858e+01
8.699999999999999289e+00
6.000000000000000000e+00
5.700000000000000178e+00
1.719999999999999929e+01
4.210000000000000142e+01
3.039999999999999858e+01
5.099999999999999645e+00
2.780000000000000071e+01
3.989999999999999858e+01
2.910000000000000142e+01
1.960000000000000142e+01
2.780000000000000071e+01
3.870000000000000284e+01
2.739999999999999858e+01
5.320000000000000284e+01
6.099999999999999645e+00
5.500000000000000000e+01
1.730000000000000071e+01
3.000000000000000000e+01
2.889999999999999858e+01
8.000000000000000000e+00
3.000000000000000000e+01
3.770000000000000284e+01
3.470000000000000284e+01
4.210000000000000142e+01
3.039999999999999858e+01
2.780000000000000071e+01
3.989999999999999858e+01
2.910000000000000142e+01
2.780000000000000071e+01
3.870000000000000284e+01
2.739999999999999858e+01
5.320000000000000284e+01
5.500000000000000000e+01
3.000000000000000000e+01
2.889999999999999858e+01
3.000000000000000000e+01
3.770000000000000284e+01
3.470000000000000284e+01
2.719999999999999929e+01
4.179999999999999716e+01
2.239999999999999858e+01
4.060000000000000142e+01
2.750000000000000000e+01
3.160000000000000142e+01
3.160000000000000142e+01
1.719999999999999929e+01
1.960000000000000142e+01
1.730000000000000071e+01
2.719999999999999929e+01
4.179999999999999716e+01
2.239999999999999858e+01
4.060000000000000142e+01
2.750000000000000000e+01
1.950000000000000000e+01
3.160000000000000142e+01
3.160000000000000142e+01
1.730000000000000071e+01
3.000000000000000000e+01
4.379999999999999716e+01
4.579999999999999716e+01
