1.409999999999999964e+01
3.550000000000000000e+01
4.300000000000000000e+01
2.250000000000000000e+01
3.870000000000000284e+01
3.879999999999999716e+01
2.760000000000000142e+01
2.660000000000000142e+01
1.180000000000000071e+01
1.259999999999999964e+01
3.800000000000000000e+01
3.629999999999999716e+01
3.760000000000000142e+01
4.370000000000000284e+01
3.310000000000000142e+01
1.860000000000000142e+01
1.830000000000000071e+01
3.710000000000000142e+01
3.710000000000000142e+01
2.030000000000000071e+01
2.139999999999999858e+01
3.350000000000000000e+01
3.789999999999999858e+01
2.119999999999999929e+01
3.189999999999999858e+01
2.450000000000000000e+01
3.760000000000000142e+01
2.689999999999999858e+01
3.260000000000000142e+01
7.540000000000000568e+01
3.019999999999999929e+01
3.110000000000000142e+01
4.089999999999999858e+01
3.570000000000000284e+01
6.050000000000000000e+01
3.550000000000000000e+01
4.639999999999999858e+01
2.219999999999999929e+01
2.310000000000000142e+01
3.920000000000000284e+01
2.210000000000000142e+01
3.289999999999999858e+01
3.950000000000000000e+01
2.250000000000000000e+01
2.569999999999999929e+01
4.329999999999999716e+01
4.889999999999999858e+01
3.700000000000000000e+01
3.220000000000000284e+01
4.529999999999999716e+01
3.460000000000000142e+01
2.980000000000000071e+01
6.400000000000000000e+01
3.060000000000000142e+01
3.019999999999999929e+01
2.800000000000000000e+01
4.279999999999999716e+01
5.989999999999999858e+01
3.989999999999999858e+01
3.860000000000000142e+01
3.550000000000000000e+01
3.710000000000000142e+01
2.030000000000000071e+01
2.139999999999999858e+01
3.350000000000000000e+01
3.789999999999999858e+01
2.119999999999999929e+01
3.189999999999999858e+01
2.450000000000000000e+01
3.760000000000000142e+01
2.689999999999999858e+01
3.260000000000000142e+01
7.540000000000000568e+01
3.019999999999999929e+01
3.110000000000000142e+01
4.089999999999999858e+01
3.570000000000000284e+01
6.050000000000000000e+01
3.550000000000000000e+01
4.639999999999999858e+01
2.219999999999999929e+01
2.310000000000000142e+01
3.920000000000000284e+01
2.210000000000000142e+01
3.289999999999999858e+01
3.950000000000000000e+01
2.250000000000000000e+01
2.569999999999999929e+01
4.329999999999999716e+01
4.889999999999999858e+01
3.700000000000000000e+01
3.220000000000000284e+01
4.529999999999999716e+01
3.460000000000000142e+01
2.980000000000000071e+01
6.400000000000000000e+01
3.060000000000000142e+01
3.019999999999999929e+01
2.800000000000000000e+01
4.279999999999999716e+01
5.989999999999999858e+01
3.989999999999999858e+01
3.860000000000000142e+01
3.550000000000000000e+01
