4.160000000000000142e+01
3.779999999999999716e+01
4.039999999999999858e+01
2.460000000000000142e+01
3.889999999999999858e+01
2.530000000000000071e+01
2.630000000000000071e+01
1.319999999999999929e+01
2.530000000000000071e+01
2.630000000000000071e+01
3.239999999999999858e+01
2.980000000000000071e+01
3.160000000000000142e+01
3.879999999999999716e+01
3.039999999999999858e+01
3.370000000000000284e+01
4.450000000000000000e+01
2.380000000000000071e+01
6.060000000000000142e+01
2.980000000000000071e+01
3.870000000000000284e+01
2.410000000000000142e+01
4.189999999999999858e+01
3.860000000000000142e+01
2.860000000000000142e+01
3.760000000000000142e+01
4.189999999999999858e+01
2.980000000000000071e+01
2.980000000000000071e+01
6.339999999999999858e+01
3.750000000000000000e+01
3.250000000000000000e+01
3.329999999999999716e+01
2.989999999999999858e+01
5.810000000000000142e+01
3.810000000000000142e+01
2.810000000000000142e+01
3.720000000000000284e+01
3.010000000000000142e+01
3.929999999999999716e+01
3.720000000000000284e+01
2.380000000000000071e+01
4.000000000000000000e+01
2.489999999999999858e+01
2.739999999999999858e+01
4.389999999999999858e+01
3.760000000000000142e+01
4.370000000000000284e+01
2.189999999999999858e+01
3.189999999999999858e+01
3.450000000000000000e+01
2.530000000000000071e+01
2.630000000000000071e+01
3.239999999999999858e+01
2.980000000000000071e+01
3.160000000000000142e+01
3.879999999999999716e+01
3.039999999999999858e+01
3.370000000000000284e+01
4.450000000000000000e+01
2.380000000000000071e+01
6.060000000000000142e+01
2.980000000000000071e+01
3.870000000000000284e+01
2.410000000000000142e+01
4.189999999999999858e+01
3.860000000000000142e+01
2.860000000000000142e+01
3.760000000000000142e+01
4.189999999999999858e+01
2.980000000000000071e+01
2.980000000000000071e+01
6.339999999999999858e+01
3.750000000000000000e+01
3.250000000000000000e+01
3.329999999999999716e+01
2.989999999999999858e+01
5.810000000000000142e+01
3.810000000000000142e+01
2.810000000000000142e+01
3.720000000000000284e+01
3.010000000000000142e+01
3.929999999999999716e+01
3.720000000000000284e+01
2.380000000000000071e+01
4.000000000000000000e+01
2.489999999999999858e+01
2.739999999999999858e+01
4.389999999999999858e+01
3.760000000000000142e+01
4.370000000000000284e+01
2.189999999999999858e+01
3.189999999999999858e+01
3.450000000000000000e+01
