6.300000000000000000e+01
4.370000000000000284e+01
2.100000000000000000e+01
2.700000000000000000e+01
3.939999999999999858e+01
2.650000000000000000e+01
3.000000000000000000e+01
3.229999999999999716e+01
3.650000000000000000e+01
3.979999999999999716e+01
6.620000000000000284e+01
2.769999999999999929e+01
6.360000000000000142e+01
6.050000000000000000e+01
3.620000000000000284e+01
3.350000000000000000e+01
4.710000000000000142e+01
4.700000000000000000e+01
1.290000000000000036e+01
2.819999999999999929e+01
6.160000000000000142e+01
1.219999999999999929e+01
2.210000000000000142e+01
8.490000000000000568e+01
1.369999999999999929e+01
3.650000000000000000e+01
8.570000000000000284e+01
2.889999999999999858e+01
7.859999999999999432e+01
3.579999999999999716e+01
3.760000000000000142e+01
8.220000000000000284e+01
