3.539999999999999858e+01
6.060000000000000142e+01
4.210000000000000142e+01
3.139999999999999858e+01
3.139999999999999858e+01
3.000000000000000000e+01
1.810000000000000142e+01
3.579999999999999716e+01
3.000000000000000000e+01
3.579999999999999716e+01
3.789999999999999858e+01
2.500000000000000000e+01
4.510000000000000142e+01
3.610000000000000142e+01
2.719999999999999929e+01
3.570000000000000284e+01
5.339999999999999858e+01
3.739999999999999858e+01
2.630000000000000071e+01
4.170000000000000284e+01
3.720000000000000284e+01
3.639999999999999858e+01
3.110000000000000142e+01
2.630000000000000071e+01
4.070000000000000284e+01
4.329999999999999716e+01
2.380000000000000071e+01
0.000000000000000000e+00
0.000000000000000000e+00
0.000000000000000000e+00
2.450000000000000000e+01
0.000000000000000000e+00
0.000000000000000000e+00
3.810000000000000142e+01
3.110000000000000142e+01
0.000000000000000000e+00
6.360000000000000142e+01
0.000000000000000000e+00
0.000000000000000000e+00
0.000000000000000000e+00
5.299999999999999822e+00
0.000000000000000000e+00
