1.109999999999999964e+01
2.819999999999999929e+01
3.370000000000000284e+01
4.520000000000000284e+01
5.310000000000000142e+01
3.910000000000000142e+01
3.089999999999999858e+01
3.629999999999999716e+01
2.430000000000000071e+01
3.289999999999999858e+01
1.459999999999999964e+01
1.040000000000000036e+01
1.780000000000000071e+01
4.570000000000000284e+01
4.320000000000000284e+01
3.770000000000000284e+01
7.790000000000000568e+01
2.239999999999999858e+01
7.790000000000000568e+01
2.239999999999999858e+01
3.739999999999999858e+01
3.360000000000000142e+01
2.969999999999999929e+01
3.689999999999999858e+01
4.020000000000000284e+01
3.979999999999999716e+01
3.300000000000000000e+01
4.170000000000000284e+01
2.300000000000000000e+01
4.810000000000000142e+01
3.239999999999999858e+01
2.250000000000000000e+01
2.410000000000000142e+01
2.950000000000000000e+01
3.189999999999999858e+01
2.369999999999999929e+01
4.170000000000000284e+01
5.000000000000000000e+01
3.000000000000000000e+01
4.660000000000000142e+01
3.300000000000000000e+01
2.719999999999999929e+01
3.629999999999999716e+01
3.250000000000000000e+01
2.380000000000000071e+01
5.310000000000000142e+01
3.600000000000000000e+01
2.910000000000000142e+01
3.810000000000000142e+01
6.039999999999999858e+01
3.670000000000000284e+01
3.310000000000000142e+01
3.739999999999999858e+01
3.529999999999999716e+01
0.000000000000000000e+00
1.090000000000000036e+01
3.300000000000000000e+01
3.260000000000000142e+01
3.289999999999999858e+01
0.000000000000000000e+00
1.500000000000000000e+00
0.000000000000000000e+00
4.089999999999999858e+01
0.000000000000000000e+00
0.000000000000000000e+00
1.100000000000000089e+00
0.000000000000000000e+00
2.230000000000000071e+01
