3.019999999999999929e+01
3.839999999999999858e+01
3.750000000000000000e+01
3.220000000000000284e+01
3.119999999999999929e+01
1.040000000000000036e+01
4.060000000000000142e+01
3.660000000000000142e+01
2.389999999999999858e+01
2.819999999999999929e+01
5.229999999999999716e+01
2.789999999999999858e+01
2.510000000000000142e+01
2.789999999999999858e+01
2.510000000000000142e+01
3.739999999999999858e+01
2.680000000000000071e+01
2.939999999999999858e+01
2.750000000000000000e+01
2.789999999999999858e+01
2.580000000000000071e+01
5.339999999999999858e+01
2.210000000000000142e+01
2.469999999999999929e+01
2.939999999999999858e+01
4.450000000000000000e+01
3.670000000000000284e+01
5.729999999999999716e+01
7.259999999999999432e+01
5.000000000000000000e+01
3.000000000000000000e+01
3.410000000000000142e+01
4.660000000000000142e+01
3.670000000000000284e+01
3.250000000000000000e+01
5.500000000000000000e+01
2.760000000000000142e+01
3.339999999999999858e+01
2.789999999999999858e+01
2.510000000000000142e+01
3.739999999999999858e+01
2.680000000000000071e+01
2.939999999999999858e+01
2.750000000000000000e+01
2.789999999999999858e+01
2.580000000000000071e+01
5.339999999999999858e+01
2.210000000000000142e+01
2.469999999999999929e+01
2.939999999999999858e+01
4.450000000000000000e+01
3.670000000000000284e+01
5.729999999999999716e+01
7.259999999999999432e+01
5.000000000000000000e+01
3.000000000000000000e+01
3.410000000000000142e+01
4.660000000000000142e+01
3.670000000000000284e+01
3.250000000000000000e+01
5.500000000000000000e+01
2.760000000000000142e+01
3.339999999999999858e+01
5.960000000000000142e+01
