2.860000000000000142e+01
3.050000000000000000e+01
2.950000000000000000e+01
2.089999999999999858e+01
4.260000000000000142e+01
1.839999999999999858e+01
4.179999999999999716e+01
8.000000000000000000e+00
8.199999999999999289e+00
7.700000000000000178e+00
7.299999999999999822e+00
8.000000000000000000e+00
1.839999999999999858e+01
4.179999999999999716e+01
4.160000000000000142e+01
4.510000000000000142e+01
1.480000000000000071e+01
0.000000000000000000e+00
0.000000000000000000e+00
0.000000000000000000e+00
0.000000000000000000e+00
0.000000000000000000e+00
0.000000000000000000e+00
0.000000000000000000e+00
3.579999999999999716e+01
3.329999999999999716e+01
3.920000000000000284e+01
1.140000000000000036e+01
2.619999999999999929e+01
3.979999999999999716e+01
3.030000000000000071e+01
4.620000000000000284e+01
3.920000000000000284e+01
4.370000000000000284e+01
3.360000000000000142e+01
2.860000000000000142e+01
3.629999999999999716e+01
