5.300000000000000000e+01
2.430000000000000071e+01
4.170000000000000284e+01
3.760000000000000142e+01
2.110000000000000142e+01
2.800000000000000000e+01
3.820000000000000284e+01
3.429999999999999716e+01
5.329999999999999716e+01
6.350000000000000000e+01
1.150000000000000000e+01
2.469999999999999929e+01
1.689999999999999858e+01
3.660000000000000142e+01
1.530000000000000071e+01
3.650000000000000000e+01
1.910000000000000142e+01
3.289999999999999858e+01
4.510000000000000142e+01
3.650000000000000000e+01
3.289999999999999858e+01
4.510000000000000142e+01
3.100000000000000000e+01
4.329999999999999716e+01
3.579999999999999716e+01
4.550000000000000000e+01
3.789999999999999858e+01
3.279999999999999716e+01
4.270000000000000284e+01
5.979999999999999716e+01
3.939999999999999858e+01
3.679999999999999716e+01
3.110000000000000142e+01
3.929999999999999716e+01
2.450000000000000000e+01
2.580000000000000071e+01
2.819999999999999929e+01
3.130000000000000071e+01
5.339999999999999858e+01
2.389999999999999858e+01
3.210000000000000142e+01
3.929999999999999716e+01
4.439999999999999858e+01
0.000000000000000000e+00
0.000000000000000000e+00
3.239999999999999858e+01
0.000000000000000000e+00
0.000000000000000000e+00
2.660000000000000142e+01
0.000000000000000000e+00
0.000000000000000000e+00
0.000000000000000000e+00
0.000000000000000000e+00
3.529999999999999716e+01
5.529999999999999716e+01
2.819999999999999929e+01
3.130000000000000071e+01
5.339999999999999858e+01
2.389999999999999858e+01
3.210000000000000142e+01
3.929999999999999716e+01
