2.360000000000000142e+01
8.520000000000000284e+01
1.700000000000000000e+01
3.010000000000000142e+01
2.039999999999999858e+01
3.260000000000000142e+01
1.530000000000000071e+01
2.039999999999999858e+01
3.260000000000000142e+01
3.789999999999999858e+01
4.350000000000000000e+01
3.779999999999999716e+01
3.089999999999999858e+01
6.070000000000000284e+01
2.600000000000000000e+01
2.169999999999999929e+01
2.010000000000000142e+01
2.260000000000000142e+01
6.470000000000000284e+01
2.389999999999999858e+01
3.250000000000000000e+01
2.039999999999999858e+01
3.260000000000000142e+01
3.789999999999999858e+01
4.350000000000000000e+01
3.779999999999999716e+01
3.089999999999999858e+01
6.070000000000000284e+01
2.600000000000000000e+01
2.169999999999999929e+01
2.010000000000000142e+01
2.260000000000000142e+01
6.470000000000000284e+01
2.389999999999999858e+01
3.250000000000000000e+01
