2.030000000000000071e+01
6.670000000000000284e+01
4.679999999999999716e+01
4.620000000000000284e+01
3.570000000000000284e+01
3.010000000000000142e+01
2.819999999999999929e+01
3.119999999999999929e+01
5.220000000000000284e+01
2.500000000000000000e+01
3.250000000000000000e+01
3.039999999999999858e+01
4.620000000000000284e+01
3.570000000000000284e+01
3.010000000000000142e+01
2.819999999999999929e+01
3.119999999999999929e+01
5.220000000000000284e+01
2.500000000000000000e+01
3.250000000000000000e+01
3.039999999999999858e+01
