8.520000000000000284e+01
8.570000000000000284e+01
8.359999999999999432e+01
8.520000000000000284e+01
8.520000000000000284e+01
8.570000000000000284e+01
8.359999999999999432e+01
7.279999999999999716e+01
2.880000000000000071e+01
8.520000000000000284e+01
8.570000000000000284e+01
8.520000000000000284e+01
2.330000000000000071e+01
8.520000000000000284e+01
1.369999999999999929e+01
8.520000000000000284e+01
8.570000000000000284e+01
8.520000000000000284e+01
8.520000000000000284e+01
8.570000000000000284e+01
3.939999999999999858e+01
4.539999999999999858e+01
8.570000000000000284e+01
8.520000000000000284e+01
8.520000000000000284e+01
8.520000000000000284e+01
1.350000000000000000e+01
1.919999999999999929e+01
1.519999999999999929e+01
8.520000000000000284e+01
8.570000000000000284e+01
3.620000000000000284e+01
8.570000000000000284e+01
1.490000000000000036e+01
8.520000000000000284e+01
8.570000000000000284e+01
8.520000000000000284e+01
8.520000000000000284e+01
8.570000000000000284e+01
8.520000000000000284e+01
8.520000000000000284e+01
8.520000000000000284e+01
7.420000000000000284e+01
8.570000000000000284e+01
8.359999999999999432e+01
8.570000000000000284e+01
8.570000000000000284e+01
8.570000000000000284e+01
8.570000000000000284e+01
8.570000000000000284e+01
8.570000000000000284e+01
8.570000000000000284e+01
8.570000000000000284e+01
8.570000000000000284e+01
8.570000000000000284e+01
8.570000000000000284e+01
8.570000000000000284e+01
3.910000000000000142e+01
8.570000000000000284e+01
8.570000000000000284e+01
8.570000000000000284e+01
8.570000000000000284e+01
8.570000000000000284e+01
8.570000000000000284e+01
8.570000000000000284e+01
8.570000000000000284e+01
8.570000000000000284e+01
8.570000000000000284e+01
8.570000000000000284e+01
8.570000000000000284e+01
8.570000000000000284e+01
8.570000000000000284e+01
8.570000000000000284e+01
8.570000000000000284e+01
8.570000000000000284e+01
8.570000000000000284e+01
8.570000000000000284e+01
8.570000000000000284e+01
8.570000000000000284e+01
8.570000000000000284e+01
8.570000000000000284e+01
8.570000000000000284e+01
8.570000000000000284e+01
8.570000000000000284e+01
8.570000000000000284e+01
8.570000000000000284e+01
8.570000000000000284e+01
8.570000000000000284e+01
8.570000000000000284e+01
8.570000000000000284e+01
8.570000000000000284e+01
8.570000000000000284e+01
8.570000000000000284e+01
8.570000000000000284e+01
8.570000000000000284e+01
8.570000000000000284e+01
8.570000000000000284e+01
8.570000000000000284e+01
8.570000000000000284e+01
8.570000000000000284e+01
8.570000000000000284e+01
8.570000000000000284e+01
8.570000000000000284e+01
8.570000000000000284e+01
8.570000000000000284e+01
3.339999999999999858e+01
8.570000000000000284e+01
8.570000000000000284e+01
8.570000000000000284e+01
8.570000000000000284e+01
8.570000000000000284e+01
8.570000000000000284e+01
8.570000000000000284e+01
8.570000000000000284e+01
8.570000000000000284e+01
8.570000000000000284e+01
8.570000000000000284e+01
8.570000000000000284e+01
8.570000000000000284e+01
8.570000000000000284e+01
8.570000000000000284e+01
8.570000000000000284e+01
8.570000000000000284e+01
8.570000000000000284e+01
8.570000000000000284e+01
8.570000000000000284e+01
8.570000000000000284e+01
8.570000000000000284e+01
8.570000000000000284e+01
8.570000000000000284e+01
8.570000000000000284e+01
8.570000000000000284e+01
8.570000000000000284e+01
8.570000000000000284e+01
8.570000000000000284e+01
8.570000000000000284e+01
8.570000000000000284e+01
8.570000000000000284e+01
8.570000000000000284e+01
8.570000000000000284e+01
8.570000000000000284e+01
8.570000000000000284e+01
8.570000000000000284e+01
8.570000000000000284e+01
8.570000000000000284e+01
8.570000000000000284e+01
8.570000000000000284e+01
8.570000000000000284e+01
8.570000000000000284e+01
8.570000000000000284e+01
8.570000000000000284e+01
8.570000000000000284e+01
8.570000000000000284e+01
8.570000000000000284e+01
8.570000000000000284e+01
8.570000000000000284e+01
8.570000000000000284e+01
8.570000000000000284e+01
8.570000000000000284e+01
8.570000000000000284e+01
8.570000000000000284e+01
8.570000000000000284e+01
8.570000000000000284e+01
8.570000000000000284e+01
8.570000000000000284e+01
8.570000000000000284e+01
8.570000000000000284e+01
8.570000000000000284e+01
8.570000000000000284e+01
8.570000000000000284e+01
8.570000000000000284e+01
8.570000000000000284e+01
8.570000000000000284e+01
8.570000000000000284e+01
8.570000000000000284e+01
8.570000000000000284e+01
8.570000000000000284e+01
3.300000000000000000e+01
8.570000000000000284e+01
8.570000000000000284e+01
8.570000000000000284e+01
8.570000000000000284e+01
8.570000000000000284e+01
8.570000000000000284e+01
8.570000000000000284e+01
8.570000000000000284e+01
8.570000000000000284e+01
8.570000000000000284e+01
8.570000000000000284e+01
8.570000000000000284e+01
8.570000000000000284e+01
8.570000000000000284e+01
8.570000000000000284e+01
8.570000000000000284e+01
8.570000000000000284e+01
8.570000000000000284e+01
8.570000000000000284e+01
8.570000000000000284e+01
8.570000000000000284e+01
8.570000000000000284e+01
8.570000000000000284e+01
8.570000000000000284e+01
8.570000000000000284e+01
8.570000000000000284e+01
8.570000000000000284e+01
8.570000000000000284e+01
8.570000000000000284e+01
8.570000000000000284e+01
8.570000000000000284e+01
8.570000000000000284e+01
8.570000000000000284e+01
8.570000000000000284e+01
8.570000000000000284e+01
8.570000000000000284e+01
8.570000000000000284e+01
8.570000000000000284e+01
8.570000000000000284e+01
8.570000000000000284e+01
8.570000000000000284e+01
8.570000000000000284e+01
8.570000000000000284e+01
8.570000000000000284e+01
8.570000000000000284e+01
8.570000000000000284e+01
8.570000000000000284e+01
8.570000000000000284e+01
8.570000000000000284e+01
8.570000000000000284e+01
8.570000000000000284e+01
8.570000000000000284e+01
8.570000000000000284e+01
8.570000000000000284e+01
8.570000000000000284e+01
8.570000000000000284e+01
8.570000000000000284e+01
8.570000000000000284e+01
8.570000000000000284e+01
8.570000000000000284e+01
8.570000000000000284e+01
8.570000000000000284e+01
8.570000000000000284e+01
8.570000000000000284e+01
8.570000000000000284e+01
8.570000000000000284e+01
8.570000000000000284e+01
8.570000000000000284e+01
8.570000000000000284e+01
8.570000000000000284e+01
8.570000000000000284e+01
8.570000000000000284e+01
8.570000000000000284e+01
8.570000000000000284e+01
8.570000000000000284e+01
8.570000000000000284e+01
8.570000000000000284e+01
8.570000000000000284e+01
8.570000000000000284e+01
8.570000000000000284e+01
8.570000000000000284e+01
8.570000000000000284e+01
8.570000000000000284e+01
8.570000000000000284e+01
8.570000000000000284e+01
8.570000000000000284e+01
8.570000000000000284e+01
8.570000000000000284e+01
8.570000000000000284e+01
8.570000000000000284e+01
8.570000000000000284e+01
8.570000000000000284e+01
8.570000000000000284e+01
8.570000000000000284e+01
8.570000000000000284e+01
1.230000000000000071e+01
8.570000000000000284e+01
8.570000000000000284e+01
8.570000000000000284e+01
8.570000000000000284e+01
8.570000000000000284e+01
8.570000000000000284e+01
8.570000000000000284e+01
8.570000000000000284e+01
8.570000000000000284e+01
8.570000000000000284e+01
8.570000000000000284e+01
8.570000000000000284e+01
8.570000000000000284e+01
1.359999999999999964e+01
8.570000000000000284e+01
8.570000000000000284e+01
8.570000000000000284e+01
8.570000000000000284e+01
8.570000000000000284e+01
8.570000000000000284e+01
8.570000000000000284e+01
8.570000000000000284e+01
8.570000000000000284e+01
8.570000000000000284e+01
8.570000000000000284e+01
8.570000000000000284e+01
8.570000000000000284e+01
8.570000000000000284e+01
8.570000000000000284e+01
8.570000000000000284e+01
8.570000000000000284e+01
8.570000000000000284e+01
8.570000000000000284e+01
8.570000000000000284e+01
8.570000000000000284e+01
8.570000000000000284e+01
8.570000000000000284e+01
8.570000000000000284e+01
8.570000000000000284e+01
8.570000000000000284e+01
8.570000000000000284e+01
8.570000000000000284e+01
8.570000000000000284e+01
8.570000000000000284e+01
8.570000000000000284e+01
8.570000000000000284e+01
8.570000000000000284e+01
8.570000000000000284e+01
8.570000000000000284e+01
8.570000000000000284e+01
8.570000000000000284e+01
8.570000000000000284e+01
8.570000000000000284e+01
8.570000000000000284e+01
8.570000000000000284e+01
8.570000000000000284e+01
8.570000000000000284e+01
8.570000000000000284e+01
8.570000000000000284e+01
8.570000000000000284e+01
8.570000000000000284e+01
8.570000000000000284e+01
8.570000000000000284e+01
8.570000000000000284e+01
8.570000000000000284e+01
8.570000000000000284e+01
8.570000000000000284e+01
8.570000000000000284e+01
8.570000000000000284e+01
8.570000000000000284e+01
8.570000000000000284e+01
8.570000000000000284e+01
8.570000000000000284e+01
8.570000000000000284e+01
8.570000000000000284e+01
8.570000000000000284e+01
8.570000000000000284e+01
8.570000000000000284e+01
8.570000000000000284e+01
8.570000000000000284e+01
8.570000000000000284e+01
8.570000000000000284e+01
8.570000000000000284e+01
8.570000000000000284e+01
8.570000000000000284e+01
8.570000000000000284e+01
8.570000000000000284e+01
8.570000000000000284e+01
8.570000000000000284e+01
8.570000000000000284e+01
8.570000000000000284e+01
8.570000000000000284e+01
8.570000000000000284e+01
8.570000000000000284e+01
8.570000000000000284e+01
8.570000000000000284e+01
8.570000000000000284e+01
8.570000000000000284e+01
8.570000000000000284e+01
8.570000000000000284e+01
8.570000000000000284e+01
8.570000000000000284e+01
8.570000000000000284e+01
8.570000000000000284e+01
8.570000000000000284e+01
8.570000000000000284e+01
8.570000000000000284e+01
8.570000000000000284e+01
8.570000000000000284e+01
8.570000000000000284e+01
8.570000000000000284e+01
8.570000000000000284e+01
8.570000000000000284e+01
8.570000000000000284e+01
8.570000000000000284e+01
8.570000000000000284e+01
8.570000000000000284e+01
8.570000000000000284e+01
8.570000000000000284e+01
8.570000000000000284e+01
1.190000000000000036e+01
8.570000000000000284e+01
8.570000000000000284e+01
8.570000000000000284e+01
8.570000000000000284e+01
8.570000000000000284e+01
8.570000000000000284e+01
8.570000000000000284e+01
8.570000000000000284e+01
8.570000000000000284e+01
8.570000000000000284e+01
8.570000000000000284e+01
8.570000000000000284e+01
8.570000000000000284e+01
8.570000000000000284e+01
8.570000000000000284e+01
8.570000000000000284e+01
8.570000000000000284e+01
5.460000000000000142e+01
8.570000000000000284e+01
8.570000000000000284e+01
8.570000000000000284e+01
8.570000000000000284e+01
8.570000000000000284e+01
8.570000000000000284e+01
8.570000000000000284e+01
8.570000000000000284e+01
8.570000000000000284e+01
8.570000000000000284e+01
8.570000000000000284e+01
8.570000000000000284e+01
8.570000000000000284e+01
8.570000000000000284e+01
8.570000000000000284e+01
8.570000000000000284e+01
8.570000000000000284e+01
8.570000000000000284e+01
8.570000000000000284e+01
8.570000000000000284e+01
8.570000000000000284e+01
8.570000000000000284e+01
8.570000000000000284e+01
8.570000000000000284e+01
8.570000000000000284e+01
8.570000000000000284e+01
8.570000000000000284e+01
8.570000000000000284e+01
8.570000000000000284e+01
8.570000000000000284e+01
8.570000000000000284e+01
8.570000000000000284e+01
8.570000000000000284e+01
8.570000000000000284e+01
8.570000000000000284e+01
8.570000000000000284e+01
8.570000000000000284e+01
8.570000000000000284e+01
8.570000000000000284e+01
8.570000000000000284e+01
8.570000000000000284e+01
8.570000000000000284e+01
1.660000000000000142e+01
8.570000000000000284e+01
8.570000000000000284e+01
8.570000000000000284e+01
8.570000000000000284e+01
8.570000000000000284e+01
8.570000000000000284e+01
8.570000000000000284e+01
8.570000000000000284e+01
8.570000000000000284e+01
8.570000000000000284e+01
8.570000000000000284e+01
8.570000000000000284e+01
8.570000000000000284e+01
8.570000000000000284e+01
8.570000000000000284e+01
8.570000000000000284e+01
8.570000000000000284e+01
8.570000000000000284e+01
8.570000000000000284e+01
8.570000000000000284e+01
8.570000000000000284e+01
8.570000000000000284e+01
8.570000000000000284e+01
8.570000000000000284e+01
8.570000000000000284e+01
8.570000000000000284e+01
8.570000000000000284e+01
8.570000000000000284e+01
8.570000000000000284e+01
8.570000000000000284e+01
8.570000000000000284e+01
8.570000000000000284e+01
8.570000000000000284e+01
8.570000000000000284e+01
8.570000000000000284e+01
8.570000000000000284e+01
8.570000000000000284e+01
8.570000000000000284e+01
8.570000000000000284e+01
8.570000000000000284e+01
8.570000000000000284e+01
8.570000000000000284e+01
8.570000000000000284e+01
8.570000000000000284e+01
8.570000000000000284e+01
8.570000000000000284e+01
8.570000000000000284e+01
8.570000000000000284e+01
8.570000000000000284e+01
8.570000000000000284e+01
8.570000000000000284e+01
8.570000000000000284e+01
8.570000000000000284e+01
8.570000000000000284e+01
8.570000000000000284e+01
8.570000000000000284e+01
8.570000000000000284e+01
8.570000000000000284e+01
8.570000000000000284e+01
8.570000000000000284e+01
8.570000000000000284e+01
8.570000000000000284e+01
8.570000000000000284e+01
8.570000000000000284e+01
8.570000000000000284e+01
8.570000000000000284e+01
8.570000000000000284e+01
8.570000000000000284e+01
8.570000000000000284e+01
8.570000000000000284e+01
8.570000000000000284e+01
8.570000000000000284e+01
8.570000000000000284e+01
8.570000000000000284e+01
8.570000000000000284e+01
8.570000000000000284e+01
8.570000000000000284e+01
8.570000000000000284e+01
8.570000000000000284e+01
8.570000000000000284e+01
8.570000000000000284e+01
8.570000000000000284e+01
8.570000000000000284e+01
8.570000000000000284e+01
8.570000000000000284e+01
8.570000000000000284e+01
8.570000000000000284e+01
8.570000000000000284e+01
8.570000000000000284e+01
8.570000000000000284e+01
8.570000000000000284e+01
8.570000000000000284e+01
8.570000000000000284e+01
8.570000000000000284e+01
8.570000000000000284e+01
8.570000000000000284e+01
8.570000000000000284e+01
8.570000000000000284e+01
8.570000000000000284e+01
8.570000000000000284e+01
8.570000000000000284e+01
8.570000000000000284e+01
8.570000000000000284e+01
8.570000000000000284e+01
8.570000000000000284e+01
8.570000000000000284e+01
8.570000000000000284e+01
8.570000000000000284e+01
8.570000000000000284e+01
8.570000000000000284e+01
8.570000000000000284e+01
8.570000000000000284e+01
8.570000000000000284e+01
8.570000000000000284e+01
8.570000000000000284e+01
8.570000000000000284e+01
8.500000000000000000e+00
5.200000000000000178e+00
8.500000000000000000e+00
8.800000000000000711e+00
8.570000000000000284e+01
8.570000000000000284e+01
1.190000000000000036e+01
8.570000000000000284e+01
8.570000000000000284e+01
8.570000000000000284e+01
8.570000000000000284e+01
8.570000000000000284e+01
8.570000000000000284e+01
8.570000000000000284e+01
8.570000000000000284e+01
8.570000000000000284e+01
8.570000000000000284e+01
8.570000000000000284e+01
8.570000000000000284e+01
8.570000000000000284e+01
8.570000000000000284e+01
8.570000000000000284e+01
8.570000000000000284e+01
8.570000000000000284e+01
5.460000000000000142e+01
8.570000000000000284e+01
8.570000000000000284e+01
8.570000000000000284e+01
8.570000000000000284e+01
8.570000000000000284e+01
8.570000000000000284e+01
8.570000000000000284e+01
8.570000000000000284e+01
8.570000000000000284e+01
8.570000000000000284e+01
8.570000000000000284e+01
8.570000000000000284e+01
8.570000000000000284e+01
8.570000000000000284e+01
8.570000000000000284e+01
8.570000000000000284e+01
8.570000000000000284e+01
8.570000000000000284e+01
8.570000000000000284e+01
8.570000000000000284e+01
8.570000000000000284e+01
8.570000000000000284e+01
8.570000000000000284e+01
8.570000000000000284e+01
8.570000000000000284e+01
8.570000000000000284e+01
8.570000000000000284e+01
8.570000000000000284e+01
8.570000000000000284e+01
8.570000000000000284e+01
8.570000000000000284e+01
8.570000000000000284e+01
6.099999999999999645e+00
8.570000000000000284e+01
8.570000000000000284e+01
8.570000000000000284e+01
8.570000000000000284e+01
8.570000000000000284e+01
8.570000000000000284e+01
8.570000000000000284e+01
8.570000000000000284e+01
8.570000000000000284e+01
8.570000000000000284e+01
1.660000000000000142e+01
8.570000000000000284e+01
8.570000000000000284e+01
8.570000000000000284e+01
8.570000000000000284e+01
8.570000000000000284e+01
8.570000000000000284e+01
8.570000000000000284e+01
8.570000000000000284e+01
8.570000000000000284e+01
8.570000000000000284e+01
8.570000000000000284e+01
8.570000000000000284e+01
8.570000000000000284e+01
8.570000000000000284e+01
8.570000000000000284e+01
8.570000000000000284e+01
8.570000000000000284e+01
8.570000000000000284e+01
8.570000000000000284e+01
8.570000000000000284e+01
8.570000000000000284e+01
8.570000000000000284e+01
8.570000000000000284e+01
8.570000000000000284e+01
8.570000000000000284e+01
8.570000000000000284e+01
8.570000000000000284e+01
8.570000000000000284e+01
8.570000000000000284e+01
8.570000000000000284e+01
8.570000000000000284e+01
8.570000000000000284e+01
8.570000000000000284e+01
8.570000000000000284e+01
8.570000000000000284e+01
8.570000000000000284e+01
8.570000000000000284e+01
8.570000000000000284e+01
8.570000000000000284e+01
8.570000000000000284e+01
8.570000000000000284e+01
8.570000000000000284e+01
8.570000000000000284e+01
8.570000000000000284e+01
8.570000000000000284e+01
8.570000000000000284e+01
8.570000000000000284e+01
8.570000000000000284e+01
8.570000000000000284e+01
8.570000000000000284e+01
8.570000000000000284e+01
8.570000000000000284e+01
8.570000000000000284e+01
8.570000000000000284e+01
8.570000000000000284e+01
8.570000000000000284e+01
8.570000000000000284e+01
8.570000000000000284e+01
8.570000000000000284e+01
8.570000000000000284e+01
8.570000000000000284e+01
8.570000000000000284e+01
8.570000000000000284e+01
8.570000000000000284e+01
8.570000000000000284e+01
8.570000000000000284e+01
8.570000000000000284e+01
8.570000000000000284e+01
8.570000000000000284e+01
8.570000000000000284e+01
8.570000000000000284e+01
8.570000000000000284e+01
8.570000000000000284e+01
8.570000000000000284e+01
8.570000000000000284e+01
8.570000000000000284e+01
8.570000000000000284e+01
8.570000000000000284e+01
8.570000000000000284e+01
8.570000000000000284e+01
8.570000000000000284e+01
8.570000000000000284e+01
8.570000000000000284e+01
8.570000000000000284e+01
8.570000000000000284e+01
8.570000000000000284e+01
8.570000000000000284e+01
8.570000000000000284e+01
8.570000000000000284e+01
8.570000000000000284e+01
8.570000000000000284e+01
8.570000000000000284e+01
8.570000000000000284e+01
8.570000000000000284e+01
8.570000000000000284e+01
8.570000000000000284e+01
8.570000000000000284e+01
8.570000000000000284e+01
8.570000000000000284e+01
8.570000000000000284e+01
8.570000000000000284e+01
8.570000000000000284e+01
8.570000000000000284e+01
8.570000000000000284e+01
8.570000000000000284e+01
8.570000000000000284e+01
8.570000000000000284e+01
8.570000000000000284e+01
8.570000000000000284e+01
8.570000000000000284e+01
8.570000000000000284e+01
8.570000000000000284e+01
8.570000000000000284e+01
8.570000000000000284e+01
8.570000000000000284e+01
8.570000000000000284e+01
8.570000000000000284e+01
8.570000000000000284e+01
8.570000000000000284e+01
8.570000000000000284e+01
8.570000000000000284e+01
8.570000000000000284e+01
8.570000000000000284e+01
8.570000000000000284e+01
8.570000000000000284e+01
8.570000000000000284e+01
8.570000000000000284e+01
8.570000000000000284e+01
8.570000000000000284e+01
8.570000000000000284e+01
8.570000000000000284e+01
8.570000000000000284e+01
8.570000000000000284e+01
8.570000000000000284e+01
8.570000000000000284e+01
8.570000000000000284e+01
8.570000000000000284e+01
8.570000000000000284e+01
8.570000000000000284e+01
8.570000000000000284e+01
8.570000000000000284e+01
8.570000000000000284e+01
8.570000000000000284e+01
8.570000000000000284e+01
8.570000000000000284e+01
8.570000000000000284e+01
8.570000000000000284e+01
8.570000000000000284e+01
8.570000000000000284e+01
8.570000000000000284e+01
8.570000000000000284e+01
8.570000000000000284e+01
8.570000000000000284e+01
8.570000000000000284e+01
8.570000000000000284e+01
8.570000000000000284e+01
8.570000000000000284e+01
8.570000000000000284e+01
8.570000000000000284e+01
8.570000000000000284e+01
8.570000000000000284e+01
8.570000000000000284e+01
8.570000000000000284e+01
8.570000000000000284e+01
8.570000000000000284e+01
8.570000000000000284e+01
8.570000000000000284e+01
8.570000000000000284e+01
8.570000000000000284e+01
8.570000000000000284e+01
8.570000000000000284e+01
8.570000000000000284e+01
8.570000000000000284e+01
8.570000000000000284e+01
8.570000000000000284e+01
8.570000000000000284e+01
8.570000000000000284e+01
8.570000000000000284e+01
8.570000000000000284e+01
8.570000000000000284e+01
8.570000000000000284e+01
8.570000000000000284e+01
8.570000000000000284e+01
8.570000000000000284e+01
8.570000000000000284e+01
8.570000000000000284e+01
8.570000000000000284e+01
8.570000000000000284e+01
8.570000000000000284e+01
8.570000000000000284e+01
8.570000000000000284e+01
8.570000000000000284e+01
8.570000000000000284e+01
8.570000000000000284e+01
8.570000000000000284e+01
8.570000000000000284e+01
8.570000000000000284e+01
8.570000000000000284e+01
8.570000000000000284e+01
8.570000000000000284e+01
8.570000000000000284e+01
8.570000000000000284e+01
8.570000000000000284e+01
8.570000000000000284e+01
8.570000000000000284e+01
8.570000000000000284e+01
8.570000000000000284e+01
8.570000000000000284e+01
8.570000000000000284e+01
8.570000000000000284e+01
8.570000000000000284e+01
3.639999999999999858e+01
8.570000000000000284e+01
8.570000000000000284e+01
8.570000000000000284e+01
8.570000000000000284e+01
8.570000000000000284e+01
8.570000000000000284e+01
8.570000000000000284e+01
8.570000000000000284e+01
8.570000000000000284e+01
8.570000000000000284e+01
8.570000000000000284e+01
8.570000000000000284e+01
8.570000000000000284e+01
2.860000000000000142e+01
8.570000000000000284e+01
8.570000000000000284e+01
8.570000000000000284e+01
8.570000000000000284e+01
8.570000000000000284e+01
8.570000000000000284e+01
8.570000000000000284e+01
8.570000000000000284e+01
8.570000000000000284e+01
8.570000000000000284e+01
8.570000000000000284e+01
8.570000000000000284e+01
8.570000000000000284e+01
8.570000000000000284e+01
8.570000000000000284e+01
8.570000000000000284e+01
8.570000000000000284e+01
3.370000000000000284e+01
8.570000000000000284e+01
8.570000000000000284e+01
8.570000000000000284e+01
8.570000000000000284e+01
8.570000000000000284e+01
8.570000000000000284e+01
8.570000000000000284e+01
8.570000000000000284e+01
8.570000000000000284e+01
8.570000000000000284e+01
8.570000000000000284e+01
8.570000000000000284e+01
8.570000000000000284e+01
8.570000000000000284e+01
8.570000000000000284e+01
8.570000000000000284e+01
8.570000000000000284e+01
8.570000000000000284e+01
8.570000000000000284e+01
8.570000000000000284e+01
8.570000000000000284e+01
8.570000000000000284e+01
8.570000000000000284e+01
8.570000000000000284e+01
8.570000000000000284e+01
8.570000000000000284e+01
8.570000000000000284e+01
8.570000000000000284e+01
8.570000000000000284e+01
8.570000000000000284e+01
8.570000000000000284e+01
8.570000000000000284e+01
8.570000000000000284e+01
8.570000000000000284e+01
8.570000000000000284e+01
8.570000000000000284e+01
8.570000000000000284e+01
8.570000000000000284e+01
8.570000000000000284e+01
8.570000000000000284e+01
8.570000000000000284e+01
8.570000000000000284e+01
8.570000000000000284e+01
8.570000000000000284e+01
8.570000000000000284e+01
8.570000000000000284e+01
8.570000000000000284e+01
8.570000000000000284e+01
8.570000000000000284e+01
8.570000000000000284e+01
8.570000000000000284e+01
8.570000000000000284e+01
8.570000000000000284e+01
8.570000000000000284e+01
8.570000000000000284e+01
8.570000000000000284e+01
8.570000000000000284e+01
8.570000000000000284e+01
8.570000000000000284e+01
8.570000000000000284e+01
8.570000000000000284e+01
8.570000000000000284e+01
8.570000000000000284e+01
8.570000000000000284e+01
8.570000000000000284e+01
8.570000000000000284e+01
8.570000000000000284e+01
0.000000000000000000e+00
0.000000000000000000e+00
0.000000000000000000e+00
0.000000000000000000e+00
0.000000000000000000e+00
0.000000000000000000e+00
0.000000000000000000e+00
0.000000000000000000e+00
0.000000000000000000e+00
0.000000000000000000e+00
0.000000000000000000e+00
0.000000000000000000e+00
0.000000000000000000e+00
0.000000000000000000e+00
0.000000000000000000e+00
1.040000000000000036e+01
1.019999999999999929e+01
1.619999999999999929e+01
1.630000000000000071e+01
1.109999999999999964e+01
8.570000000000000284e+01
8.570000000000000284e+01
8.570000000000000284e+01
8.570000000000000284e+01
8.570000000000000284e+01
8.570000000000000284e+01
8.570000000000000284e+01
8.570000000000000284e+01
8.570000000000000284e+01
8.570000000000000284e+01
8.570000000000000284e+01
8.570000000000000284e+01
8.570000000000000284e+01
8.570000000000000284e+01
8.570000000000000284e+01
8.570000000000000284e+01
8.570000000000000284e+01
8.570000000000000284e+01
8.570000000000000284e+01
8.570000000000000284e+01
8.570000000000000284e+01
8.570000000000000284e+01
8.570000000000000284e+01
8.570000000000000284e+01
8.570000000000000284e+01
8.570000000000000284e+01
8.570000000000000284e+01
8.570000000000000284e+01
8.570000000000000284e+01
8.570000000000000284e+01
8.570000000000000284e+01
8.570000000000000284e+01
8.570000000000000284e+01
8.570000000000000284e+01
8.570000000000000284e+01
8.570000000000000284e+01
8.570000000000000284e+01
8.570000000000000284e+01
8.570000000000000284e+01
8.570000000000000284e+01
8.570000000000000284e+01
8.570000000000000284e+01
8.570000000000000284e+01
8.570000000000000284e+01
8.570000000000000284e+01
8.570000000000000284e+01
8.570000000000000284e+01
8.570000000000000284e+01
8.570000000000000284e+01
8.570000000000000284e+01
8.570000000000000284e+01
8.570000000000000284e+01
8.570000000000000284e+01
8.570000000000000284e+01
8.570000000000000284e+01
8.570000000000000284e+01
8.570000000000000284e+01
8.570000000000000284e+01
8.570000000000000284e+01
8.570000000000000284e+01
8.570000000000000284e+01
8.570000000000000284e+01
8.570000000000000284e+01
8.570000000000000284e+01
8.570000000000000284e+01
8.570000000000000284e+01
8.570000000000000284e+01
8.570000000000000284e+01
8.570000000000000284e+01
8.570000000000000284e+01
8.570000000000000284e+01
8.570000000000000284e+01
8.570000000000000284e+01
8.570000000000000284e+01
8.570000000000000284e+01
8.570000000000000284e+01
8.570000000000000284e+01
8.570000000000000284e+01
8.570000000000000284e+01
8.570000000000000284e+01
8.570000000000000284e+01
8.570000000000000284e+01
8.570000000000000284e+01
8.570000000000000284e+01
8.570000000000000284e+01
8.570000000000000284e+01
8.570000000000000284e+01
8.570000000000000284e+01
8.570000000000000284e+01
8.570000000000000284e+01
8.570000000000000284e+01
8.570000000000000284e+01
8.570000000000000284e+01
8.570000000000000284e+01
8.570000000000000284e+01
8.570000000000000284e+01
8.570000000000000284e+01
8.570000000000000284e+01
8.570000000000000284e+01
8.570000000000000284e+01
8.570000000000000284e+01
8.570000000000000284e+01
8.570000000000000284e+01
8.570000000000000284e+01
8.570000000000000284e+01
8.570000000000000284e+01
8.570000000000000284e+01
8.570000000000000284e+01
8.570000000000000284e+01
8.570000000000000284e+01
8.570000000000000284e+01
8.570000000000000284e+01
8.570000000000000284e+01
8.570000000000000284e+01
8.570000000000000284e+01
8.570000000000000284e+01
8.570000000000000284e+01
8.570000000000000284e+01
8.570000000000000284e+01
4.639999999999999858e+01
8.570000000000000284e+01
8.570000000000000284e+01
8.570000000000000284e+01
8.570000000000000284e+01
8.570000000000000284e+01
8.570000000000000284e+01
8.570000000000000284e+01
8.570000000000000284e+01
8.570000000000000284e+01
8.570000000000000284e+01
8.570000000000000284e+01
8.570000000000000284e+01
8.570000000000000284e+01
8.570000000000000284e+01
8.570000000000000284e+01
8.570000000000000284e+01
8.570000000000000284e+01
8.570000000000000284e+01
8.570000000000000284e+01
8.570000000000000284e+01
8.570000000000000284e+01
8.570000000000000284e+01
8.570000000000000284e+01
8.570000000000000284e+01
8.570000000000000284e+01
8.570000000000000284e+01
8.570000000000000284e+01
8.570000000000000284e+01
8.570000000000000284e+01
8.570000000000000284e+01
8.570000000000000284e+01
8.570000000000000284e+01
8.570000000000000284e+01
8.570000000000000284e+01
8.570000000000000284e+01
8.570000000000000284e+01
8.570000000000000284e+01
8.570000000000000284e+01
8.570000000000000284e+01
8.570000000000000284e+01
8.570000000000000284e+01
8.570000000000000284e+01
8.570000000000000284e+01
8.570000000000000284e+01
8.570000000000000284e+01
8.570000000000000284e+01
8.570000000000000284e+01
8.570000000000000284e+01
8.570000000000000284e+01
8.570000000000000284e+01
8.570000000000000284e+01
8.570000000000000284e+01
8.570000000000000284e+01
8.570000000000000284e+01
8.570000000000000284e+01
8.570000000000000284e+01
8.570000000000000284e+01
8.570000000000000284e+01
1.839999999999999858e+01
8.570000000000000284e+01
8.570000000000000284e+01
8.570000000000000284e+01
8.570000000000000284e+01
8.570000000000000284e+01
8.570000000000000284e+01
8.570000000000000284e+01
8.570000000000000284e+01
8.570000000000000284e+01
8.570000000000000284e+01
8.570000000000000284e+01
8.570000000000000284e+01
8.570000000000000284e+01
8.570000000000000284e+01
8.570000000000000284e+01
8.570000000000000284e+01
8.570000000000000284e+01
8.570000000000000284e+01
8.570000000000000284e+01
8.570000000000000284e+01
8.570000000000000284e+01
8.570000000000000284e+01
8.570000000000000284e+01
8.570000000000000284e+01
8.570000000000000284e+01
8.570000000000000284e+01
8.570000000000000284e+01
8.570000000000000284e+01
8.570000000000000284e+01
8.570000000000000284e+01
8.570000000000000284e+01
8.570000000000000284e+01
8.570000000000000284e+01
8.570000000000000284e+01
8.570000000000000284e+01
8.570000000000000284e+01
8.570000000000000284e+01
8.570000000000000284e+01
8.570000000000000284e+01
8.570000000000000284e+01
8.570000000000000284e+01
8.570000000000000284e+01
8.570000000000000284e+01
8.570000000000000284e+01
8.570000000000000284e+01
8.570000000000000284e+01
8.570000000000000284e+01
8.570000000000000284e+01
8.570000000000000284e+01
8.570000000000000284e+01
8.570000000000000284e+01
8.570000000000000284e+01
8.570000000000000284e+01
8.570000000000000284e+01
8.570000000000000284e+01
8.570000000000000284e+01
8.570000000000000284e+01
8.570000000000000284e+01
8.570000000000000284e+01
8.570000000000000284e+01
8.570000000000000284e+01
8.570000000000000284e+01
8.570000000000000284e+01
8.570000000000000284e+01
8.570000000000000284e+01
8.570000000000000284e+01
8.570000000000000284e+01
8.570000000000000284e+01
8.570000000000000284e+01
8.570000000000000284e+01
8.570000000000000284e+01
8.570000000000000284e+01
8.570000000000000284e+01
8.570000000000000284e+01
8.570000000000000284e+01
8.570000000000000284e+01
8.570000000000000284e+01
8.570000000000000284e+01
8.570000000000000284e+01
8.570000000000000284e+01
8.570000000000000284e+01
8.570000000000000284e+01
8.570000000000000284e+01
8.570000000000000284e+01
8.570000000000000284e+01
8.570000000000000284e+01
8.570000000000000284e+01
8.570000000000000284e+01
8.570000000000000284e+01
8.570000000000000284e+01
8.570000000000000284e+01
8.570000000000000284e+01
8.570000000000000284e+01
8.570000000000000284e+01
8.570000000000000284e+01
8.570000000000000284e+01
8.570000000000000284e+01
8.570000000000000284e+01
8.570000000000000284e+01
8.570000000000000284e+01
8.570000000000000284e+01
8.570000000000000284e+01
8.570000000000000284e+01
8.570000000000000284e+01
8.570000000000000284e+01
8.570000000000000284e+01
8.570000000000000284e+01
8.570000000000000284e+01
8.570000000000000284e+01
8.570000000000000284e+01
8.570000000000000284e+01
8.570000000000000284e+01
8.570000000000000284e+01
8.570000000000000284e+01
8.570000000000000284e+01
8.570000000000000284e+01
8.570000000000000284e+01
8.570000000000000284e+01
8.570000000000000284e+01
8.570000000000000284e+01
8.570000000000000284e+01
8.570000000000000284e+01
8.570000000000000284e+01
8.570000000000000284e+01
8.570000000000000284e+01
8.570000000000000284e+01
8.570000000000000284e+01
8.570000000000000284e+01
8.570000000000000284e+01
8.570000000000000284e+01
8.570000000000000284e+01
8.570000000000000284e+01
8.570000000000000284e+01
8.570000000000000284e+01
8.570000000000000284e+01
8.570000000000000284e+01
8.570000000000000284e+01
8.570000000000000284e+01
8.570000000000000284e+01
8.570000000000000284e+01
8.570000000000000284e+01
8.570000000000000284e+01
8.570000000000000284e+01
8.570000000000000284e+01
8.570000000000000284e+01
8.570000000000000284e+01
8.570000000000000284e+01
8.570000000000000284e+01
8.570000000000000284e+01
8.570000000000000284e+01
8.570000000000000284e+01
8.570000000000000284e+01
8.570000000000000284e+01
8.570000000000000284e+01
8.570000000000000284e+01
8.570000000000000284e+01
8.570000000000000284e+01
8.570000000000000284e+01
8.570000000000000284e+01
8.570000000000000284e+01
8.570000000000000284e+01
8.570000000000000284e+01
8.570000000000000284e+01
8.570000000000000284e+01
8.570000000000000284e+01
8.570000000000000284e+01
8.570000000000000284e+01
8.570000000000000284e+01
8.570000000000000284e+01
8.570000000000000284e+01
8.570000000000000284e+01
8.570000000000000284e+01
8.570000000000000284e+01
8.570000000000000284e+01
8.570000000000000284e+01
8.570000000000000284e+01
8.570000000000000284e+01
8.570000000000000284e+01
8.570000000000000284e+01
8.570000000000000284e+01
8.570000000000000284e+01
8.570000000000000284e+01
8.570000000000000284e+01
8.570000000000000284e+01
8.570000000000000284e+01
8.570000000000000284e+01
8.570000000000000284e+01
8.570000000000000284e+01
8.570000000000000284e+01
8.570000000000000284e+01
8.570000000000000284e+01
8.570000000000000284e+01
8.570000000000000284e+01
8.570000000000000284e+01
8.570000000000000284e+01
8.570000000000000284e+01
8.570000000000000284e+01
8.570000000000000284e+01
8.570000000000000284e+01
8.570000000000000284e+01
8.570000000000000284e+01
8.570000000000000284e+01
8.570000000000000284e+01
8.570000000000000284e+01
8.570000000000000284e+01
8.570000000000000284e+01
8.570000000000000284e+01
8.570000000000000284e+01
8.570000000000000284e+01
3.570000000000000284e+01
8.570000000000000284e+01
1.069999999999999929e+01
8.570000000000000284e+01
8.570000000000000284e+01
8.570000000000000284e+01
8.570000000000000284e+01
8.570000000000000284e+01
8.570000000000000284e+01
8.570000000000000284e+01
8.570000000000000284e+01
8.570000000000000284e+01
8.570000000000000284e+01
8.570000000000000284e+01
8.570000000000000284e+01
8.570000000000000284e+01
8.570000000000000284e+01
8.570000000000000284e+01
8.570000000000000284e+01
8.570000000000000284e+01
8.570000000000000284e+01
8.570000000000000284e+01
8.570000000000000284e+01
8.570000000000000284e+01
8.570000000000000284e+01
8.570000000000000284e+01
8.570000000000000284e+01
8.570000000000000284e+01
8.570000000000000284e+01
8.570000000000000284e+01
8.570000000000000284e+01
8.570000000000000284e+01
8.570000000000000284e+01
8.570000000000000284e+01
8.570000000000000284e+01
8.570000000000000284e+01
8.570000000000000284e+01
8.570000000000000284e+01
8.570000000000000284e+01
8.570000000000000284e+01
8.570000000000000284e+01
8.570000000000000284e+01
8.570000000000000284e+01
8.570000000000000284e+01
8.570000000000000284e+01
8.570000000000000284e+01
8.570000000000000284e+01
8.570000000000000284e+01
8.570000000000000284e+01
8.570000000000000284e+01
8.570000000000000284e+01
8.570000000000000284e+01
8.570000000000000284e+01
8.570000000000000284e+01
8.570000000000000284e+01
8.570000000000000284e+01
8.570000000000000284e+01
8.570000000000000284e+01
8.570000000000000284e+01
8.570000000000000284e+01
8.570000000000000284e+01
8.570000000000000284e+01
8.570000000000000284e+01
8.570000000000000284e+01
8.570000000000000284e+01
8.570000000000000284e+01
8.570000000000000284e+01
8.570000000000000284e+01
8.570000000000000284e+01
8.570000000000000284e+01
8.570000000000000284e+01
8.570000000000000284e+01
8.570000000000000284e+01
8.570000000000000284e+01
8.570000000000000284e+01
8.570000000000000284e+01
8.570000000000000284e+01
8.570000000000000284e+01
8.570000000000000284e+01
8.570000000000000284e+01
8.570000000000000284e+01
8.570000000000000284e+01
8.570000000000000284e+01
8.570000000000000284e+01
8.570000000000000284e+01
8.570000000000000284e+01
4.960000000000000142e+01
8.570000000000000284e+01
8.570000000000000284e+01
8.570000000000000284e+01
8.570000000000000284e+01
8.570000000000000284e+01
8.570000000000000284e+01
8.570000000000000284e+01
8.570000000000000284e+01
8.570000000000000284e+01
8.570000000000000284e+01
8.570000000000000284e+01
8.570000000000000284e+01
8.570000000000000284e+01
8.570000000000000284e+01
8.570000000000000284e+01
8.570000000000000284e+01
8.570000000000000284e+01
8.570000000000000284e+01
8.570000000000000284e+01
8.570000000000000284e+01
8.570000000000000284e+01
8.570000000000000284e+01
8.570000000000000284e+01
8.570000000000000284e+01
8.570000000000000284e+01
8.570000000000000284e+01
8.570000000000000284e+01
8.570000000000000284e+01
8.570000000000000284e+01
8.570000000000000284e+01
8.570000000000000284e+01
8.570000000000000284e+01
8.570000000000000284e+01
8.570000000000000284e+01
8.570000000000000284e+01
8.570000000000000284e+01
8.570000000000000284e+01
8.570000000000000284e+01
8.570000000000000284e+01
8.570000000000000284e+01
8.570000000000000284e+01
8.570000000000000284e+01
8.570000000000000284e+01
8.570000000000000284e+01
8.570000000000000284e+01
8.570000000000000284e+01
8.570000000000000284e+01
8.570000000000000284e+01
8.570000000000000284e+01
8.570000000000000284e+01
8.570000000000000284e+01
8.570000000000000284e+01
8.570000000000000284e+01
8.570000000000000284e+01
8.570000000000000284e+01
8.570000000000000284e+01
8.570000000000000284e+01
8.570000000000000284e+01
8.570000000000000284e+01
8.570000000000000284e+01
8.570000000000000284e+01
8.570000000000000284e+01
8.570000000000000284e+01
8.570000000000000284e+01
8.570000000000000284e+01
8.570000000000000284e+01
8.570000000000000284e+01
8.570000000000000284e+01
8.570000000000000284e+01
8.570000000000000284e+01
8.570000000000000284e+01
8.570000000000000284e+01
8.570000000000000284e+01
8.570000000000000284e+01
8.570000000000000284e+01
8.570000000000000284e+01
8.570000000000000284e+01
8.570000000000000284e+01
8.570000000000000284e+01
8.570000000000000284e+01
8.570000000000000284e+01
8.570000000000000284e+01
8.570000000000000284e+01
8.570000000000000284e+01
8.570000000000000284e+01
8.570000000000000284e+01
8.570000000000000284e+01
8.570000000000000284e+01
8.570000000000000284e+01
8.570000000000000284e+01
8.570000000000000284e+01
8.570000000000000284e+01
8.570000000000000284e+01
8.570000000000000284e+01
8.570000000000000284e+01
8.570000000000000284e+01
8.570000000000000284e+01
8.570000000000000284e+01
8.570000000000000284e+01
8.570000000000000284e+01
8.570000000000000284e+01
8.570000000000000284e+01
8.570000000000000284e+01
8.570000000000000284e+01
8.570000000000000284e+01
8.570000000000000284e+01
8.570000000000000284e+01
8.570000000000000284e+01
8.570000000000000284e+01
8.570000000000000284e+01
8.570000000000000284e+01
8.570000000000000284e+01
8.570000000000000284e+01
8.570000000000000284e+01
8.570000000000000284e+01
8.570000000000000284e+01
8.570000000000000284e+01
8.570000000000000284e+01
8.570000000000000284e+01
8.570000000000000284e+01
8.570000000000000284e+01
8.570000000000000284e+01
8.570000000000000284e+01
8.570000000000000284e+01
8.570000000000000284e+01
8.570000000000000284e+01
8.570000000000000284e+01
8.570000000000000284e+01
8.570000000000000284e+01
8.570000000000000284e+01
8.570000000000000284e+01
8.570000000000000284e+01
8.570000000000000284e+01
8.570000000000000284e+01
8.570000000000000284e+01
8.570000000000000284e+01
8.570000000000000284e+01
8.570000000000000284e+01
8.570000000000000284e+01
8.570000000000000284e+01
8.570000000000000284e+01
8.570000000000000284e+01
8.570000000000000284e+01
8.570000000000000284e+01
8.570000000000000284e+01
8.570000000000000284e+01
8.570000000000000284e+01
8.570000000000000284e+01
8.570000000000000284e+01
8.570000000000000284e+01
8.570000000000000284e+01
8.570000000000000284e+01
8.570000000000000284e+01
8.570000000000000284e+01
8.570000000000000284e+01
8.570000000000000284e+01
8.570000000000000284e+01
8.570000000000000284e+01
8.570000000000000284e+01
8.570000000000000284e+01
8.570000000000000284e+01
8.570000000000000284e+01
8.570000000000000284e+01
8.570000000000000284e+01
8.570000000000000284e+01
8.570000000000000284e+01
8.570000000000000284e+01
8.570000000000000284e+01
8.570000000000000284e+01
8.570000000000000284e+01
8.570000000000000284e+01
8.570000000000000284e+01
8.570000000000000284e+01
8.570000000000000284e+01
8.570000000000000284e+01
8.570000000000000284e+01
8.570000000000000284e+01
8.570000000000000284e+01
8.570000000000000284e+01
8.570000000000000284e+01
8.570000000000000284e+01
8.570000000000000284e+01
8.570000000000000284e+01
8.570000000000000284e+01
8.570000000000000284e+01
8.570000000000000284e+01
8.570000000000000284e+01
8.570000000000000284e+01
8.570000000000000284e+01
8.570000000000000284e+01
8.570000000000000284e+01
8.570000000000000284e+01
8.570000000000000284e+01
8.570000000000000284e+01
8.570000000000000284e+01
8.570000000000000284e+01
8.570000000000000284e+01
8.570000000000000284e+01
8.570000000000000284e+01
8.570000000000000284e+01
8.570000000000000284e+01
8.570000000000000284e+01
8.570000000000000284e+01
8.570000000000000284e+01
8.570000000000000284e+01
1.409999999999999964e+01
8.570000000000000284e+01
8.570000000000000284e+01
8.570000000000000284e+01
8.570000000000000284e+01
8.570000000000000284e+01
8.570000000000000284e+01
8.570000000000000284e+01
8.570000000000000284e+01
8.570000000000000284e+01
1.739999999999999858e+01
8.570000000000000284e+01
8.570000000000000284e+01
8.570000000000000284e+01
8.570000000000000284e+01
8.570000000000000284e+01
8.570000000000000284e+01
8.570000000000000284e+01
8.570000000000000284e+01
8.570000000000000284e+01
8.570000000000000284e+01
8.570000000000000284e+01
8.570000000000000284e+01
8.570000000000000284e+01
8.570000000000000284e+01
8.570000000000000284e+01
8.570000000000000284e+01
8.570000000000000284e+01
8.570000000000000284e+01
8.570000000000000284e+01
8.570000000000000284e+01
8.570000000000000284e+01
8.570000000000000284e+01
8.570000000000000284e+01
8.570000000000000284e+01
8.570000000000000284e+01
8.570000000000000284e+01
8.570000000000000284e+01
8.570000000000000284e+01
8.570000000000000284e+01
8.570000000000000284e+01
8.570000000000000284e+01
8.570000000000000284e+01
8.570000000000000284e+01
8.570000000000000284e+01
8.570000000000000284e+01
8.570000000000000284e+01
8.570000000000000284e+01
8.570000000000000284e+01
8.570000000000000284e+01
8.570000000000000284e+01
8.570000000000000284e+01
8.570000000000000284e+01
8.570000000000000284e+01
