8.520000000000000284e+01
8.570000000000000284e+01
1.050000000000000000e+01
2.519999999999999929e+01
2.819999999999999929e+01
3.300000000000000000e+01
3.239999999999999858e+01
3.289999999999999858e+01
8.300000000000000711e+00
3.239999999999999858e+01
3.289999999999999858e+01
6.500000000000000000e+00
8.699999999999999289e+00
0.000000000000000000e+00
0.000000000000000000e+00
0.000000000000000000e+00
0.000000000000000000e+00
0.000000000000000000e+00
0.000000000000000000e+00
1.250000000000000000e+01
2.839999999999999858e+01
3.100000000000000000e+01
1.930000000000000071e+01
