1.650000000000000000e+01
3.939999999999999858e+01
8.520000000000000284e+01
8.520000000000000284e+01
5.079999999999999716e+01
8.359999999999999432e+01
3.169999999999999929e+01
1.030000000000000071e+01
1.009999999999999964e+01
1.519999999999999929e+01
1.719999999999999929e+01
3.300000000000000000e+01
3.300000000000000000e+01
3.539999999999999858e+01
3.130000000000000071e+01
2.530000000000000071e+01
2.000000000000000000e+01
2.069999999999999929e+01
2.150000000000000000e+01
3.300000000000000000e+01
3.539999999999999858e+01
3.130000000000000071e+01
2.530000000000000071e+01
2.000000000000000000e+01
2.069999999999999929e+01
2.150000000000000000e+01
