2.160000000000000142e+01
8.520000000000000284e+01
1.650000000000000000e+01
3.339999999999999858e+01
2.380000000000000071e+01
3.189999999999999858e+01
5.510000000000000142e+01
3.429999999999999716e+01
2.530000000000000071e+01
4.329999999999999716e+01
2.660000000000000142e+01
4.170000000000000284e+01
6.339999999999999858e+01
3.339999999999999858e+01
2.380000000000000071e+01
3.189999999999999858e+01
5.510000000000000142e+01
3.429999999999999716e+01
2.530000000000000071e+01
4.329999999999999716e+01
2.660000000000000142e+01
4.170000000000000284e+01
6.339999999999999858e+01
