8.520000000000000284e+01
8.520000000000000284e+01
7.640000000000000568e+01
1.869999999999999929e+01
3.929999999999999716e+01
3.929999999999999716e+01
3.670000000000000284e+01
4.860000000000000142e+01
2.510000000000000142e+01
3.420000000000000284e+01
2.000000000000000000e+01
2.200000000000000000e+01
2.019999999999999929e+01
2.769999999999999929e+01
3.130000000000000071e+01
3.060000000000000142e+01
3.289999999999999858e+01
3.169999999999999929e+01
2.030000000000000071e+01
2.539999999999999858e+01
3.929999999999999716e+01
3.670000000000000284e+01
4.860000000000000142e+01
2.510000000000000142e+01
3.420000000000000284e+01
2.000000000000000000e+01
2.200000000000000000e+01
2.019999999999999929e+01
2.769999999999999929e+01
3.130000000000000071e+01
3.060000000000000142e+01
3.289999999999999858e+01
3.169999999999999929e+01
2.030000000000000071e+01
2.539999999999999858e+01
