2.300000000000000000e+01
2.350000000000000000e+01
8.570000000000000284e+01
3.239999999999999858e+01
5.160000000000000142e+01
3.850000000000000000e+01
3.339999999999999858e+01
2.400000000000000000e+01
3.800000000000000000e+01
3.979999999999999716e+01
3.870000000000000284e+01
3.180000000000000071e+01
3.839999999999999858e+01
2.639999999999999858e+01
4.370000000000000284e+01
3.239999999999999858e+01
5.160000000000000142e+01
3.850000000000000000e+01
3.339999999999999858e+01
2.400000000000000000e+01
3.800000000000000000e+01
3.979999999999999716e+01
3.870000000000000284e+01
3.180000000000000071e+01
3.839999999999999858e+01
2.639999999999999858e+01
4.370000000000000284e+01
