8.520000000000000284e+01
8.570000000000000284e+01
8.520000000000000284e+01
1.910000000000000142e+01
2.980000000000000071e+01
8.359999999999999432e+01
8.520000000000000284e+01
8.570000000000000284e+01
1.369999999999999929e+01
3.589999999999999858e+01
2.780000000000000071e+01
2.269999999999999929e+01
3.729999999999999716e+01
1.090000000000000036e+01
2.769999999999999929e+01
3.550000000000000000e+01
1.700000000000000000e+01
2.810000000000000142e+01
2.019999999999999929e+01
4.010000000000000142e+01
1.209999999999999964e+01
5.010000000000000142e+01
3.889999999999999858e+01
7.279999999999999716e+01
4.270000000000000284e+01
3.160000000000000142e+01
1.660000000000000142e+01
3.479999999999999716e+01
3.660000000000000142e+01
6.700000000000000178e+00
5.400000000000000355e+00
7.599999999999999645e+00
5.599999999999999645e+00
6.500000000000000000e+00
7.500000000000000000e+00
5.599999999999999645e+00
5.099999999999999645e+00
7.299999999999999822e+00
9.400000000000000355e+00
7.599999999999999645e+00
9.500000000000000000e+00
5.200000000000000178e+00
7.700000000000000178e+00
6.299999999999999822e+00
5.099999999999999645e+00
7.599999999999999645e+00
3.889999999999999858e+01
7.279999999999999716e+01
4.270000000000000284e+01
3.160000000000000142e+01
1.660000000000000142e+01
3.479999999999999716e+01
3.660000000000000142e+01
1.630000000000000071e+01
2.369999999999999929e+01
2.569999999999999929e+01
2.469999999999999929e+01
7.000000000000000000e+00
1.330000000000000071e+01
2.210000000000000142e+01
3.119999999999999929e+01
5.389999999999999858e+01
6.799999999999999822e+00
3.180000000000000071e+01
5.500000000000000000e+00
4.760000000000000142e+01
4.970000000000000284e+01
5.400000000000000355e+00
0.000000000000000000e+00
0.000000000000000000e+00
0.000000000000000000e+00
0.000000000000000000e+00
0.000000000000000000e+00
8.000000000000000444e-01
0.000000000000000000e+00
0.000000000000000000e+00
0.000000000000000000e+00
0.000000000000000000e+00
0.000000000000000000e+00
4.900000000000000355e+00
0.000000000000000000e+00
0.000000000000000000e+00
0.000000000000000000e+00
0.000000000000000000e+00
0.000000000000000000e+00
3.500000000000000000e+00
0.000000000000000000e+00
0.000000000000000000e+00
0.000000000000000000e+00
0.000000000000000000e+00
5.000000000000000000e-01
0.000000000000000000e+00
0.000000000000000000e+00
0.000000000000000000e+00
0.000000000000000000e+00
0.000000000000000000e+00
0.000000000000000000e+00
0.000000000000000000e+00
0.000000000000000000e+00
0.000000000000000000e+00
0.000000000000000000e+00
0.000000000000000000e+00
0.000000000000000000e+00
0.000000000000000000e+00
0.000000000000000000e+00
0.000000000000000000e+00
0.000000000000000000e+00
0.000000000000000000e+00
0.000000000000000000e+00
0.000000000000000000e+00
0.000000000000000000e+00
0.000000000000000000e+00
0.000000000000000000e+00
0.000000000000000000e+00
0.000000000000000000e+00
0.000000000000000000e+00
0.000000000000000000e+00
0.000000000000000000e+00
0.000000000000000000e+00
0.000000000000000000e+00
0.000000000000000000e+00
0.000000000000000000e+00
0.000000000000000000e+00
0.000000000000000000e+00
3.299999999999999822e+00
0.000000000000000000e+00
5.999999999999999778e-01
0.000000000000000000e+00
0.000000000000000000e+00
0.000000000000000000e+00
0.000000000000000000e+00
0.000000000000000000e+00
0.000000000000000000e+00
2.700000000000000178e+00
0.000000000000000000e+00
0.000000000000000000e+00
0.000000000000000000e+00
0.000000000000000000e+00
0.000000000000000000e+00
1.000000000000000056e-01
0.000000000000000000e+00
0.000000000000000000e+00
0.000000000000000000e+00
0.000000000000000000e+00
0.000000000000000000e+00
0.000000000000000000e+00
0.000000000000000000e+00
0.000000000000000000e+00
0.000000000000000000e+00
0.000000000000000000e+00
0.000000000000000000e+00
0.000000000000000000e+00
0.000000000000000000e+00
0.000000000000000000e+00
0.000000000000000000e+00
0.000000000000000000e+00
0.000000000000000000e+00
0.000000000000000000e+00
0.000000000000000000e+00
0.000000000000000000e+00
4.500000000000000000e+00
0.000000000000000000e+00
0.000000000000000000e+00
0.000000000000000000e+00
0.000000000000000000e+00
5.999999999999999778e-01
0.000000000000000000e+00
0.000000000000000000e+00
3.899999999999999911e+00
0.000000000000000000e+00
0.000000000000000000e+00
0.000000000000000000e+00
2.200000000000000178e+00
1.600000000000000089e+00
0.000000000000000000e+00
0.000000000000000000e+00
0.000000000000000000e+00
2.000000000000000111e-01
0.000000000000000000e+00
0.000000000000000000e+00
0.000000000000000000e+00
2.500000000000000000e+00
0.000000000000000000e+00
0.000000000000000000e+00
0.000000000000000000e+00
0.000000000000000000e+00
0.000000000000000000e+00
0.000000000000000000e+00
0.000000000000000000e+00
0.000000000000000000e+00
0.000000000000000000e+00
0.000000000000000000e+00
0.000000000000000000e+00
1.860000000000000142e+01
1.760000000000000142e+01
1.119999999999999929e+01
1.330000000000000071e+01
1.900000000000000000e+01
1.889999999999999858e+01
1.950000000000000000e+01
1.519999999999999929e+01
2.669999999999999929e+01
3.689999999999999858e+01
3.820000000000000284e+01
2.469999999999999929e+01
1.939999999999999858e+01
3.889999999999999858e+01
3.579999999999999716e+01
3.879999999999999716e+01
4.200000000000000000e+01
1.930000000000000071e+01
4.200000000000000000e+01
1.969999999999999929e+01
1.000000000000000000e+01
2.839999999999999858e+01
2.019999999999999929e+01
2.569999999999999929e+01
3.220000000000000284e+01
4.950000000000000000e+01
2.800000000000000000e+01
1.860000000000000142e+01
1.440000000000000036e+01
2.389999999999999858e+01
2.230000000000000071e+01
3.750000000000000000e+01
3.539999999999999858e+01
4.270000000000000284e+01
4.479999999999999716e+01
4.900000000000000000e+01
3.760000000000000142e+01
1.769999999999999929e+01
2.050000000000000000e+01
4.939999999999999858e+01
5.879999999999999716e+01
3.750000000000000000e+01
3.660000000000000142e+01
4.070000000000000284e+01
5.929999999999999716e+01
3.089999999999999858e+01
