2.739999999999999858e+01
8.520000000000000284e+01
3.820000000000000284e+01
2.869999999999999929e+01
3.639999999999999858e+01
3.929999999999999716e+01
2.869999999999999929e+01
3.639999999999999858e+01
3.929999999999999716e+01
2.300000000000000000e+01
6.170000000000000284e+01
4.460000000000000142e+01
3.550000000000000000e+01
2.019999999999999929e+01
2.980000000000000071e+01
4.500000000000000000e+01
2.419999999999999929e+01
3.979999999999999716e+01
2.489999999999999858e+01
2.080000000000000071e+01
2.869999999999999929e+01
3.639999999999999858e+01
3.929999999999999716e+01
2.300000000000000000e+01
6.170000000000000284e+01
4.460000000000000142e+01
3.550000000000000000e+01
2.980000000000000071e+01
4.500000000000000000e+01
2.419999999999999929e+01
3.979999999999999716e+01
2.489999999999999858e+01
2.080000000000000071e+01
