8.359999999999999432e+01
2.180000000000000071e+01
1.639999999999999858e+01
8.520000000000000284e+01
8.520000000000000284e+01
8.520000000000000284e+01
2.739999999999999858e+01
1.330000000000000071e+01
8.570000000000000284e+01
8.570000000000000284e+01
8.520000000000000284e+01
3.289999999999999858e+01
8.520000000000000284e+01
8.359999999999999432e+01
4.529999999999999716e+01
8.570000000000000284e+01
8.520000000000000284e+01
8.520000000000000284e+01
8.520000000000000284e+01
8.359999999999999432e+01
7.270000000000000284e+01
8.359999999999999432e+01
3.389999999999999858e+01
8.520000000000000284e+01
8.520000000000000284e+01
8.520000000000000284e+01
8.359999999999999432e+01
8.359999999999999432e+01
8.359999999999999432e+01
8.359999999999999432e+01
8.359999999999999432e+01
8.359999999999999432e+01
8.359999999999999432e+01
8.359999999999999432e+01
8.359999999999999432e+01
8.359999999999999432e+01
8.359999999999999432e+01
8.359999999999999432e+01
8.359999999999999432e+01
8.359999999999999432e+01
8.359999999999999432e+01
8.359999999999999432e+01
8.359999999999999432e+01
8.359999999999999432e+01
8.359999999999999432e+01
8.359999999999999432e+01
8.359999999999999432e+01
8.359999999999999432e+01
8.359999999999999432e+01
8.359999999999999432e+01
8.359999999999999432e+01
8.359999999999999432e+01
8.359999999999999432e+01
8.359999999999999432e+01
8.359999999999999432e+01
8.359999999999999432e+01
8.359999999999999432e+01
8.359999999999999432e+01
8.359999999999999432e+01
8.359999999999999432e+01
8.359999999999999432e+01
8.359999999999999432e+01
8.359999999999999432e+01
8.359999999999999432e+01
8.359999999999999432e+01
8.359999999999999432e+01
8.359999999999999432e+01
8.359999999999999432e+01
8.359999999999999432e+01
8.359999999999999432e+01
8.359999999999999432e+01
8.359999999999999432e+01
8.359999999999999432e+01
8.359999999999999432e+01
8.359999999999999432e+01
8.359999999999999432e+01
8.359999999999999432e+01
8.359999999999999432e+01
8.359999999999999432e+01
8.359999999999999432e+01
8.359999999999999432e+01
8.359999999999999432e+01
8.359999999999999432e+01
8.359999999999999432e+01
8.359999999999999432e+01
8.359999999999999432e+01
8.359999999999999432e+01
8.359999999999999432e+01
8.359999999999999432e+01
8.359999999999999432e+01
8.359999999999999432e+01
8.359999999999999432e+01
8.359999999999999432e+01
8.359999999999999432e+01
2.569999999999999929e+01
8.359999999999999432e+01
3.279999999999999716e+01
8.359999999999999432e+01
8.359999999999999432e+01
8.359999999999999432e+01
8.359999999999999432e+01
8.359999999999999432e+01
8.359999999999999432e+01
8.359999999999999432e+01
8.359999999999999432e+01
8.359999999999999432e+01
8.359999999999999432e+01
8.359999999999999432e+01
8.359999999999999432e+01
8.359999999999999432e+01
1.119999999999999929e+01
8.359999999999999432e+01
8.359999999999999432e+01
8.359999999999999432e+01
1.359999999999999964e+01
8.359999999999999432e+01
8.359999999999999432e+01
8.359999999999999432e+01
8.359999999999999432e+01
8.359999999999999432e+01
8.359999999999999432e+01
8.359999999999999432e+01
8.359999999999999432e+01
8.359999999999999432e+01
1.430000000000000071e+01
8.359999999999999432e+01
8.359999999999999432e+01
8.359999999999999432e+01
8.359999999999999432e+01
8.359999999999999432e+01
8.359999999999999432e+01
8.359999999999999432e+01
8.359999999999999432e+01
8.359999999999999432e+01
8.359999999999999432e+01
8.359999999999999432e+01
8.359999999999999432e+01
8.359999999999999432e+01
8.359999999999999432e+01
8.359999999999999432e+01
8.359999999999999432e+01
8.359999999999999432e+01
8.359999999999999432e+01
8.359999999999999432e+01
8.359999999999999432e+01
8.359999999999999432e+01
8.359999999999999432e+01
8.359999999999999432e+01
8.359999999999999432e+01
8.359999999999999432e+01
8.359999999999999432e+01
8.359999999999999432e+01
8.359999999999999432e+01
8.359999999999999432e+01
8.359999999999999432e+01
8.359999999999999432e+01
8.359999999999999432e+01
8.359999999999999432e+01
8.359999999999999432e+01
8.359999999999999432e+01
8.359999999999999432e+01
8.359999999999999432e+01
8.359999999999999432e+01
8.359999999999999432e+01
8.359999999999999432e+01
8.359999999999999432e+01
8.359999999999999432e+01
4.710000000000000142e+01
8.359999999999999432e+01
8.359999999999999432e+01
8.359999999999999432e+01
8.359999999999999432e+01
8.359999999999999432e+01
8.359999999999999432e+01
8.359999999999999432e+01
8.359999999999999432e+01
8.359999999999999432e+01
8.359999999999999432e+01
8.359999999999999432e+01
8.359999999999999432e+01
8.359999999999999432e+01
8.359999999999999432e+01
8.359999999999999432e+01
8.359999999999999432e+01
8.359999999999999432e+01
8.359999999999999432e+01
8.359999999999999432e+01
8.359999999999999432e+01
8.359999999999999432e+01
8.359999999999999432e+01
8.359999999999999432e+01
8.359999999999999432e+01
8.359999999999999432e+01
1.810000000000000142e+01
8.359999999999999432e+01
8.359999999999999432e+01
8.359999999999999432e+01
8.359999999999999432e+01
8.359999999999999432e+01
8.359999999999999432e+01
8.359999999999999432e+01
8.359999999999999432e+01
8.359999999999999432e+01
8.359999999999999432e+01
8.359999999999999432e+01
8.359999999999999432e+01
8.359999999999999432e+01
8.359999999999999432e+01
8.359999999999999432e+01
8.359999999999999432e+01
8.359999999999999432e+01
8.359999999999999432e+01
8.359999999999999432e+01
8.359999999999999432e+01
8.359999999999999432e+01
8.359999999999999432e+01
8.359999999999999432e+01
8.359999999999999432e+01
8.359999999999999432e+01
8.359999999999999432e+01
8.359999999999999432e+01
8.359999999999999432e+01
8.359999999999999432e+01
8.359999999999999432e+01
8.359999999999999432e+01
8.359999999999999432e+01
8.359999999999999432e+01
8.359999999999999432e+01
8.359999999999999432e+01
8.359999999999999432e+01
8.359999999999999432e+01
8.359999999999999432e+01
8.359999999999999432e+01
8.359999999999999432e+01
8.359999999999999432e+01
8.359999999999999432e+01
8.359999999999999432e+01
8.359999999999999432e+01
8.359999999999999432e+01
8.359999999999999432e+01
8.359999999999999432e+01
8.359999999999999432e+01
8.359999999999999432e+01
8.359999999999999432e+01
8.359999999999999432e+01
8.359999999999999432e+01
8.359999999999999432e+01
8.359999999999999432e+01
8.359999999999999432e+01
8.359999999999999432e+01
8.359999999999999432e+01
8.359999999999999432e+01
8.359999999999999432e+01
8.359999999999999432e+01
8.359999999999999432e+01
8.359999999999999432e+01
8.359999999999999432e+01
8.359999999999999432e+01
8.359999999999999432e+01
8.359999999999999432e+01
8.359999999999999432e+01
8.359999999999999432e+01
8.359999999999999432e+01
8.359999999999999432e+01
8.359999999999999432e+01
8.359999999999999432e+01
8.359999999999999432e+01
8.359999999999999432e+01
8.359999999999999432e+01
8.359999999999999432e+01
8.359999999999999432e+01
8.359999999999999432e+01
8.359999999999999432e+01
8.359999999999999432e+01
3.119999999999999929e+01
8.359999999999999432e+01
8.359999999999999432e+01
8.359999999999999432e+01
8.359999999999999432e+01
8.359999999999999432e+01
8.359999999999999432e+01
8.359999999999999432e+01
3.279999999999999716e+01
8.359999999999999432e+01
8.359999999999999432e+01
8.359999999999999432e+01
8.359999999999999432e+01
8.359999999999999432e+01
8.359999999999999432e+01
8.359999999999999432e+01
8.359999999999999432e+01
8.359999999999999432e+01
8.359999999999999432e+01
8.359999999999999432e+01
8.359999999999999432e+01
8.359999999999999432e+01
8.359999999999999432e+01
8.359999999999999432e+01
8.359999999999999432e+01
8.359999999999999432e+01
8.359999999999999432e+01
8.359999999999999432e+01
8.359999999999999432e+01
8.359999999999999432e+01
8.359999999999999432e+01
8.359999999999999432e+01
8.359999999999999432e+01
8.359999999999999432e+01
8.359999999999999432e+01
8.359999999999999432e+01
8.359999999999999432e+01
8.359999999999999432e+01
8.359999999999999432e+01
8.359999999999999432e+01
8.359999999999999432e+01
8.359999999999999432e+01
8.359999999999999432e+01
8.359999999999999432e+01
8.359999999999999432e+01
8.359999999999999432e+01
8.359999999999999432e+01
8.359999999999999432e+01
8.359999999999999432e+01
8.359999999999999432e+01
8.359999999999999432e+01
8.359999999999999432e+01
8.359999999999999432e+01
8.359999999999999432e+01
8.359999999999999432e+01
8.359999999999999432e+01
8.359999999999999432e+01
8.359999999999999432e+01
8.359999999999999432e+01
8.359999999999999432e+01
8.359999999999999432e+01
8.359999999999999432e+01
8.359999999999999432e+01
8.359999999999999432e+01
8.359999999999999432e+01
8.359999999999999432e+01
8.359999999999999432e+01
8.359999999999999432e+01
8.359999999999999432e+01
8.359999999999999432e+01
8.359999999999999432e+01
8.359999999999999432e+01
8.359999999999999432e+01
8.359999999999999432e+01
8.359999999999999432e+01
8.359999999999999432e+01
8.359999999999999432e+01
8.359999999999999432e+01
8.359999999999999432e+01
8.359999999999999432e+01
8.359999999999999432e+01
8.359999999999999432e+01
8.359999999999999432e+01
8.359999999999999432e+01
8.359999999999999432e+01
8.359999999999999432e+01
8.359999999999999432e+01
8.359999999999999432e+01
8.359999999999999432e+01
8.359999999999999432e+01
8.359999999999999432e+01
8.359999999999999432e+01
8.359999999999999432e+01
8.359999999999999432e+01
8.359999999999999432e+01
8.359999999999999432e+01
8.359999999999999432e+01
3.119999999999999929e+01
8.359999999999999432e+01
8.359999999999999432e+01
8.359999999999999432e+01
8.359999999999999432e+01
8.359999999999999432e+01
8.359999999999999432e+01
8.359999999999999432e+01
3.279999999999999716e+01
8.359999999999999432e+01
8.359999999999999432e+01
8.359999999999999432e+01
8.359999999999999432e+01
8.359999999999999432e+01
8.359999999999999432e+01
8.359999999999999432e+01
8.359999999999999432e+01
8.359999999999999432e+01
8.359999999999999432e+01
8.359999999999999432e+01
8.359999999999999432e+01
8.359999999999999432e+01
8.359999999999999432e+01
8.359999999999999432e+01
8.359999999999999432e+01
8.359999999999999432e+01
8.359999999999999432e+01
8.359999999999999432e+01
8.359999999999999432e+01
8.359999999999999432e+01
8.359999999999999432e+01
8.359999999999999432e+01
8.359999999999999432e+01
8.359999999999999432e+01
8.359999999999999432e+01
8.359999999999999432e+01
8.359999999999999432e+01
8.359999999999999432e+01
8.359999999999999432e+01
8.359999999999999432e+01
8.359999999999999432e+01
8.359999999999999432e+01
8.359999999999999432e+01
8.359999999999999432e+01
8.359999999999999432e+01
8.359999999999999432e+01
8.359999999999999432e+01
8.359999999999999432e+01
8.359999999999999432e+01
8.359999999999999432e+01
8.359999999999999432e+01
8.359999999999999432e+01
8.359999999999999432e+01
8.359999999999999432e+01
8.359999999999999432e+01
8.359999999999999432e+01
8.359999999999999432e+01
8.359999999999999432e+01
8.359999999999999432e+01
8.359999999999999432e+01
8.359999999999999432e+01
8.359999999999999432e+01
8.359999999999999432e+01
8.359999999999999432e+01
8.359999999999999432e+01
8.359999999999999432e+01
8.359999999999999432e+01
8.359999999999999432e+01
8.359999999999999432e+01
8.359999999999999432e+01
8.359999999999999432e+01
8.359999999999999432e+01
8.359999999999999432e+01
8.359999999999999432e+01
8.359999999999999432e+01
8.359999999999999432e+01
8.359999999999999432e+01
8.359999999999999432e+01
8.359999999999999432e+01
8.359999999999999432e+01
8.359999999999999432e+01
8.359999999999999432e+01
8.359999999999999432e+01
8.359999999999999432e+01
8.359999999999999432e+01
8.359999999999999432e+01
8.359999999999999432e+01
8.359999999999999432e+01
8.359999999999999432e+01
2.389999999999999858e+01
8.359999999999999432e+01
8.359999999999999432e+01
8.359999999999999432e+01
8.359999999999999432e+01
2.169999999999999929e+01
8.359999999999999432e+01
8.359999999999999432e+01
8.359999999999999432e+01
8.359999999999999432e+01
8.359999999999999432e+01
8.359999999999999432e+01
8.359999999999999432e+01
8.359999999999999432e+01
8.359999999999999432e+01
8.359999999999999432e+01
8.359999999999999432e+01
8.359999999999999432e+01
8.359999999999999432e+01
8.359999999999999432e+01
8.359999999999999432e+01
8.359999999999999432e+01
8.359999999999999432e+01
8.359999999999999432e+01
8.359999999999999432e+01
8.359999999999999432e+01
8.359999999999999432e+01
8.359999999999999432e+01
8.359999999999999432e+01
8.359999999999999432e+01
8.359999999999999432e+01
8.359999999999999432e+01
8.359999999999999432e+01
8.359999999999999432e+01
8.359999999999999432e+01
8.359999999999999432e+01
8.359999999999999432e+01
8.359999999999999432e+01
8.359999999999999432e+01
8.359999999999999432e+01
8.359999999999999432e+01
8.359999999999999432e+01
8.359999999999999432e+01
8.359999999999999432e+01
8.359999999999999432e+01
8.359999999999999432e+01
8.359999999999999432e+01
8.359999999999999432e+01
8.359999999999999432e+01
8.359999999999999432e+01
8.359999999999999432e+01
8.359999999999999432e+01
8.359999999999999432e+01
8.359999999999999432e+01
8.359999999999999432e+01
8.359999999999999432e+01
8.359999999999999432e+01
8.359999999999999432e+01
8.359999999999999432e+01
8.359999999999999432e+01
8.359999999999999432e+01
8.359999999999999432e+01
8.359999999999999432e+01
8.359999999999999432e+01
8.359999999999999432e+01
8.359999999999999432e+01
8.359999999999999432e+01
8.359999999999999432e+01
8.359999999999999432e+01
8.359999999999999432e+01
8.359999999999999432e+01
8.359999999999999432e+01
8.359999999999999432e+01
8.359999999999999432e+01
8.359999999999999432e+01
8.359999999999999432e+01
8.359999999999999432e+01
8.359999999999999432e+01
8.359999999999999432e+01
8.359999999999999432e+01
8.359999999999999432e+01
8.359999999999999432e+01
8.359999999999999432e+01
8.359999999999999432e+01
8.359999999999999432e+01
8.359999999999999432e+01
8.359999999999999432e+01
8.359999999999999432e+01
8.359999999999999432e+01
8.359999999999999432e+01
8.359999999999999432e+01
8.359999999999999432e+01
8.359999999999999432e+01
8.359999999999999432e+01
8.359999999999999432e+01
8.359999999999999432e+01
8.359999999999999432e+01
8.359999999999999432e+01
8.359999999999999432e+01
8.359999999999999432e+01
8.359999999999999432e+01
8.359999999999999432e+01
8.359999999999999432e+01
8.359999999999999432e+01
8.359999999999999432e+01
8.359999999999999432e+01
8.359999999999999432e+01
8.359999999999999432e+01
8.359999999999999432e+01
8.359999999999999432e+01
8.359999999999999432e+01
8.359999999999999432e+01
8.359999999999999432e+01
8.359999999999999432e+01
8.359999999999999432e+01
8.359999999999999432e+01
8.359999999999999432e+01
8.359999999999999432e+01
8.359999999999999432e+01
8.359999999999999432e+01
8.359999999999999432e+01
8.359999999999999432e+01
8.359999999999999432e+01
8.359999999999999432e+01
8.359999999999999432e+01
8.359999999999999432e+01
8.359999999999999432e+01
8.359999999999999432e+01
8.359999999999999432e+01
8.359999999999999432e+01
8.359999999999999432e+01
8.359999999999999432e+01
8.359999999999999432e+01
8.359999999999999432e+01
8.359999999999999432e+01
8.359999999999999432e+01
8.359999999999999432e+01
8.359999999999999432e+01
8.359999999999999432e+01
8.359999999999999432e+01
8.359999999999999432e+01
8.359999999999999432e+01
8.359999999999999432e+01
8.359999999999999432e+01
8.359999999999999432e+01
8.359999999999999432e+01
8.359999999999999432e+01
8.359999999999999432e+01
8.359999999999999432e+01
8.359999999999999432e+01
8.359999999999999432e+01
3.970000000000000284e+01
8.359999999999999432e+01
8.359999999999999432e+01
8.359999999999999432e+01
8.359999999999999432e+01
8.359999999999999432e+01
8.359999999999999432e+01
8.359999999999999432e+01
8.359999999999999432e+01
8.359999999999999432e+01
8.359999999999999432e+01
8.359999999999999432e+01
8.359999999999999432e+01
8.359999999999999432e+01
8.359999999999999432e+01
8.359999999999999432e+01
8.359999999999999432e+01
8.359999999999999432e+01
8.359999999999999432e+01
8.359999999999999432e+01
8.359999999999999432e+01
8.359999999999999432e+01
8.359999999999999432e+01
8.359999999999999432e+01
8.359999999999999432e+01
8.359999999999999432e+01
8.359999999999999432e+01
8.359999999999999432e+01
8.359999999999999432e+01
3.900000000000000000e+01
8.359999999999999432e+01
8.359999999999999432e+01
8.359999999999999432e+01
8.359999999999999432e+01
8.359999999999999432e+01
8.359999999999999432e+01
8.359999999999999432e+01
8.359999999999999432e+01
8.359999999999999432e+01
8.359999999999999432e+01
8.359999999999999432e+01
8.359999999999999432e+01
8.359999999999999432e+01
8.359999999999999432e+01
8.359999999999999432e+01
8.359999999999999432e+01
8.359999999999999432e+01
8.359999999999999432e+01
8.359999999999999432e+01
8.359999999999999432e+01
8.359999999999999432e+01
8.359999999999999432e+01
8.359999999999999432e+01
8.359999999999999432e+01
8.359999999999999432e+01
8.359999999999999432e+01
8.359999999999999432e+01
8.359999999999999432e+01
8.359999999999999432e+01
8.359999999999999432e+01
8.359999999999999432e+01
8.359999999999999432e+01
8.359999999999999432e+01
8.359999999999999432e+01
8.359999999999999432e+01
8.359999999999999432e+01
8.359999999999999432e+01
8.359999999999999432e+01
8.359999999999999432e+01
8.359999999999999432e+01
8.359999999999999432e+01
8.359999999999999432e+01
8.359999999999999432e+01
8.359999999999999432e+01
8.359999999999999432e+01
8.359999999999999432e+01
8.359999999999999432e+01
8.359999999999999432e+01
8.359999999999999432e+01
8.359999999999999432e+01
8.359999999999999432e+01
8.359999999999999432e+01
8.359999999999999432e+01
8.359999999999999432e+01
8.359999999999999432e+01
8.359999999999999432e+01
8.359999999999999432e+01
8.359999999999999432e+01
8.359999999999999432e+01
8.359999999999999432e+01
8.359999999999999432e+01
8.359999999999999432e+01
8.359999999999999432e+01
8.359999999999999432e+01
8.359999999999999432e+01
8.359999999999999432e+01
8.359999999999999432e+01
8.359999999999999432e+01
8.359999999999999432e+01
4.910000000000000142e+01
8.359999999999999432e+01
8.359999999999999432e+01
8.359999999999999432e+01
8.359999999999999432e+01
8.359999999999999432e+01
8.359999999999999432e+01
8.359999999999999432e+01
8.359999999999999432e+01
8.359999999999999432e+01
8.359999999999999432e+01
8.359999999999999432e+01
8.359999999999999432e+01
8.359999999999999432e+01
8.359999999999999432e+01
8.359999999999999432e+01
8.359999999999999432e+01
8.359999999999999432e+01
8.359999999999999432e+01
8.359999999999999432e+01
8.359999999999999432e+01
8.359999999999999432e+01
8.359999999999999432e+01
8.359999999999999432e+01
8.359999999999999432e+01
8.359999999999999432e+01
8.359999999999999432e+01
8.359999999999999432e+01
8.359999999999999432e+01
8.359999999999999432e+01
8.359999999999999432e+01
8.359999999999999432e+01
8.359999999999999432e+01
8.359999999999999432e+01
8.359999999999999432e+01
8.359999999999999432e+01
8.359999999999999432e+01
8.359999999999999432e+01
8.359999999999999432e+01
8.359999999999999432e+01
5.689999999999999858e+01
8.359999999999999432e+01
8.359999999999999432e+01
8.359999999999999432e+01
8.359999999999999432e+01
8.359999999999999432e+01
8.359999999999999432e+01
8.359999999999999432e+01
8.359999999999999432e+01
8.359999999999999432e+01
8.359999999999999432e+01
8.359999999999999432e+01
8.359999999999999432e+01
8.359999999999999432e+01
8.359999999999999432e+01
8.359999999999999432e+01
8.359999999999999432e+01
8.359999999999999432e+01
8.359999999999999432e+01
8.359999999999999432e+01
8.359999999999999432e+01
8.359999999999999432e+01
8.359999999999999432e+01
8.359999999999999432e+01
8.359999999999999432e+01
8.359999999999999432e+01
8.359999999999999432e+01
8.359999999999999432e+01
8.359999999999999432e+01
8.359999999999999432e+01
8.359999999999999432e+01
8.359999999999999432e+01
8.359999999999999432e+01
8.359999999999999432e+01
8.359999999999999432e+01
8.359999999999999432e+01
8.359999999999999432e+01
8.359999999999999432e+01
8.359999999999999432e+01
8.359999999999999432e+01
8.359999999999999432e+01
8.359999999999999432e+01
8.359999999999999432e+01
8.359999999999999432e+01
8.359999999999999432e+01
8.359999999999999432e+01
8.359999999999999432e+01
3.710000000000000142e+01
8.359999999999999432e+01
8.359999999999999432e+01
8.359999999999999432e+01
8.359999999999999432e+01
8.359999999999999432e+01
8.359999999999999432e+01
8.359999999999999432e+01
8.359999999999999432e+01
8.359999999999999432e+01
8.359999999999999432e+01
8.359999999999999432e+01
8.359999999999999432e+01
8.359999999999999432e+01
8.359999999999999432e+01
8.359999999999999432e+01
8.359999999999999432e+01
8.359999999999999432e+01
8.359999999999999432e+01
8.359999999999999432e+01
8.359999999999999432e+01
8.359999999999999432e+01
8.359999999999999432e+01
8.359999999999999432e+01
8.359999999999999432e+01
8.359999999999999432e+01
8.359999999999999432e+01
8.359999999999999432e+01
8.359999999999999432e+01
8.359999999999999432e+01
8.359999999999999432e+01
8.359999999999999432e+01
8.359999999999999432e+01
8.359999999999999432e+01
8.359999999999999432e+01
8.359999999999999432e+01
8.359999999999999432e+01
8.359999999999999432e+01
8.359999999999999432e+01
8.359999999999999432e+01
8.359999999999999432e+01
8.359999999999999432e+01
8.359999999999999432e+01
8.359999999999999432e+01
8.359999999999999432e+01
8.359999999999999432e+01
8.359999999999999432e+01
8.359999999999999432e+01
8.359999999999999432e+01
8.359999999999999432e+01
8.359999999999999432e+01
8.359999999999999432e+01
8.359999999999999432e+01
8.359999999999999432e+01
8.359999999999999432e+01
8.359999999999999432e+01
8.359999999999999432e+01
8.359999999999999432e+01
8.359999999999999432e+01
8.359999999999999432e+01
8.359999999999999432e+01
8.359999999999999432e+01
8.359999999999999432e+01
8.359999999999999432e+01
8.359999999999999432e+01
8.359999999999999432e+01
8.359999999999999432e+01
8.359999999999999432e+01
8.359999999999999432e+01
8.359999999999999432e+01
8.359999999999999432e+01
8.359999999999999432e+01
8.359999999999999432e+01
8.359999999999999432e+01
8.359999999999999432e+01
8.359999999999999432e+01
8.359999999999999432e+01
8.359999999999999432e+01
8.359999999999999432e+01
8.359999999999999432e+01
8.359999999999999432e+01
8.359999999999999432e+01
8.359999999999999432e+01
8.359999999999999432e+01
8.359999999999999432e+01
8.359999999999999432e+01
8.359999999999999432e+01
8.359999999999999432e+01
8.359999999999999432e+01
8.359999999999999432e+01
8.359999999999999432e+01
8.359999999999999432e+01
8.359999999999999432e+01
8.359999999999999432e+01
8.359999999999999432e+01
8.359999999999999432e+01
8.359999999999999432e+01
8.359999999999999432e+01
8.359999999999999432e+01
8.359999999999999432e+01
8.359999999999999432e+01
8.359999999999999432e+01
8.359999999999999432e+01
8.359999999999999432e+01
8.359999999999999432e+01
8.359999999999999432e+01
8.359999999999999432e+01
8.359999999999999432e+01
8.359999999999999432e+01
8.359999999999999432e+01
8.359999999999999432e+01
8.359999999999999432e+01
8.359999999999999432e+01
8.359999999999999432e+01
8.359999999999999432e+01
8.359999999999999432e+01
8.359999999999999432e+01
8.359999999999999432e+01
8.359999999999999432e+01
8.359999999999999432e+01
8.359999999999999432e+01
8.359999999999999432e+01
8.359999999999999432e+01
8.359999999999999432e+01
8.359999999999999432e+01
8.359999999999999432e+01
8.359999999999999432e+01
8.359999999999999432e+01
8.359999999999999432e+01
8.359999999999999432e+01
8.359999999999999432e+01
8.359999999999999432e+01
8.359999999999999432e+01
8.359999999999999432e+01
8.359999999999999432e+01
8.359999999999999432e+01
8.359999999999999432e+01
8.359999999999999432e+01
8.359999999999999432e+01
8.359999999999999432e+01
8.359999999999999432e+01
8.359999999999999432e+01
8.359999999999999432e+01
8.359999999999999432e+01
8.359999999999999432e+01
2.500000000000000000e+01
8.359999999999999432e+01
8.359999999999999432e+01
8.359999999999999432e+01
8.359999999999999432e+01
8.359999999999999432e+01
8.359999999999999432e+01
8.359999999999999432e+01
8.359999999999999432e+01
8.359999999999999432e+01
8.359999999999999432e+01
8.359999999999999432e+01
2.360000000000000142e+01
8.359999999999999432e+01
8.359999999999999432e+01
8.359999999999999432e+01
8.359999999999999432e+01
8.359999999999999432e+01
8.359999999999999432e+01
8.359999999999999432e+01
8.359999999999999432e+01
8.359999999999999432e+01
8.359999999999999432e+01
8.359999999999999432e+01
8.359999999999999432e+01
8.359999999999999432e+01
8.359999999999999432e+01
8.359999999999999432e+01
8.359999999999999432e+01
8.359999999999999432e+01
8.359999999999999432e+01
8.359999999999999432e+01
8.359999999999999432e+01
8.359999999999999432e+01
8.359999999999999432e+01
8.359999999999999432e+01
8.359999999999999432e+01
8.359999999999999432e+01
9.090000000000000568e+01
8.359999999999999432e+01
8.359999999999999432e+01
8.359999999999999432e+01
8.359999999999999432e+01
8.359999999999999432e+01
8.359999999999999432e+01
8.359999999999999432e+01
8.359999999999999432e+01
8.359999999999999432e+01
8.359999999999999432e+01
8.359999999999999432e+01
8.359999999999999432e+01
8.359999999999999432e+01
8.359999999999999432e+01
8.359999999999999432e+01
8.359999999999999432e+01
8.359999999999999432e+01
8.359999999999999432e+01
8.359999999999999432e+01
8.359999999999999432e+01
8.359999999999999432e+01
8.359999999999999432e+01
8.359999999999999432e+01
8.359999999999999432e+01
8.359999999999999432e+01
8.359999999999999432e+01
2.660000000000000142e+01
8.359999999999999432e+01
8.359999999999999432e+01
8.359999999999999432e+01
8.359999999999999432e+01
8.359999999999999432e+01
8.359999999999999432e+01
3.069999999999999929e+01
8.359999999999999432e+01
8.359999999999999432e+01
8.359999999999999432e+01
8.359999999999999432e+01
8.359999999999999432e+01
8.359999999999999432e+01
8.359999999999999432e+01
8.359999999999999432e+01
8.359999999999999432e+01
8.359999999999999432e+01
8.359999999999999432e+01
8.359999999999999432e+01
8.359999999999999432e+01
8.359999999999999432e+01
8.359999999999999432e+01
8.359999999999999432e+01
8.359999999999999432e+01
8.359999999999999432e+01
8.359999999999999432e+01
8.359999999999999432e+01
8.359999999999999432e+01
8.359999999999999432e+01
8.359999999999999432e+01
8.359999999999999432e+01
8.359999999999999432e+01
8.359999999999999432e+01
8.359999999999999432e+01
8.359999999999999432e+01
8.359999999999999432e+01
8.359999999999999432e+01
8.359999999999999432e+01
8.359999999999999432e+01
8.359999999999999432e+01
8.359999999999999432e+01
8.359999999999999432e+01
8.359999999999999432e+01
8.359999999999999432e+01
8.359999999999999432e+01
8.359999999999999432e+01
8.359999999999999432e+01
8.359999999999999432e+01
8.359999999999999432e+01
8.359999999999999432e+01
8.359999999999999432e+01
9.300000000000000711e+00
8.359999999999999432e+01
8.359999999999999432e+01
8.359999999999999432e+01
8.359999999999999432e+01
0.000000000000000000e+00
8.359999999999999432e+01
8.359999999999999432e+01
3.729999999999999716e+01
8.359999999999999432e+01
8.359999999999999432e+01
0.000000000000000000e+00
8.359999999999999432e+01
0.000000000000000000e+00
8.359999999999999432e+01
8.359999999999999432e+01
8.359999999999999432e+01
8.359999999999999432e+01
8.359999999999999432e+01
8.359999999999999432e+01
0.000000000000000000e+00
0.000000000000000000e+00
3.270000000000000284e+01
8.359999999999999432e+01
8.359999999999999432e+01
0.000000000000000000e+00
8.359999999999999432e+01
0.000000000000000000e+00
0.000000000000000000e+00
8.359999999999999432e+01
8.359999999999999432e+01
8.359999999999999432e+01
0.000000000000000000e+00
8.359999999999999432e+01
8.359999999999999432e+01
8.359999999999999432e+01
8.359999999999999432e+01
8.359999999999999432e+01
8.359999999999999432e+01
8.359999999999999432e+01
2.000000000000000000e+00
8.359999999999999432e+01
8.359999999999999432e+01
0.000000000000000000e+00
8.359999999999999432e+01
8.359999999999999432e+01
8.359999999999999432e+01
8.359999999999999432e+01
8.359999999999999432e+01
8.359999999999999432e+01
8.359999999999999432e+01
0.000000000000000000e+00
8.359999999999999432e+01
8.359999999999999432e+01
8.359999999999999432e+01
8.359999999999999432e+01
2.850000000000000000e+01
8.359999999999999432e+01
8.359999999999999432e+01
8.359999999999999432e+01
5.299999999999999822e+00
3.510000000000000142e+01
8.359999999999999432e+01
8.359999999999999432e+01
0.000000000000000000e+00
8.359999999999999432e+01
0.000000000000000000e+00
8.359999999999999432e+01
8.359999999999999432e+01
8.359999999999999432e+01
0.000000000000000000e+00
8.359999999999999432e+01
8.359999999999999432e+01
8.359999999999999432e+01
8.359999999999999432e+01
8.359999999999999432e+01
8.359999999999999432e+01
8.359999999999999432e+01
8.359999999999999432e+01
8.359999999999999432e+01
8.359999999999999432e+01
8.359999999999999432e+01
8.359999999999999432e+01
8.359999999999999432e+01
8.359999999999999432e+01
8.359999999999999432e+01
0.000000000000000000e+00
8.359999999999999432e+01
0.000000000000000000e+00
8.699999999999999289e+00
2.989999999999999858e+01
8.359999999999999432e+01
8.359999999999999432e+01
0.000000000000000000e+00
8.359999999999999432e+01
8.359999999999999432e+01
8.359999999999999432e+01
8.359999999999999432e+01
0.000000000000000000e+00
8.359999999999999432e+01
8.359999999999999432e+01
8.359999999999999432e+01
8.359999999999999432e+01
8.359999999999999432e+01
8.359999999999999432e+01
8.359999999999999432e+01
8.359999999999999432e+01
0.000000000000000000e+00
8.359999999999999432e+01
8.359999999999999432e+01
8.359999999999999432e+01
8.359999999999999432e+01
8.359999999999999432e+01
8.359999999999999432e+01
8.359999999999999432e+01
8.359999999999999432e+01
0.000000000000000000e+00
8.359999999999999432e+01
8.359999999999999432e+01
8.359999999999999432e+01
8.359999999999999432e+01
8.359999999999999432e+01
8.359999999999999432e+01
8.359999999999999432e+01
0.000000000000000000e+00
8.359999999999999432e+01
1.600000000000000000e+01
8.359999999999999432e+01
8.359999999999999432e+01
8.359999999999999432e+01
0.000000000000000000e+00
8.359999999999999432e+01
1.259999999999999964e+01
8.359999999999999432e+01
8.359999999999999432e+01
8.359999999999999432e+01
8.359999999999999432e+01
8.359999999999999432e+01
8.359999999999999432e+01
8.359999999999999432e+01
8.359999999999999432e+01
8.359999999999999432e+01
1.000000000000000000e+01
8.359999999999999432e+01
8.359999999999999432e+01
8.359999999999999432e+01
8.359999999999999432e+01
8.359999999999999432e+01
8.359999999999999432e+01
8.359999999999999432e+01
8.359999999999999432e+01
8.359999999999999432e+01
8.359999999999999432e+01
8.359999999999999432e+01
8.359999999999999432e+01
0.000000000000000000e+00
4.970000000000000284e+01
8.359999999999999432e+01
8.359999999999999432e+01
8.359999999999999432e+01
0.000000000000000000e+00
8.359999999999999432e+01
8.359999999999999432e+01
8.359999999999999432e+01
8.359999999999999432e+01
8.359999999999999432e+01
8.359999999999999432e+01
8.359999999999999432e+01
8.359999999999999432e+01
8.359999999999999432e+01
8.359999999999999432e+01
8.359999999999999432e+01
8.359999999999999432e+01
