8.570000000000000284e+01
2.900000000000000000e+01
2.450000000000000000e+01
8.520000000000000284e+01
4.160000000000000142e+01
1.300000000000000000e+01
8.359999999999999432e+01
3.910000000000000142e+01
2.400000000000000000e+01
4.320000000000000284e+01
2.919999999999999929e+01
2.919999999999999929e+01
2.230000000000000071e+01
2.089999999999999858e+01
2.169999999999999929e+01
2.780000000000000071e+01
2.430000000000000071e+01
3.539999999999999858e+01
3.279999999999999716e+01
2.919999999999999929e+01
2.230000000000000071e+01
2.089999999999999858e+01
2.169999999999999929e+01
2.780000000000000071e+01
2.430000000000000071e+01
3.539999999999999858e+01
3.279999999999999716e+01
