8.520000000000000284e+01
2.219999999999999929e+01
8.570000000000000284e+01
1.500000000000000000e+01
3.180000000000000071e+01
3.320000000000000284e+01
2.089999999999999858e+01
2.430000000000000071e+01
3.539999999999999858e+01
2.589999999999999858e+01
3.729999999999999716e+01
0.000000000000000000e+00
0.000000000000000000e+00
3.010000000000000142e+01
0.000000000000000000e+00
0.000000000000000000e+00
0.000000000000000000e+00
3.460000000000000142e+01
0.000000000000000000e+00
1.900000000000000000e+01
1.100000000000000089e+00
3.610000000000000142e+01
0.000000000000000000e+00
