3.439999999999999858e+01
3.250000000000000000e+01
1.450000000000000000e+01
2.050000000000000000e+01
6.299999999999999822e+00
8.900000000000000355e+00
9.199999999999999289e+00
8.699999999999999289e+00
7.799999999999999822e+00
9.000000000000000000e+00
1.450000000000000000e+01
9.199999999999999289e+00
2.050000000000000000e+01
8.199999999999999289e+00
1.250000000000000000e+01
2.310000000000000142e+01
2.189999999999999858e+01
3.570000000000000284e+01
7.240000000000000568e+01
5.099999999999999645e+00
0.000000000000000000e+00
0.000000000000000000e+00
4.900000000000000355e+00
0.000000000000000000e+00
0.000000000000000000e+00
0.000000000000000000e+00
0.000000000000000000e+00
0.000000000000000000e+00
0.000000000000000000e+00
0.000000000000000000e+00
0.000000000000000000e+00
0.000000000000000000e+00
1.680000000000000071e+01
1.319999999999999929e+01
1.680000000000000071e+01
1.490000000000000036e+01
3.110000000000000142e+01
1.330000000000000071e+01
3.310000000000000142e+01
1.300000000000000000e+01
2.380000000000000071e+01
1.739999999999999858e+01
3.929999999999999716e+01
2.839999999999999858e+01
