8.520000000000000284e+01
3.529999999999999716e+01
8.359999999999999432e+01
2.860000000000000142e+01
1.540000000000000036e+01
2.589999999999999858e+01
1.209999999999999964e+01
1.180000000000000071e+01
3.500000000000000000e+01
2.439999999999999858e+01
1.600000000000000000e+01
8.599999999999999645e+00
8.000000000000000000e+00
9.699999999999999289e+00
8.000000000000000000e+00
9.800000000000000711e+00
1.180000000000000071e+01
3.500000000000000000e+01
2.439999999999999858e+01
6.400000000000000355e+00
8.699999999999999289e+00
1.600000000000000000e+01
8.699999999999999289e+00
2.919999999999999929e+01
2.330000000000000071e+01
3.650000000000000000e+01
3.100000000000000000e+01
8.500000000000000000e+00
3.060000000000000142e+01
3.100000000000000000e+01
3.060000000000000142e+01
3.779999999999999716e+01
5.129999999999999716e+01
4.010000000000000142e+01
3.239999999999999858e+01
2.469999999999999929e+01
3.250000000000000000e+01
2.889999999999999858e+01
4.639999999999999858e+01
2.660000000000000142e+01
3.289999999999999858e+01
1.639999999999999858e+01
1.109999999999999964e+01
2.889999999999999858e+01
1.739999999999999858e+01
4.639999999999999858e+01
2.660000000000000142e+01
3.289999999999999858e+01
1.130000000000000071e+01
3.760000000000000142e+01
1.409999999999999964e+01
2.530000000000000071e+01
1.390000000000000036e+01
3.239999999999999858e+01
3.920000000000000284e+01
3.870000000000000284e+01
3.220000000000000284e+01
