8.570000000000000284e+01
8.570000000000000284e+01
3.710000000000000142e+01
3.289999999999999858e+01
8.520000000000000284e+01
9.800000000000000711e+00
5.000000000000000000e+00
1.789999999999999858e+01
2.569999999999999929e+01
2.639999999999999858e+01
4.229999999999999716e+01
3.650000000000000000e+01
7.599999999999999645e+00
1.590000000000000036e+01
2.080000000000000071e+01
4.720000000000000284e+01
2.569999999999999929e+01
2.639999999999999858e+01
4.229999999999999716e+01
3.650000000000000000e+01
2.080000000000000071e+01
4.720000000000000284e+01
3.420000000000000284e+01
3.360000000000000142e+01
4.310000000000000142e+01
2.039999999999999858e+01
3.979999999999999716e+01
1.789999999999999858e+01
1.590000000000000036e+01
1.109999999999999964e+01
3.420000000000000284e+01
3.360000000000000142e+01
4.310000000000000142e+01
2.039999999999999858e+01
3.979999999999999716e+01
3.470000000000000284e+01
1.939999999999999858e+01
2.450000000000000000e+01
