1.700000000000000000e+01
8.520000000000000284e+01
8.570000000000000284e+01
8.359999999999999432e+01
8.570000000000000284e+01
8.359999999999999432e+01
8.520000000000000284e+01
2.089999999999999858e+01
4.060000000000000142e+01
2.330000000000000071e+01
2.889999999999999858e+01
3.939999999999999858e+01
2.000000000000000000e+01
2.700000000000000000e+01
0.000000000000000000e+00
0.000000000000000000e+00
0.000000000000000000e+00
1.500000000000000000e+01
0.000000000000000000e+00
1.900000000000000000e+01
4.099999999999999645e+00
0.000000000000000000e+00
0.000000000000000000e+00
0.000000000000000000e+00
0.000000000000000000e+00
1.180000000000000071e+01
