8.520000000000000284e+01
8.520000000000000284e+01
1.680000000000000071e+01
1.989999999999999858e+01
3.310000000000000142e+01
4.029999999999999716e+01
1.459999999999999964e+01
4.000000000000000000e+01
3.139999999999999858e+01
2.050000000000000000e+01
3.139999999999999858e+01
2.050000000000000000e+01
4.310000000000000142e+01
2.580000000000000071e+01
3.210000000000000142e+01
3.320000000000000284e+01
3.050000000000000000e+01
2.150000000000000000e+01
6.370000000000000284e+01
3.320000000000000284e+01
3.820000000000000284e+01
3.250000000000000000e+01
3.750000000000000000e+01
3.139999999999999858e+01
2.050000000000000000e+01
4.310000000000000142e+01
2.580000000000000071e+01
3.210000000000000142e+01
3.320000000000000284e+01
3.050000000000000000e+01
2.150000000000000000e+01
6.370000000000000284e+01
3.320000000000000284e+01
3.820000000000000284e+01
3.250000000000000000e+01
3.750000000000000000e+01
