8.520000000000000284e+01
8.520000000000000284e+01
8.520000000000000284e+01
2.639999999999999858e+01
4.420000000000000284e+01
1.369999999999999929e+01
1.450000000000000000e+01
3.260000000000000142e+01
3.180000000000000071e+01
2.080000000000000071e+01
2.280000000000000071e+01
2.919999999999999929e+01
3.339999999999999858e+01
3.180000000000000071e+01
2.080000000000000071e+01
2.280000000000000071e+01
2.919999999999999929e+01
3.339999999999999858e+01
2.130000000000000071e+01
4.010000000000000142e+01
4.050000000000000000e+01
3.629999999999999716e+01
3.229999999999999716e+01
2.419999999999999929e+01
2.280000000000000071e+01
6.370000000000000284e+01
2.710000000000000142e+01
3.180000000000000071e+01
2.080000000000000071e+01
2.280000000000000071e+01
2.919999999999999929e+01
3.339999999999999858e+01
2.130000000000000071e+01
4.010000000000000142e+01
4.050000000000000000e+01
3.629999999999999716e+01
3.229999999999999716e+01
2.419999999999999929e+01
2.280000000000000071e+01
6.370000000000000284e+01
2.710000000000000142e+01
