8.520000000000000284e+01
8.520000000000000284e+01
2.219999999999999929e+01
8.359999999999999432e+01
4.439999999999999858e+01
8.520000000000000284e+01
1.500000000000000000e+01
2.819999999999999929e+01
2.819999999999999929e+01
6.400000000000000355e+00
1.739999999999999858e+01
8.599999999999999645e+00
3.239999999999999858e+01
3.929999999999999716e+01
8.900000000000000355e+00
3.970000000000000284e+01
8.300000000000000711e+00
2.819999999999999929e+01
3.239999999999999858e+01
3.929999999999999716e+01
3.970000000000000284e+01
1.739999999999999858e+01
1.240000000000000036e+01
2.400000000000000000e+01
2.500000000000000000e+01
