1.350000000000000000e+01
8.520000000000000284e+01
1.259999999999999964e+01
8.520000000000000284e+01
2.339999999999999858e+01
1.230000000000000071e+01
3.119999999999999929e+01
3.270000000000000284e+01
5.450000000000000000e+01
5.450000000000000000e+01
3.260000000000000142e+01
2.439999999999999858e+01
2.169999999999999929e+01
2.200000000000000000e+01
3.370000000000000284e+01
0.000000000000000000e+00
0.000000000000000000e+00
0.000000000000000000e+00
8.099999999999999645e+00
0.000000000000000000e+00
0.000000000000000000e+00
1.380000000000000071e+01
