8.570000000000000284e+01
4.820000000000000284e+01
3.160000000000000142e+01
4.760000000000000142e+01
1.009999999999999964e+01
3.479999999999999716e+01
3.220000000000000284e+01
1.100000000000000000e+01
1.050000000000000000e+01
1.130000000000000071e+01
3.360000000000000142e+01
1.819999999999999929e+01
1.300000000000000000e+01
9.599999999999999645e+00
8.699999999999999289e+00
8.099999999999999645e+00
8.099999999999999645e+00
1.130000000000000071e+01
3.360000000000000142e+01
1.819999999999999929e+01
1.300000000000000000e+01
1.750000000000000000e+01
9.400000000000000355e+00
4.129999999999999716e+01
3.279999999999999716e+01
0.000000000000000000e+00
0.000000000000000000e+00
0.000000000000000000e+00
0.000000000000000000e+00
0.000000000000000000e+00
0.000000000000000000e+00
0.000000000000000000e+00
0.000000000000000000e+00
3.799999999999999822e+00
0.000000000000000000e+00
0.000000000000000000e+00
0.000000000000000000e+00
0.000000000000000000e+00
0.000000000000000000e+00
1.350000000000000000e+01
1.600000000000000000e+01
1.789999999999999858e+01
4.010000000000000142e+01
3.420000000000000284e+01
1.130000000000000071e+01
1.789999999999999858e+01
3.479999999999999716e+01
2.410000000000000142e+01
3.970000000000000284e+01
3.229999999999999716e+01
1.090000000000000036e+01
1.140000000000000036e+01
