3.670000000000000284e+01
1.040000000000000036e+01
1.130000000000000071e+01
3.820000000000000284e+01
3.939999999999999858e+01
5.000000000000000000e+01
3.779999999999999716e+01
5.000000000000000000e+01
3.779999999999999716e+01
3.410000000000000142e+01
2.580000000000000071e+01
2.350000000000000000e+01
2.839999999999999858e+01
4.170000000000000284e+01
2.269999999999999929e+01
3.760000000000000142e+01
2.950000000000000000e+01
4.400000000000000355e+00
0.000000000000000000e+00
1.700000000000000000e+01
0.000000000000000000e+00
2.969999999999999929e+01
