8.520000000000000284e+01
2.569999999999999929e+01
4.050000000000000000e+01
2.480000000000000071e+01
2.980000000000000071e+01
9.599999999999999645e+00
2.980000000000000071e+01
2.480000000000000071e+01
9.000000000000000000e+00
8.599999999999999645e+00
3.750000000000000000e+01
7.799999999999999822e+00
3.520000000000000284e+01
2.980000000000000071e+01
2.480000000000000071e+01
3.750000000000000000e+01
3.520000000000000284e+01
6.360000000000000142e+01
2.769999999999999929e+01
3.030000000000000071e+01
2.789999999999999858e+01
2.160000000000000142e+01
3.539999999999999858e+01
2.869999999999999929e+01
1.130000000000000071e+01
2.789999999999999858e+01
2.160000000000000142e+01
3.539999999999999858e+01
1.950000000000000000e+01
1.530000000000000071e+01
1.350000000000000000e+01
2.869999999999999929e+01
2.989999999999999858e+01
1.600000000000000000e+01
1.969999999999999929e+01
