8.520000000000000284e+01
1.309999999999999964e+01
2.289999999999999858e+01
7.109999999999999432e+01
2.139999999999999858e+01
7.109999999999999432e+01
2.139999999999999858e+01
2.319999999999999929e+01
4.420000000000000284e+01
3.030000000000000071e+01
8.529999999999999716e+01
7.109999999999999432e+01
2.139999999999999858e+01
2.319999999999999929e+01
4.420000000000000284e+01
3.030000000000000071e+01
8.529999999999999716e+01
5.250000000000000000e+01
6.020000000000000284e+01
5.250000000000000000e+01
6.020000000000000284e+01
4.829999999999999716e+01
4.150000000000000000e+01
1.639999999999999858e+01
1.650000000000000000e+01
