8.520000000000000284e+01
1.140000000000000036e+01
2.069999999999999929e+01
8.570000000000000284e+01
8.520000000000000284e+01
3.400000000000000000e+01
8.520000000000000284e+01
8.520000000000000284e+01
8.570000000000000284e+01
3.169999999999999929e+01
7.059999999999999432e+01
2.400000000000000000e+01
1.559999999999999964e+01
4.070000000000000284e+01
5.460000000000000142e+01
1.869999999999999929e+01
0.000000000000000000e+00
0.000000000000000000e+00
0.000000000000000000e+00
0.000000000000000000e+00
0.000000000000000000e+00
0.000000000000000000e+00
0.000000000000000000e+00
0.000000000000000000e+00
1.209999999999999964e+01
1.600000000000000000e+01
2.180000000000000071e+01
4.200000000000000000e+01
4.000000000000000000e+01
1.309999999999999964e+01
