8.520000000000000284e+01
7.240000000000000568e+01
2.689999999999999858e+01
8.099999999999999645e+00
6.400000000000000355e+00
9.400000000000000355e+00
1.590000000000000036e+01
3.250000000000000000e+01
3.310000000000000142e+01
2.230000000000000071e+01
1.939999999999999858e+01
2.210000000000000142e+01
3.250000000000000000e+01
3.310000000000000142e+01
2.230000000000000071e+01
2.210000000000000142e+01
2.160000000000000142e+01
1.590000000000000036e+01
1.939999999999999858e+01
2.160000000000000142e+01
1.040000000000000036e+01
4.289999999999999858e+01
1.610000000000000142e+01
2.160000000000000142e+01
3.180000000000000071e+01
