8.520000000000000284e+01
2.030000000000000071e+01
2.289999999999999858e+01
2.750000000000000000e+01
1.069999999999999929e+01
6.400000000000000355e+00
8.699999999999999289e+00
2.750000000000000000e+01
8.199999999999999289e+00
1.069999999999999929e+01
2.519999999999999929e+01
9.199999999999999289e+00
1.680000000000000071e+01
2.239999999999999858e+01
2.750000000000000000e+01
2.519999999999999929e+01
2.239999999999999858e+01
3.560000000000000142e+01
2.289999999999999858e+01
3.710000000000000142e+01
6.010000000000000142e+01
