8.570000000000000284e+01
8.520000000000000284e+01
2.510000000000000142e+01
4.420000000000000284e+01
1.009999999999999964e+01
2.989999999999999858e+01
2.989999999999999858e+01
2.039999999999999858e+01
2.980000000000000071e+01
3.460000000000000142e+01
4.479999999999999716e+01
3.860000000000000142e+01
2.130000000000000071e+01
3.119999999999999929e+01
4.929999999999999716e+01
2.989999999999999858e+01
2.039999999999999858e+01
2.980000000000000071e+01
3.460000000000000142e+01
4.479999999999999716e+01
3.860000000000000142e+01
2.130000000000000071e+01
3.119999999999999929e+01
4.929999999999999716e+01
