8.520000000000000284e+01
2.230000000000000071e+01
2.430000000000000071e+01
1.700000000000000000e+01
1.109999999999999964e+01
3.150000000000000000e+01
2.239999999999999858e+01
9.800000000000000711e+00
1.700000000000000000e+01
1.109999999999999964e+01
3.150000000000000000e+01
2.239999999999999858e+01
8.300000000000000711e+00
3.460000000000000142e+01
2.950000000000000000e+01
1.469999999999999929e+01
5.000000000000000000e+00
3.150000000000000000e+01
2.239999999999999858e+01
3.460000000000000142e+01
2.950000000000000000e+01
4.029999999999999716e+01
1.700000000000000000e+01
1.109999999999999964e+01
1.469999999999999929e+01
4.029999999999999716e+01
1.130000000000000071e+01
1.209999999999999964e+01
3.889999999999999858e+01
2.160000000000000142e+01
3.860000000000000142e+01
3.329999999999999716e+01
