8.520000000000000284e+01
2.430000000000000071e+01
3.239999999999999858e+01
2.739999999999999858e+01
1.009999999999999964e+01
2.200000000000000000e+01
2.100000000000000000e+01
2.350000000000000000e+01
1.209999999999999964e+01
3.030000000000000071e+01
6.599999999999999645e+00
8.199999999999999289e+00
7.799999999999999822e+00
2.350000000000000000e+01
1.209999999999999964e+01
3.030000000000000071e+01
3.160000000000000142e+01
8.000000000000000000e+00
8.800000000000000711e+00
8.800000000000000711e+00
0.000000000000000000e+00
0.000000000000000000e+00
0.000000000000000000e+00
0.000000000000000000e+00
0.000000000000000000e+00
0.000000000000000000e+00
0.000000000000000000e+00
4.000000000000000000e+00
0.000000000000000000e+00
0.000000000000000000e+00
0.000000000000000000e+00
0.000000000000000000e+00
0.000000000000000000e+00
0.000000000000000000e+00
0.000000000000000000e+00
1.880000000000000071e+01
1.230000000000000071e+01
1.430000000000000071e+01
1.810000000000000142e+01
1.860000000000000142e+01
4.300000000000000000e+01
3.420000000000000284e+01
1.350000000000000000e+01
1.739999999999999858e+01
1.769999999999999929e+01
2.569999999999999929e+01
2.430000000000000071e+01
2.730000000000000071e+01
2.619999999999999929e+01
2.650000000000000000e+01
1.950000000000000000e+01
