1.559999999999999964e+01
1.350000000000000000e+01
3.039999999999999858e+01
8.570000000000000284e+01
8.520000000000000284e+01
1.140000000000000036e+01
1.380000000000000071e+01
1.760000000000000142e+01
4.110000000000000142e+01
2.739999999999999858e+01
3.610000000000000142e+01
3.639999999999999858e+01
2.150000000000000000e+01
0.000000000000000000e+00
0.000000000000000000e+00
0.000000000000000000e+00
0.000000000000000000e+00
0.000000000000000000e+00
2.989999999999999858e+01
1.319999999999999929e+01
0.000000000000000000e+00
1.800000000000000044e+00
3.110000000000000142e+01
1.699999999999999956e+00
0.000000000000000000e+00
0.000000000000000000e+00
0.000000000000000000e+00
