3.489999999999999858e+01
3.239999999999999858e+01
3.429999999999999716e+01
2.119999999999999929e+01
5.900000000000000000e+01
2.450000000000000000e+01
5.900000000000000000e+01
2.450000000000000000e+01
3.080000000000000071e+01
2.710000000000000142e+01
2.430000000000000071e+01
3.250000000000000000e+01
2.139999999999999858e+01
2.430000000000000071e+01
3.710000000000000142e+01
3.560000000000000142e+01
3.139999999999999858e+01
3.019999999999999929e+01
9.099999999999999645e+00
0.000000000000000000e+00
0.000000000000000000e+00
0.000000000000000000e+00
0.000000000000000000e+00
4.870000000000000284e+01
8.000000000000000444e-01
0.000000000000000000e+00
9.199999999999999289e+00
1.509999999999999964e+01
0.000000000000000000e+00
