8.520000000000000284e+01
1.480000000000000071e+01
2.930000000000000071e+01
3.520000000000000284e+01
1.700000000000000000e+01
2.219999999999999929e+01
5.439999999999999858e+01
8.000000000000000000e+00
5.439999999999999858e+01
9.099999999999999645e+00
1.419999999999999929e+01
2.450000000000000000e+01
5.200000000000000178e+00
2.219999999999999929e+01
3.329999999999999716e+01
5.120000000000000284e+01
2.160000000000000142e+01
2.460000000000000142e+01
1.760000000000000142e+01
1.009999999999999964e+01
1.969999999999999929e+01
1.580000000000000071e+01
2.160000000000000142e+01
2.460000000000000142e+01
5.070000000000000284e+01
3.360000000000000142e+01
1.819999999999999929e+01
