8.520000000000000284e+01
8.570000000000000284e+01
8.520000000000000284e+01
8.520000000000000284e+01
5.660000000000000142e+01
8.520000000000000284e+01
2.350000000000000000e+01
2.760000000000000142e+01
2.430000000000000071e+01
3.210000000000000142e+01
4.689999999999999858e+01
2.239999999999999858e+01
3.489999999999999858e+01
6.750000000000000000e+01
8.400000000000000355e+00
6.900000000000000355e+00
8.199999999999999289e+00
4.689999999999999858e+01
2.239999999999999858e+01
3.489999999999999858e+01
6.750000000000000000e+01
8.599999999999999645e+00
1.000000000000000000e+01
8.199999999999999289e+00
6.700000000000000178e+00
2.180000000000000071e+01
2.180000000000000071e+01
3.939999999999999858e+01
3.970000000000000284e+01
3.439999999999999858e+01
2.260000000000000142e+01
2.880000000000000071e+01
3.429999999999999716e+01
6.720000000000000284e+01
3.229999999999999716e+01
1.140000000000000036e+01
1.610000000000000142e+01
1.700000000000000000e+01
6.720000000000000284e+01
1.910000000000000142e+01
3.229999999999999716e+01
1.069999999999999929e+01
3.180000000000000071e+01
2.050000000000000000e+01
2.050000000000000000e+01
2.680000000000000071e+01
2.380000000000000071e+01
