2.389999999999999858e+01
1.660000000000000142e+01
3.229999999999999716e+01
8.520000000000000284e+01
3.110000000000000142e+01
3.750000000000000000e+01
2.639999999999999858e+01
3.750000000000000000e+01
2.639999999999999858e+01
2.339999999999999858e+01
4.489999999999999858e+01
3.429999999999999716e+01
2.819999999999999929e+01
4.050000000000000000e+01
6.170000000000000284e+01
3.360000000000000142e+01
3.920000000000000284e+01
3.360000000000000142e+01
2.819999999999999929e+01
0.000000000000000000e+00
0.000000000000000000e+00
3.850000000000000000e+01
1.860000000000000142e+01
0.000000000000000000e+00
8.699999999999999289e+00
5.700000000000000178e+00
0.000000000000000000e+00
0.000000000000000000e+00
0.000000000000000000e+00
0.000000000000000000e+00
0.000000000000000000e+00
