8.520000000000000284e+01
1.919999999999999929e+01
3.779999999999999716e+01
2.589999999999999858e+01
4.479999999999999716e+01
8.570000000000000284e+01
4.060000000000000142e+01
3.529999999999999716e+01
1.910000000000000142e+01
3.529999999999999716e+01
3.389999999999999858e+01
2.750000000000000000e+01
5.729999999999999716e+01
0.000000000000000000e+00
0.000000000000000000e+00
0.000000000000000000e+00
0.000000000000000000e+00
0.000000000000000000e+00
1.500000000000000000e+00
0.000000000000000000e+00
0.000000000000000000e+00
1.230000000000000071e+01
