3.729999999999999716e+01
1.630000000000000071e+01
1.009999999999999964e+01
3.039999999999999858e+01
3.000000000000000000e+01
6.299999999999999822e+00
8.000000000000000000e+00
3.000000000000000000e+01
0.000000000000000000e+00
0.000000000000000000e+00
3.200000000000000178e+00
0.000000000000000000e+00
0.000000000000000000e+00
0.000000000000000000e+00
0.000000000000000000e+00
0.000000000000000000e+00
0.000000000000000000e+00
0.000000000000000000e+00
0.000000000000000000e+00
0.000000000000000000e+00
0.000000000000000000e+00
0.000000000000000000e+00
0.000000000000000000e+00
4.799999999999999822e+00
0.000000000000000000e+00
1.109999999999999964e+01
1.789999999999999858e+01
1.869999999999999929e+01
1.889999999999999858e+01
2.260000000000000142e+01
2.850000000000000000e+01
1.150000000000000000e+01
2.289999999999999858e+01
2.289999999999999858e+01
2.780000000000000071e+01
