1.050000000000000000e+01
3.539999999999999858e+01
1.430000000000000071e+01
2.330000000000000071e+01
1.119999999999999929e+01
3.139999999999999858e+01
3.470000000000000284e+01
3.710000000000000142e+01
2.330000000000000071e+01
3.139999999999999858e+01
3.470000000000000284e+01
3.710000000000000142e+01
3.479999999999999716e+01
4.189999999999999858e+01
5.270000000000000284e+01
3.500000000000000000e+01
3.739999999999999858e+01
2.360000000000000142e+01
2.680000000000000071e+01
4.579999999999999716e+01
2.689999999999999858e+01
4.579999999999999716e+01
3.550000000000000000e+01
2.330000000000000071e+01
3.139999999999999858e+01
3.470000000000000284e+01
3.710000000000000142e+01
3.479999999999999716e+01
4.189999999999999858e+01
5.270000000000000284e+01
3.500000000000000000e+01
3.739999999999999858e+01
2.360000000000000142e+01
2.680000000000000071e+01
4.579999999999999716e+01
2.689999999999999858e+01
4.579999999999999716e+01
3.550000000000000000e+01
