8.520000000000000284e+01
8.359999999999999432e+01
8.520000000000000284e+01
1.080000000000000071e+01
8.359999999999999432e+01
3.439999999999999858e+01
2.239999999999999858e+01
2.769999999999999929e+01
5.020000000000000284e+01
2.160000000000000142e+01
3.489999999999999858e+01
3.329999999999999716e+01
3.650000000000000000e+01
2.410000000000000142e+01
3.460000000000000142e+01
0.000000000000000000e+00
0.000000000000000000e+00
2.869999999999999929e+01
0.000000000000000000e+00
0.000000000000000000e+00
3.579999999999999716e+01
0.000000000000000000e+00
