8.359999999999999432e+01
8.520000000000000284e+01
8.520000000000000284e+01
1.359999999999999964e+01
4.939999999999999858e+01
8.520000000000000284e+01
8.570000000000000284e+01
8.520000000000000284e+01
8.359999999999999432e+01
8.359999999999999432e+01
8.359999999999999432e+01
3.860000000000000142e+01
3.339999999999999858e+01
5.100000000000000000e+01
1.830000000000000071e+01
1.650000000000000000e+01
3.510000000000000142e+01
3.320000000000000284e+01
3.270000000000000284e+01
1.290000000000000036e+01
2.180000000000000071e+01
1.350000000000000000e+01
1.350000000000000000e+01
1.880000000000000071e+01
3.310000000000000142e+01
1.080000000000000071e+01
2.000000000000000000e+01
3.329999999999999716e+01
3.370000000000000284e+01
5.900000000000000355e+00
8.199999999999999289e+00
6.799999999999999822e+00
9.900000000000000355e+00
6.799999999999999822e+00
9.699999999999999289e+00
6.599999999999999645e+00
8.699999999999999289e+00
1.080000000000000071e+01
2.000000000000000000e+01
3.329999999999999716e+01
9.099999999999999645e+00
3.370000000000000284e+01
3.289999999999999858e+01
5.089999999999999858e+01
3.229999999999999716e+01
8.900000000000000355e+00
2.119999999999999929e+01
2.769999999999999929e+01
2.080000000000000071e+01
4.589999999999999858e+01
0.000000000000000000e+00
0.000000000000000000e+00
0.000000000000000000e+00
0.000000000000000000e+00
0.000000000000000000e+00
0.000000000000000000e+00
0.000000000000000000e+00
0.000000000000000000e+00
0.000000000000000000e+00
0.000000000000000000e+00
0.000000000000000000e+00
0.000000000000000000e+00
0.000000000000000000e+00
0.000000000000000000e+00
0.000000000000000000e+00
0.000000000000000000e+00
0.000000000000000000e+00
0.000000000000000000e+00
0.000000000000000000e+00
0.000000000000000000e+00
0.000000000000000000e+00
0.000000000000000000e+00
0.000000000000000000e+00
0.000000000000000000e+00
0.000000000000000000e+00
0.000000000000000000e+00
0.000000000000000000e+00
0.000000000000000000e+00
0.000000000000000000e+00
0.000000000000000000e+00
0.000000000000000000e+00
0.000000000000000000e+00
0.000000000000000000e+00
2.000000000000000000e+00
0.000000000000000000e+00
0.000000000000000000e+00
4.599999999999999645e+00
0.000000000000000000e+00
0.000000000000000000e+00
3.600000000000000089e+00
0.000000000000000000e+00
0.000000000000000000e+00
0.000000000000000000e+00
0.000000000000000000e+00
0.000000000000000000e+00
0.000000000000000000e+00
0.000000000000000000e+00
0.000000000000000000e+00
0.000000000000000000e+00
0.000000000000000000e+00
0.000000000000000000e+00
0.000000000000000000e+00
0.000000000000000000e+00
0.000000000000000000e+00
0.000000000000000000e+00
0.000000000000000000e+00
0.000000000000000000e+00
0.000000000000000000e+00
0.000000000000000000e+00
0.000000000000000000e+00
0.000000000000000000e+00
0.000000000000000000e+00
0.000000000000000000e+00
3.700000000000000178e+00
0.000000000000000000e+00
0.000000000000000000e+00
0.000000000000000000e+00
0.000000000000000000e+00
0.000000000000000000e+00
0.000000000000000000e+00
0.000000000000000000e+00
0.000000000000000000e+00
0.000000000000000000e+00
0.000000000000000000e+00
0.000000000000000000e+00
0.000000000000000000e+00
0.000000000000000000e+00
0.000000000000000000e+00
0.000000000000000000e+00
1.219999999999999929e+01
1.810000000000000142e+01
1.669999999999999929e+01
2.400000000000000000e+01
2.889999999999999858e+01
2.269999999999999929e+01
1.939999999999999858e+01
2.669999999999999929e+01
3.350000000000000000e+01
1.209999999999999964e+01
2.210000000000000142e+01
3.489999999999999858e+01
2.760000000000000142e+01
3.500000000000000000e+01
2.400000000000000000e+01
1.300000000000000000e+01
1.400000000000000000e+01
3.479999999999999716e+01
1.910000000000000142e+01
3.339999999999999858e+01
2.119999999999999929e+01
2.700000000000000000e+01
1.230000000000000071e+01
2.660000000000000142e+01
3.729999999999999716e+01
2.880000000000000071e+01
2.110000000000000142e+01
2.230000000000000071e+01
3.600000000000000000e+01
1.019999999999999929e+01
1.760000000000000142e+01
3.100000000000000000e+01
2.760000000000000142e+01
