8.520000000000000284e+01
3.270000000000000284e+01
1.450000000000000000e+01
1.719999999999999929e+01
3.620000000000000284e+01
4.979999999999999716e+01
9.000000000000000000e+00
0.000000000000000000e+00
0.000000000000000000e+00
3.200000000000000178e+00
0.000000000000000000e+00
0.000000000000000000e+00
1.559999999999999964e+01
4.810000000000000142e+01
3.229999999999999716e+01
4.339999999999999858e+01
1.839999999999999858e+01
1.050000000000000000e+01
1.230000000000000071e+01
3.080000000000000071e+01
