1.090000000000000036e+01
8.520000000000000284e+01
8.520000000000000284e+01
8.520000000000000284e+01
8.520000000000000284e+01
4.160000000000000142e+01
2.889999999999999858e+01
3.370000000000000284e+01
9.699999999999999289e+00
9.199999999999999289e+00
3.370000000000000284e+01
9.199999999999999289e+00
5.799999999999999822e+00
2.200000000000000000e+01
2.669999999999999929e+01
2.410000000000000142e+01
3.370000000000000284e+01
2.200000000000000000e+01
2.669999999999999929e+01
2.410000000000000142e+01
3.450000000000000000e+01
2.839999999999999858e+01
2.330000000000000071e+01
