8.520000000000000284e+01
2.400000000000000000e+01
8.520000000000000284e+01
8.520000000000000284e+01
2.919999999999999929e+01
2.939999999999999858e+01
2.739999999999999858e+01
3.239999999999999858e+01
3.239999999999999858e+01
5.100000000000000000e+01
6.500000000000000000e+01
2.489999999999999858e+01
3.579999999999999716e+01
2.560000000000000142e+01
5.929999999999999716e+01
4.700000000000000000e+01
2.110000000000000142e+01
3.239999999999999858e+01
5.100000000000000000e+01
6.500000000000000000e+01
2.489999999999999858e+01
3.579999999999999716e+01
2.560000000000000142e+01
5.929999999999999716e+01
4.700000000000000000e+01
2.110000000000000142e+01
