8.359999999999999432e+01
3.800000000000000000e+01
8.520000000000000284e+01
1.900000000000000000e+01
8.520000000000000284e+01
8.570000000000000284e+01
1.150000000000000000e+01
1.440000000000000036e+01
1.090000000000000036e+01
8.199999999999999289e+00
8.099999999999999645e+00
8.300000000000000711e+00
1.090000000000000036e+01
2.119999999999999929e+01
1.789999999999999858e+01
2.369999999999999929e+01
7.599999999999999645e+00
2.119999999999999929e+01
2.369999999999999929e+01
2.050000000000000000e+01
3.939999999999999858e+01
