8.359999999999999432e+01
2.280000000000000071e+01
1.150000000000000000e+01
2.450000000000000000e+01
2.230000000000000071e+01
2.319999999999999929e+01
0.000000000000000000e+00
3.399999999999999911e+00
0.000000000000000000e+00
0.000000000000000000e+00
0.000000000000000000e+00
0.000000000000000000e+00
3.670000000000000284e+01
1.669999999999999929e+01
1.969999999999999929e+01
2.030000000000000071e+01
3.260000000000000142e+01
3.900000000000000000e+01
1.130000000000000071e+01
1.530000000000000071e+01
3.160000000000000142e+01
