1.450000000000000000e+01
6.940000000000000568e+01
3.160000000000000142e+01
2.169999999999999929e+01
2.330000000000000071e+01
4.600000000000000000e+01
4.860000000000000142e+01
3.879999999999999716e+01
1.980000000000000071e+01
3.879999999999999716e+01
4.820000000000000284e+01
2.239999999999999858e+01
4.600000000000000000e+01
3.450000000000000000e+01
3.210000000000000142e+01
3.620000000000000284e+01
7.250000000000000000e+01
3.329999999999999716e+01
0.000000000000000000e+00
0.000000000000000000e+00
0.000000000000000000e+00
2.419999999999999929e+01
