3.989999999999999858e+01
4.989999999999999858e+01
3.800000000000000000e+01
3.879999999999999716e+01
4.510000000000000142e+01
3.039999999999999858e+01
3.950000000000000000e+01
3.620000000000000284e+01
4.489999999999999858e+01
3.679999999999999716e+01
3.439999999999999858e+01
3.400000000000000000e+01
5.070000000000000284e+01
2.150000000000000000e+01
3.289999999999999858e+01
4.360000000000000142e+01
2.289999999999999858e+01
4.500000000000000000e+01
3.229999999999999716e+01
3.979999999999999716e+01
2.660000000000000142e+01
5.700000000000000000e+01
3.169999999999999929e+01
2.560000000000000142e+01
3.239999999999999858e+01
4.510000000000000142e+01
3.039999999999999858e+01
3.950000000000000000e+01
3.620000000000000284e+01
4.489999999999999858e+01
3.679999999999999716e+01
3.439999999999999858e+01
3.400000000000000000e+01
5.070000000000000284e+01
2.150000000000000000e+01
3.289999999999999858e+01
4.360000000000000142e+01
2.289999999999999858e+01
4.500000000000000000e+01
3.229999999999999716e+01
3.979999999999999716e+01
2.660000000000000142e+01
5.700000000000000000e+01
3.169999999999999929e+01
2.560000000000000142e+01
3.239999999999999858e+01
2.639999999999999858e+01
