2.400000000000000000e+01
2.139999999999999858e+01
3.600000000000000000e+01
3.600000000000000000e+01
4.210000000000000142e+01
4.879999999999999716e+01
3.500000000000000000e+01
0.000000000000000000e+00
0.000000000000000000e+00
0.000000000000000000e+00
2.530000000000000071e+01
0.000000000000000000e+00
0.000000000000000000e+00
0.000000000000000000e+00
0.000000000000000000e+00
4.520000000000000284e+01
0.000000000000000000e+00
0.000000000000000000e+00
3.119999999999999929e+01
0.000000000000000000e+00
0.000000000000000000e+00
2.239999999999999858e+01
