3.100000000000000000e+01
1.559999999999999964e+01
4.170000000000000284e+01
1.019999999999999929e+01
2.780000000000000071e+01
3.060000000000000142e+01
3.589999999999999858e+01
5.799999999999999822e+00
7.700000000000000178e+00
1.240000000000000036e+01
3.479999999999999716e+01
2.230000000000000071e+01
3.350000000000000000e+01
2.039999999999999858e+01
1.369999999999999929e+01
1.350000000000000000e+01
1.359999999999999964e+01
2.039999999999999858e+01
1.889999999999999858e+01
4.020000000000000284e+01
3.539999999999999858e+01
3.030000000000000071e+01
4.150000000000000000e+01
