1.939999999999999858e+01
3.139999999999999858e+01
3.810000000000000142e+01
2.439999999999999858e+01
5.100000000000000000e+01
1.080000000000000071e+01
2.739999999999999858e+01
4.329999999999999716e+01
1.969999999999999929e+01
2.569999999999999929e+01
3.650000000000000000e+01
2.589999999999999858e+01
4.339999999999999858e+01
4.289999999999999858e+01
3.370000000000000284e+01
2.760000000000000142e+01
5.400000000000000355e+00
6.599999999999999645e+00
7.599999999999999645e+00
5.400000000000000355e+00
5.299999999999999822e+00
6.000000000000000000e+00
7.200000000000000178e+00
5.500000000000000000e+00
6.200000000000000178e+00
4.339999999999999858e+01
4.289999999999999858e+01
3.370000000000000284e+01
7.500000000000000000e+00
2.760000000000000142e+01
3.050000000000000000e+01
3.089999999999999858e+01
1.180000000000000071e+01
4.339999999999999858e+01
3.670000000000000284e+01
0.000000000000000000e+00
1.500000000000000000e+00
0.000000000000000000e+00
0.000000000000000000e+00
0.000000000000000000e+00
0.000000000000000000e+00
0.000000000000000000e+00
3.100000000000000089e+00
0.000000000000000000e+00
0.000000000000000000e+00
0.000000000000000000e+00
0.000000000000000000e+00
0.000000000000000000e+00
0.000000000000000000e+00
0.000000000000000000e+00
0.000000000000000000e+00
0.000000000000000000e+00
0.000000000000000000e+00
0.000000000000000000e+00
0.000000000000000000e+00
0.000000000000000000e+00
0.000000000000000000e+00
0.000000000000000000e+00
0.000000000000000000e+00
3.899999999999999911e+00
0.000000000000000000e+00
0.000000000000000000e+00
0.000000000000000000e+00
0.000000000000000000e+00
0.000000000000000000e+00
0.000000000000000000e+00
0.000000000000000000e+00
0.000000000000000000e+00
0.000000000000000000e+00
0.000000000000000000e+00
0.000000000000000000e+00
1.989999999999999858e+01
3.160000000000000142e+01
2.489999999999999858e+01
2.630000000000000071e+01
3.850000000000000000e+01
2.500000000000000000e+01
3.500000000000000000e+01
4.329999999999999716e+01
2.580000000000000071e+01
3.030000000000000071e+01
1.130000000000000071e+01
1.540000000000000036e+01
5.029999999999999716e+01
3.479999999999999716e+01
3.019999999999999929e+01
3.220000000000000284e+01
1.540000000000000036e+01
1.619999999999999929e+01
2.410000000000000142e+01
1.169999999999999929e+01
3.600000000000000000e+01
3.169999999999999929e+01
3.779999999999999716e+01
3.860000000000000142e+01
2.130000000000000071e+01
1.269999999999999929e+01
2.919999999999999929e+01
3.510000000000000142e+01
2.100000000000000000e+01
2.750000000000000000e+01
