3.080000000000000071e+01
7.620000000000000284e+01
6.850000000000000000e+01
1.669999999999999929e+01
1.850000000000000000e+01
2.119999999999999929e+01
2.719999999999999929e+01
4.539999999999999858e+01
3.450000000000000000e+01
3.820000000000000284e+01
1.730000000000000071e+01
2.900000000000000000e+01
3.050000000000000000e+01
3.050000000000000000e+01
3.539999999999999858e+01
2.150000000000000000e+01
2.439999999999999858e+01
4.420000000000000284e+01
4.160000000000000142e+01
3.060000000000000142e+01
3.169999999999999929e+01
2.739999999999999858e+01
2.900000000000000000e+01
2.510000000000000142e+01
3.529999999999999716e+01
2.319999999999999929e+01
3.500000000000000000e+01
6.459999999999999432e+01
2.989999999999999858e+01
2.230000000000000071e+01
5.579999999999999716e+01
2.089999999999999858e+01
3.060000000000000142e+01
3.160000000000000142e+01
4.570000000000000284e+01
3.239999999999999858e+01
2.969999999999999929e+01
4.010000000000000142e+01
3.760000000000000142e+01
3.300000000000000000e+01
3.139999999999999858e+01
3.050000000000000000e+01
3.539999999999999858e+01
2.150000000000000000e+01
2.439999999999999858e+01
4.420000000000000284e+01
4.160000000000000142e+01
3.060000000000000142e+01
3.169999999999999929e+01
2.739999999999999858e+01
2.900000000000000000e+01
2.510000000000000142e+01
3.529999999999999716e+01
2.319999999999999929e+01
3.500000000000000000e+01
6.459999999999999432e+01
2.989999999999999858e+01
2.230000000000000071e+01
5.579999999999999716e+01
2.089999999999999858e+01
3.060000000000000142e+01
3.160000000000000142e+01
4.570000000000000284e+01
3.239999999999999858e+01
2.969999999999999929e+01
4.010000000000000142e+01
3.760000000000000142e+01
3.300000000000000000e+01
3.139999999999999858e+01
