5.239999999999999858e+01
2.980000000000000071e+01
2.769999999999999929e+01
3.670000000000000284e+01
2.230000000000000071e+01
2.769999999999999929e+01
3.670000000000000284e+01
2.230000000000000071e+01
3.510000000000000142e+01
2.960000000000000142e+01
2.830000000000000071e+01
2.900000000000000000e+01
2.180000000000000071e+01
2.869999999999999929e+01
2.339999999999999858e+01
4.360000000000000142e+01
3.529999999999999716e+01
2.669999999999999929e+01
3.779999999999999716e+01
2.330000000000000071e+01
5.020000000000000284e+01
2.080000000000000071e+01
4.170000000000000284e+01
0.000000000000000000e+00
0.000000000000000000e+00
4.820000000000000284e+01
0.000000000000000000e+00
7.270000000000000284e+01
0.000000000000000000e+00
0.000000000000000000e+00
0.000000000000000000e+00
0.000000000000000000e+00
0.000000000000000000e+00
0.000000000000000000e+00
1.980000000000000071e+01
0.000000000000000000e+00
0.000000000000000000e+00
7.599999999999999645e+00
0.000000000000000000e+00
0.000000000000000000e+00
4.160000000000000142e+01
0.000000000000000000e+00
