3.420000000000000284e+01
2.839999999999999858e+01
3.679999999999999716e+01
2.289999999999999858e+01
3.589999999999999858e+01
1.980000000000000071e+01
1.630000000000000071e+01
1.219999999999999929e+01
3.270000000000000284e+01
4.450000000000000000e+01
7.599999999999999645e+00
8.099999999999999645e+00
6.599999999999999645e+00
6.000000000000000000e+00
7.299999999999999822e+00
4.450000000000000000e+01
3.779999999999999716e+01
2.350000000000000000e+01
3.010000000000000142e+01
6.299999999999999822e+00
1.480000000000000071e+01
3.189999999999999858e+01
6.099999999999999645e+00
6.200000000000000178e+00
4.129999999999999716e+01
4.589999999999999858e+01
4.100000000000000000e+01
3.189999999999999858e+01
5.200000000000000178e+00
4.450000000000000000e+01
3.779999999999999716e+01
2.350000000000000000e+01
3.010000000000000142e+01
3.189999999999999858e+01
4.129999999999999716e+01
4.589999999999999858e+01
4.100000000000000000e+01
3.189999999999999858e+01
3.279999999999999716e+01
3.529999999999999716e+01
2.860000000000000142e+01
2.839999999999999858e+01
