1.459999999999999964e+01
2.180000000000000071e+01
2.860000000000000142e+01
4.539999999999999858e+01
2.519999999999999929e+01
4.220000000000000284e+01
1.119999999999999929e+01
6.270000000000000284e+01
4.200000000000000000e+01
2.669999999999999929e+01
1.050000000000000000e+01
4.900000000000000000e+01
7.100000000000000000e+01
1.300000000000000000e+01
6.990000000000000568e+01
4.170000000000000284e+01
3.779999999999999716e+01
3.250000000000000000e+01
7.120000000000000284e+01
6.470000000000000284e+01
3.689999999999999858e+01
1.309999999999999964e+01
3.010000000000000142e+01
2.700000000000000000e+01
