2.130000000000000071e+01
1.050000000000000000e+01
1.910000000000000142e+01
3.650000000000000000e+01
3.650000000000000000e+01
2.839999999999999858e+01
4.600000000000000000e+01
3.829999999999999716e+01
3.479999999999999716e+01
3.150000000000000000e+01
3.710000000000000142e+01
3.929999999999999716e+01
4.539999999999999858e+01
3.900000000000000000e+01
3.019999999999999929e+01
5.010000000000000142e+01
2.469999999999999929e+01
2.910000000000000142e+01
4.129999999999999716e+01
0.000000000000000000e+00
1.300000000000000044e+00
3.479999999999999716e+01
0.000000000000000000e+00
0.000000000000000000e+00
0.000000000000000000e+00
4.079999999999999716e+01
0.000000000000000000e+00
1.400000000000000000e+01
