2.010000000000000142e+01
2.410000000000000142e+01
2.539999999999999858e+01
1.719999999999999929e+01
1.710000000000000142e+01
5.229999999999999716e+01
1.180000000000000071e+01
3.160000000000000142e+01
3.910000000000000142e+01
6.750000000000000000e+01
1.900000000000000000e+01
7.099999999999999645e+00
6.700000000000000178e+00
6.799999999999999822e+00
6.750000000000000000e+01
1.900000000000000000e+01
4.070000000000000284e+01
5.020000000000000284e+01
3.689999999999999858e+01
4.900000000000000355e+00
0.000000000000000000e+00
0.000000000000000000e+00
0.000000000000000000e+00
0.000000000000000000e+00
0.000000000000000000e+00
0.000000000000000000e+00
0.000000000000000000e+00
0.000000000000000000e+00
0.000000000000000000e+00
0.000000000000000000e+00
0.000000000000000000e+00
0.000000000000000000e+00
4.799999999999999822e+00
0.000000000000000000e+00
1.169999999999999929e+01
8.200000000000000000e+01
3.800000000000000000e+01
3.030000000000000071e+01
5.179999999999999716e+01
2.310000000000000142e+01
2.819999999999999929e+01
5.970000000000000284e+01
6.600000000000000000e+01
2.089999999999999858e+01
2.200000000000000000e+01
