3.550000000000000000e+01
2.510000000000000142e+01
3.810000000000000142e+01
2.869999999999999929e+01
3.030000000000000071e+01
2.469999999999999929e+01
4.460000000000000142e+01
2.350000000000000000e+01
3.270000000000000284e+01
3.270000000000000284e+01
2.219999999999999929e+01
4.329999999999999716e+01
4.110000000000000142e+01
3.629999999999999716e+01
4.329999999999999716e+01
2.810000000000000142e+01
2.219999999999999929e+01
3.270000000000000284e+01
2.219999999999999929e+01
4.329999999999999716e+01
4.110000000000000142e+01
3.629999999999999716e+01
4.329999999999999716e+01
2.810000000000000142e+01
2.219999999999999929e+01
