1.889999999999999858e+01
1.680000000000000071e+01
2.680000000000000071e+01
4.210000000000000142e+01
3.510000000000000142e+01
1.880000000000000071e+01
3.400000000000000000e+01
1.590000000000000036e+01
4.379999999999999716e+01
5.579999999999999716e+01
2.989999999999999858e+01
4.020000000000000284e+01
4.270000000000000284e+01
2.260000000000000142e+01
3.200000000000000000e+01
5.529999999999999716e+01
2.319999999999999929e+01
3.019999999999999929e+01
4.029999999999999716e+01
2.200000000000000000e+01
4.379999999999999716e+01
5.579999999999999716e+01
2.989999999999999858e+01
4.020000000000000284e+01
4.270000000000000284e+01
2.260000000000000142e+01
3.200000000000000000e+01
5.529999999999999716e+01
2.319999999999999929e+01
3.019999999999999929e+01
4.029999999999999716e+01
2.200000000000000000e+01
