2.850000000000000000e+01
1.469999999999999929e+01
1.469999999999999929e+01
6.000000000000000000e+00
8.500000000000000000e+00
6.400000000000000355e+00
6.400000000000000355e+00
1.469999999999999929e+01
9.800000000000000711e+00
4.189999999999999858e+01
1.200000000000000000e+01
0.000000000000000000e+00
0.000000000000000000e+00
1.200000000000000000e+01
1.750000000000000000e+01
2.919999999999999929e+01
2.139999999999999858e+01
1.119999999999999929e+01
3.189999999999999858e+01
2.180000000000000071e+01
2.480000000000000071e+01
