1.400000000000000000e+01
1.939999999999999858e+01
3.679999999999999716e+01
3.800000000000000000e+01
1.280000000000000071e+01
1.939999999999999858e+01
4.100000000000000000e+01
4.800000000000000000e+01
3.620000000000000284e+01
2.489999999999999858e+01
1.430000000000000071e+01
1.209999999999999964e+01
1.630000000000000071e+01
1.980000000000000071e+01
3.760000000000000142e+01
2.550000000000000000e+01
3.200000000000000000e+01
4.879999999999999716e+01
1.939999999999999858e+01
3.200000000000000000e+01
4.879999999999999716e+01
2.730000000000000071e+01
2.760000000000000142e+01
3.510000000000000142e+01
3.729999999999999716e+01
4.689999999999999858e+01
2.910000000000000142e+01
3.679999999999999716e+01
2.689999999999999858e+01
3.760000000000000142e+01
3.539999999999999858e+01
3.229999999999999716e+01
2.639999999999999858e+01
2.080000000000000071e+01
2.769999999999999929e+01
6.250000000000000000e+01
6.490000000000000568e+01
2.350000000000000000e+01
3.700000000000000000e+01
2.639999999999999858e+01
3.069999999999999929e+01
3.410000000000000142e+01
5.229999999999999716e+01
3.520000000000000284e+01
6.429999999999999716e+01
3.200000000000000000e+01
4.879999999999999716e+01
2.730000000000000071e+01
2.760000000000000142e+01
3.510000000000000142e+01
3.729999999999999716e+01
4.689999999999999858e+01
2.910000000000000142e+01
3.679999999999999716e+01
2.689999999999999858e+01
3.760000000000000142e+01
3.539999999999999858e+01
3.229999999999999716e+01
2.639999999999999858e+01
2.080000000000000071e+01
2.769999999999999929e+01
6.250000000000000000e+01
6.490000000000000568e+01
2.350000000000000000e+01
3.700000000000000000e+01
2.639999999999999858e+01
3.069999999999999929e+01
3.410000000000000142e+01
5.229999999999999716e+01
3.520000000000000284e+01
6.429999999999999716e+01
