1.200000000000000000e+01
3.210000000000000142e+01
5.129999999999999716e+01
4.710000000000000142e+01
6.170000000000000284e+01
2.000000000000000000e+01
3.139999999999999858e+01
3.039999999999999858e+01
3.039999999999999858e+01
3.879999999999999716e+01
4.070000000000000284e+01
3.420000000000000284e+01
2.869999999999999929e+01
3.039999999999999858e+01
6.120000000000000284e+01
3.039999999999999858e+01
3.879999999999999716e+01
4.070000000000000284e+01
3.420000000000000284e+01
2.869999999999999929e+01
3.039999999999999858e+01
6.120000000000000284e+01
