5.550000000000000000e+01
3.639999999999999858e+01
2.480000000000000071e+01
3.570000000000000284e+01
2.180000000000000071e+01
1.209999999999999964e+01
8.199999999999999289e+00
7.200000000000000178e+00
6.200000000000000178e+00
7.400000000000000355e+00
6.700000000000000178e+00
2.039999999999999858e+01
2.430000000000000071e+01
5.900000000000000355e+00
5.120000000000000284e+01
3.679999999999999716e+01
2.119999999999999929e+01
1.319999999999999929e+01
5.470000000000000284e+01
2.039999999999999858e+01
2.430000000000000071e+01
5.120000000000000284e+01
3.679999999999999716e+01
2.119999999999999929e+01
5.470000000000000284e+01
3.229999999999999716e+01
5.960000000000000142e+01
3.689999999999999858e+01
4.689999999999999858e+01
4.450000000000000000e+01
2.180000000000000071e+01
