3.750000000000000000e+01
2.100000000000000000e+01
2.660000000000000142e+01
3.739999999999999858e+01
1.839999999999999858e+01
1.000000000000000000e+01
3.400000000000000000e+01
2.139999999999999858e+01
2.400000000000000000e+01
1.150000000000000000e+01
3.089999999999999858e+01
4.310000000000000142e+01
2.089999999999999858e+01
3.420000000000000284e+01
5.200000000000000178e+00
8.300000000000000711e+00
4.310000000000000142e+01
2.089999999999999858e+01
3.420000000000000284e+01
8.000000000000000000e+00
6.200000000000000178e+00
2.069999999999999929e+01
3.429999999999999716e+01
3.789999999999999858e+01
3.870000000000000284e+01
2.839999999999999858e+01
2.860000000000000142e+01
7.540000000000000568e+01
4.870000000000000284e+01
2.919999999999999929e+01
2.550000000000000000e+01
5.760000000000000142e+01
2.139999999999999858e+01
4.870000000000000284e+01
2.919999999999999929e+01
2.550000000000000000e+01
5.760000000000000142e+01
2.139999999999999858e+01
2.860000000000000142e+01
6.440000000000000568e+01
1.190000000000000036e+01
4.500000000000000000e+01
1.190000000000000036e+01
2.500000000000000000e+01
