2.030000000000000071e+01
2.969999999999999929e+01
4.129999999999999716e+01
2.400000000000000000e+01
1.130000000000000071e+01
2.760000000000000142e+01
3.639999999999999858e+01
4.189999999999999858e+01
2.339999999999999858e+01
3.160000000000000142e+01
3.800000000000000000e+01
3.800000000000000000e+01
2.980000000000000071e+01
1.590000000000000036e+01
1.769999999999999929e+01
3.610000000000000142e+01
1.230000000000000071e+01
6.700000000000000178e+00
7.400000000000000355e+00
7.200000000000000178e+00
5.099999999999999645e+00
6.000000000000000000e+00
7.799999999999999822e+00
5.299999999999999822e+00
9.300000000000000711e+00
8.199999999999999289e+00
3.800000000000000000e+01
2.980000000000000071e+01
5.500000000000000000e+00
1.590000000000000036e+01
6.700000000000000178e+00
1.769999999999999929e+01
3.610000000000000142e+01
1.230000000000000071e+01
3.550000000000000000e+01
1.739999999999999858e+01
2.469999999999999929e+01
2.860000000000000142e+01
7.000000000000000000e+00
3.060000000000000142e+01
1.130000000000000071e+01
1.669999999999999929e+01
1.819999999999999929e+01
3.370000000000000284e+01
6.200000000000000178e+00
7.000000000000000000e+00
6.299999999999999822e+00
3.729999999999999716e+01
5.099999999999999645e+00
5.070000000000000284e+01
0.000000000000000000e+00
0.000000000000000000e+00
0.000000000000000000e+00
0.000000000000000000e+00
0.000000000000000000e+00
0.000000000000000000e+00
0.000000000000000000e+00
0.000000000000000000e+00
1.399999999999999911e+00
0.000000000000000000e+00
0.000000000000000000e+00
3.899999999999999911e+00
0.000000000000000000e+00
1.899999999999999911e+00
0.000000000000000000e+00
0.000000000000000000e+00
0.000000000000000000e+00
0.000000000000000000e+00
0.000000000000000000e+00
0.000000000000000000e+00
0.000000000000000000e+00
0.000000000000000000e+00
0.000000000000000000e+00
0.000000000000000000e+00
0.000000000000000000e+00
0.000000000000000000e+00
0.000000000000000000e+00
2.200000000000000178e+00
0.000000000000000000e+00
5.999999999999999778e-01
0.000000000000000000e+00
4.099999999999999645e+00
0.000000000000000000e+00
1.000000000000000000e+00
0.000000000000000000e+00
0.000000000000000000e+00
0.000000000000000000e+00
0.000000000000000000e+00
0.000000000000000000e+00
2.899999999999999911e+00
1.190000000000000036e+01
1.769999999999999929e+01
1.140000000000000036e+01
2.989999999999999858e+01
1.889999999999999858e+01
3.300000000000000000e+01
2.769999999999999929e+01
2.200000000000000000e+01
2.430000000000000071e+01
4.610000000000000142e+01
1.850000000000000000e+01
3.570000000000000284e+01
1.669999999999999929e+01
2.150000000000000000e+01
1.939999999999999858e+01
4.920000000000000284e+01
1.800000000000000000e+01
2.069999999999999929e+01
2.310000000000000142e+01
3.979999999999999716e+01
4.920000000000000284e+01
2.369999999999999929e+01
1.869999999999999929e+01
2.760000000000000142e+01
2.889999999999999858e+01
2.939999999999999858e+01
1.960000000000000142e+01
2.639999999999999858e+01
4.079999999999999716e+01
3.060000000000000142e+01
