2.800000000000000000e+01
4.479999999999999716e+01
2.469999999999999929e+01
1.469999999999999929e+01
2.519999999999999929e+01
1.350000000000000000e+01
3.810000000000000142e+01
2.139999999999999858e+01
4.150000000000000000e+01
2.410000000000000142e+01
1.810000000000000142e+01
3.670000000000000284e+01
1.900000000000000000e+01
1.509999999999999964e+01
3.850000000000000000e+01
2.619999999999999929e+01
6.700000000000000178e+00
8.800000000000000711e+00
5.900000000000000355e+00
5.400000000000000355e+00
6.200000000000000178e+00
6.799999999999999822e+00
3.850000000000000000e+01
2.619999999999999929e+01
7.700000000000000178e+00
4.239999999999999858e+01
0.000000000000000000e+00
0.000000000000000000e+00
0.000000000000000000e+00
0.000000000000000000e+00
0.000000000000000000e+00
0.000000000000000000e+00
0.000000000000000000e+00
0.000000000000000000e+00
0.000000000000000000e+00
0.000000000000000000e+00
0.000000000000000000e+00
0.000000000000000000e+00
0.000000000000000000e+00
0.000000000000000000e+00
0.000000000000000000e+00
0.000000000000000000e+00
4.700000000000000178e+00
0.000000000000000000e+00
0.000000000000000000e+00
0.000000000000000000e+00
0.000000000000000000e+00
0.000000000000000000e+00
0.000000000000000000e+00
0.000000000000000000e+00
0.000000000000000000e+00
0.000000000000000000e+00
0.000000000000000000e+00
0.000000000000000000e+00
0.000000000000000000e+00
0.000000000000000000e+00
0.000000000000000000e+00
2.000000000000000000e+00
0.000000000000000000e+00
0.000000000000000000e+00
1.030000000000000071e+01
1.290000000000000036e+01
2.369999999999999929e+01
3.439999999999999858e+01
1.810000000000000142e+01
3.570000000000000284e+01
1.810000000000000142e+01
2.100000000000000000e+01
