3.829999999999999716e+01
4.650000000000000000e+01
7.629999999999999716e+01
1.630000000000000071e+01
1.330000000000000071e+01
2.230000000000000071e+01
3.320000000000000284e+01
9.670000000000000284e+01
2.819999999999999929e+01
5.829999999999999716e+01
1.739999999999999858e+01
8.099999999999999645e+00
5.500000000000000000e+00
8.699999999999999289e+00
9.670000000000000284e+01
2.819999999999999929e+01
5.829999999999999716e+01
1.739999999999999858e+01
2.060000000000000142e+01
1.839999999999999858e+01
3.220000000000000284e+01
3.970000000000000284e+01
3.320000000000000284e+01
4.250000000000000000e+01
7.000000000000000000e+00
5.700000000000000178e+00
9.900000000000000355e+00
9.670000000000000284e+01
2.819999999999999929e+01
5.829999999999999716e+01
2.060000000000000142e+01
3.220000000000000284e+01
3.970000000000000284e+01
4.360000000000000142e+01
