2.300000000000000000e+01
2.039999999999999858e+01
4.089999999999999858e+01
4.250000000000000000e+01
2.210000000000000142e+01
1.269999999999999929e+01
2.119999999999999929e+01
3.420000000000000284e+01
8.599999999999999645e+00
5.099999999999999645e+00
6.099999999999999645e+00
6.200000000000000178e+00
5.799999999999999822e+00
8.300000000000000711e+00
4.250000000000000000e+01
2.210000000000000142e+01
1.269999999999999929e+01
2.119999999999999929e+01
6.099999999999999645e+00
6.400000000000000355e+00
3.420000000000000284e+01
5.900000000000000355e+00
4.710000000000000142e+01
3.069999999999999929e+01
2.239999999999999858e+01
3.089999999999999858e+01
3.610000000000000142e+01
9.000000000000000000e+00
4.450000000000000000e+01
4.089999999999999858e+01
3.679999999999999716e+01
5.799999999999999822e+00
1.650000000000000000e+01
3.839999999999999858e+01
2.489999999999999858e+01
6.809999999999999432e+01
4.250000000000000000e+01
2.210000000000000142e+01
2.119999999999999929e+01
3.420000000000000284e+01
4.710000000000000142e+01
3.069999999999999929e+01
2.239999999999999858e+01
3.089999999999999858e+01
3.610000000000000142e+01
4.450000000000000000e+01
4.089999999999999858e+01
3.679999999999999716e+01
3.839999999999999858e+01
2.489999999999999858e+01
6.809999999999999432e+01
4.250000000000000000e+01
3.139999999999999858e+01
2.330000000000000071e+01
3.779999999999999716e+01
4.339999999999999858e+01
2.800000000000000000e+01
2.010000000000000142e+01
3.650000000000000000e+01
1.269999999999999929e+01
1.650000000000000000e+01
3.779999999999999716e+01
4.339999999999999858e+01
2.800000000000000000e+01
2.010000000000000142e+01
3.650000000000000000e+01
2.300000000000000000e+01
2.089999999999999858e+01
