4.800000000000000000e+01
5.379999999999999716e+01
1.989999999999999858e+01
4.950000000000000000e+01
3.410000000000000142e+01
3.410000000000000142e+01
2.389999999999999858e+01
5.810000000000000142e+01
6.559999999999999432e+01
4.650000000000000000e+01
2.189999999999999858e+01
3.589999999999999858e+01
2.819999999999999929e+01
3.450000000000000000e+01
3.379999999999999716e+01
2.189999999999999858e+01
3.539999999999999858e+01
3.189999999999999858e+01
3.429999999999999716e+01
3.410000000000000142e+01
2.389999999999999858e+01
5.810000000000000142e+01
6.559999999999999432e+01
4.650000000000000000e+01
2.189999999999999858e+01
3.589999999999999858e+01
2.819999999999999929e+01
3.450000000000000000e+01
3.379999999999999716e+01
2.189999999999999858e+01
3.539999999999999858e+01
3.189999999999999858e+01
3.429999999999999716e+01
