3.039999999999999858e+01
1.860000000000000142e+01
2.319999999999999929e+01
2.660000000000000142e+01
3.239999999999999858e+01
3.710000000000000142e+01
3.239999999999999858e+01
3.710000000000000142e+01
3.779999999999999716e+01
2.710000000000000142e+01
2.350000000000000000e+01
3.389999999999999858e+01
3.800000000000000000e+01
2.180000000000000071e+01
2.530000000000000071e+01
2.539999999999999858e+01
3.500000000000000000e+01
4.170000000000000284e+01
6.110000000000000142e+01
3.130000000000000071e+01
3.239999999999999858e+01
3.710000000000000142e+01
3.779999999999999716e+01
2.710000000000000142e+01
2.350000000000000000e+01
3.389999999999999858e+01
3.800000000000000000e+01
2.180000000000000071e+01
2.530000000000000071e+01
2.539999999999999858e+01
3.500000000000000000e+01
4.170000000000000284e+01
6.110000000000000142e+01
3.130000000000000071e+01
