1.989999999999999858e+01
4.500000000000000000e+01
4.020000000000000284e+01
1.700000000000000000e+01
3.829999999999999716e+01
1.769999999999999929e+01
2.389999999999999858e+01
2.780000000000000071e+01
2.439999999999999858e+01
2.480000000000000071e+01
2.850000000000000000e+01
1.710000000000000142e+01
6.000000000000000000e+00
8.300000000000000711e+00
2.439999999999999858e+01
2.480000000000000071e+01
2.850000000000000000e+01
1.710000000000000142e+01
8.300000000000000711e+00
3.250000000000000000e+01
2.319999999999999929e+01
2.330000000000000071e+01
5.020000000000000284e+01
3.629999999999999716e+01
2.600000000000000000e+01
8.599999999999999645e+00
1.240000000000000036e+01
2.680000000000000071e+01
1.290000000000000036e+01
2.019999999999999929e+01
3.650000000000000000e+01
2.669999999999999929e+01
2.439999999999999858e+01
2.480000000000000071e+01
2.850000000000000000e+01
3.250000000000000000e+01
2.319999999999999929e+01
2.330000000000000071e+01
5.020000000000000284e+01
3.629999999999999716e+01
2.600000000000000000e+01
2.680000000000000071e+01
2.019999999999999929e+01
3.650000000000000000e+01
2.669999999999999929e+01
3.389999999999999858e+01
5.260000000000000142e+01
3.130000000000000071e+01
2.350000000000000000e+01
6.139999999999999858e+01
3.019999999999999929e+01
3.019999999999999929e+01
1.710000000000000142e+01
1.240000000000000036e+01
1.290000000000000036e+01
1.989999999999999858e+01
5.260000000000000142e+01
3.130000000000000071e+01
2.350000000000000000e+01
6.139999999999999858e+01
3.019999999999999929e+01
3.019999999999999929e+01
3.850000000000000000e+01
4.189999999999999858e+01
2.580000000000000071e+01
2.839999999999999858e+01
2.750000000000000000e+01
3.639999999999999858e+01
2.789999999999999858e+01
