2.700000000000000000e+01
1.280000000000000071e+01
2.289999999999999858e+01
3.339999999999999858e+01
3.639999999999999858e+01
9.800000000000000711e+00
5.700000000000000178e+00
6.099999999999999645e+00
6.099999999999999645e+00
6.799999999999999822e+00
3.639999999999999858e+01
3.210000000000000142e+01
1.080000000000000071e+01
3.050000000000000000e+01
3.629999999999999716e+01
2.419999999999999929e+01
8.699999999999999289e+00
8.000000000000000000e+00
3.639999999999999858e+01
3.210000000000000142e+01
3.050000000000000000e+01
3.629999999999999716e+01
2.419999999999999929e+01
2.030000000000000071e+01
7.650000000000000000e+01
3.429999999999999716e+01
1.080000000000000071e+01
7.650000000000000000e+01
3.429999999999999716e+01
3.450000000000000000e+01
5.300000000000000000e+01
