3.420000000000000284e+01
1.140000000000000036e+01
2.550000000000000000e+01
3.400000000000000000e+01
2.730000000000000071e+01
3.180000000000000071e+01
1.350000000000000000e+01
3.760000000000000142e+01
3.239999999999999858e+01
3.060000000000000142e+01
4.289999999999999858e+01
1.650000000000000000e+01
4.170000000000000284e+01
4.360000000000000142e+01
3.920000000000000284e+01
2.210000000000000142e+01
3.879999999999999716e+01
4.360000000000000142e+01
3.920000000000000284e+01
2.210000000000000142e+01
3.879999999999999716e+01
5.970000000000000284e+01
3.139999999999999858e+01
3.250000000000000000e+01
3.850000000000000000e+01
3.760000000000000142e+01
2.239999999999999858e+01
2.250000000000000000e+01
3.500000000000000000e+01
4.800000000000000000e+01
2.260000000000000142e+01
4.179999999999999716e+01
3.229999999999999716e+01
3.760000000000000142e+01
4.210000000000000142e+01
2.480000000000000071e+01
3.639999999999999858e+01
6.270000000000000284e+01
3.169999999999999929e+01
3.500000000000000000e+01
4.370000000000000284e+01
2.860000000000000142e+01
2.919999999999999929e+01
3.489999999999999858e+01
2.289999999999999858e+01
4.389999999999999858e+01
5.160000000000000142e+01
2.750000000000000000e+01
2.960000000000000142e+01
2.180000000000000071e+01
3.069999999999999929e+01
3.000000000000000000e+01
3.379999999999999716e+01
4.079999999999999716e+01
4.010000000000000142e+01
2.410000000000000142e+01
2.860000000000000142e+01
3.130000000000000071e+01
3.039999999999999858e+01
3.210000000000000142e+01
3.729999999999999716e+01
3.620000000000000284e+01
3.529999999999999716e+01
3.500000000000000000e+01
4.700000000000000000e+01
4.229999999999999716e+01
2.819999999999999929e+01
4.079999999999999716e+01
2.950000000000000000e+01
2.969999999999999929e+01
3.610000000000000142e+01
4.510000000000000142e+01
2.710000000000000142e+01
7.779999999999999716e+01
2.660000000000000142e+01
4.320000000000000284e+01
3.750000000000000000e+01
3.800000000000000000e+01
3.019999999999999929e+01
3.689999999999999858e+01
3.920000000000000284e+01
3.600000000000000000e+01
2.260000000000000142e+01
4.389999999999999858e+01
2.519999999999999929e+01
4.979999999999999716e+01
4.360000000000000142e+01
3.920000000000000284e+01
2.210000000000000142e+01
3.879999999999999716e+01
5.970000000000000284e+01
3.139999999999999858e+01
3.250000000000000000e+01
3.850000000000000000e+01
3.760000000000000142e+01
2.239999999999999858e+01
2.250000000000000000e+01
3.500000000000000000e+01
4.800000000000000000e+01
2.260000000000000142e+01
4.179999999999999716e+01
3.229999999999999716e+01
3.760000000000000142e+01
4.210000000000000142e+01
2.480000000000000071e+01
3.639999999999999858e+01
6.270000000000000284e+01
3.169999999999999929e+01
3.500000000000000000e+01
4.370000000000000284e+01
2.860000000000000142e+01
2.919999999999999929e+01
3.489999999999999858e+01
2.289999999999999858e+01
4.389999999999999858e+01
5.160000000000000142e+01
2.750000000000000000e+01
2.960000000000000142e+01
2.180000000000000071e+01
3.069999999999999929e+01
3.000000000000000000e+01
3.379999999999999716e+01
4.079999999999999716e+01
4.010000000000000142e+01
2.410000000000000142e+01
2.860000000000000142e+01
3.130000000000000071e+01
3.039999999999999858e+01
3.210000000000000142e+01
3.729999999999999716e+01
3.620000000000000284e+01
3.529999999999999716e+01
3.500000000000000000e+01
4.700000000000000000e+01
4.229999999999999716e+01
2.819999999999999929e+01
4.079999999999999716e+01
2.950000000000000000e+01
2.969999999999999929e+01
3.610000000000000142e+01
4.510000000000000142e+01
2.710000000000000142e+01
7.779999999999999716e+01
2.660000000000000142e+01
4.320000000000000284e+01
3.750000000000000000e+01
3.800000000000000000e+01
3.019999999999999929e+01
3.689999999999999858e+01
3.920000000000000284e+01
3.600000000000000000e+01
2.260000000000000142e+01
4.389999999999999858e+01
2.519999999999999929e+01
4.979999999999999716e+01
3.050000000000000000e+01
