3.650000000000000000e+01
2.419999999999999929e+01
1.819999999999999929e+01
6.350000000000000000e+01
3.950000000000000000e+01
1.240000000000000036e+01
4.020000000000000284e+01
2.110000000000000142e+01
2.410000000000000142e+01
2.939999999999999858e+01
4.450000000000000000e+01
2.910000000000000142e+01
3.960000000000000142e+01
5.900000000000000355e+00
7.700000000000000178e+00
7.099999999999999645e+00
5.000000000000000000e+00
5.900000000000000355e+00
7.799999999999999822e+00
6.799999999999999822e+00
4.450000000000000000e+01
2.910000000000000142e+01
3.960000000000000142e+01
6.700000000000000178e+00
8.300000000000000711e+00
5.429999999999999716e+01
8.800000000000000711e+00
2.119999999999999929e+01
2.630000000000000071e+01
4.100000000000000000e+01
1.889999999999999858e+01
1.819999999999999929e+01
6.370000000000000284e+01
3.670000000000000284e+01
8.000000000000000000e+00
4.500000000000000000e+01
3.860000000000000142e+01
5.400000000000000355e+00
8.800000000000000000e+01
4.210000000000000142e+01
2.780000000000000071e+01
7.000000000000000000e+00
4.450000000000000000e+01
2.910000000000000142e+01
3.960000000000000142e+01
5.429999999999999716e+01
2.119999999999999929e+01
2.630000000000000071e+01
4.100000000000000000e+01
6.370000000000000284e+01
3.670000000000000284e+01
4.500000000000000000e+01
3.860000000000000142e+01
8.800000000000000000e+01
4.210000000000000142e+01
2.780000000000000071e+01
4.989999999999999858e+01
3.960000000000000142e+01
2.950000000000000000e+01
4.029999999999999716e+01
2.280000000000000071e+01
1.889999999999999858e+01
1.819999999999999929e+01
1.040000000000000036e+01
1.409999999999999964e+01
2.950000000000000000e+01
4.029999999999999716e+01
2.280000000000000071e+01
3.860000000000000142e+01
2.830000000000000071e+01
1.919999999999999929e+01
3.900000000000000000e+01
