2.980000000000000071e+01
3.560000000000000142e+01
2.160000000000000142e+01
5.610000000000000142e+01
5.150000000000000000e+01
3.400000000000000000e+01
2.750000000000000000e+01
2.260000000000000142e+01
3.450000000000000000e+01
3.180000000000000071e+01
3.450000000000000000e+01
3.180000000000000071e+01
3.270000000000000284e+01
3.589999999999999858e+01
2.260000000000000142e+01
2.069999999999999929e+01
3.489999999999999858e+01
5.870000000000000284e+01
2.410000000000000142e+01
4.460000000000000142e+01
2.230000000000000071e+01
4.460000000000000142e+01
4.770000000000000284e+01
4.260000000000000142e+01
3.169999999999999929e+01
2.669999999999999929e+01
3.450000000000000000e+01
3.180000000000000071e+01
3.270000000000000284e+01
3.589999999999999858e+01
2.260000000000000142e+01
2.069999999999999929e+01
3.489999999999999858e+01
5.870000000000000284e+01
2.410000000000000142e+01
4.460000000000000142e+01
2.230000000000000071e+01
4.460000000000000142e+01
4.770000000000000284e+01
4.260000000000000142e+01
3.169999999999999929e+01
2.669999999999999929e+01
