3.439999999999999858e+01
2.739999999999999858e+01
3.589999999999999858e+01
3.560000000000000142e+01
3.600000000000000000e+01
2.810000000000000142e+01
3.039999999999999858e+01
7.099999999999999645e+00
8.199999999999999289e+00
8.199999999999999289e+00
5.299999999999999822e+00
6.200000000000000178e+00
3.039999999999999858e+01
7.700000000000000178e+00
9.000000000000000000e+00
3.610000000000000142e+01
1.569999999999999929e+01
7.599999999999999645e+00
9.500000000000000000e+00
2.860000000000000142e+01
2.100000000000000000e+01
3.039999999999999858e+01
3.610000000000000142e+01
2.860000000000000142e+01
2.100000000000000000e+01
3.870000000000000284e+01
4.189999999999999858e+01
2.939999999999999858e+01
