3.010000000000000142e+01
4.579999999999999716e+01
1.960000000000000142e+01
1.119999999999999929e+01
1.119999999999999929e+01
3.479999999999999716e+01
3.479999999999999716e+01
3.389999999999999858e+01
2.530000000000000071e+01
2.010000000000000142e+01
3.710000000000000142e+01
3.510000000000000142e+01
2.389999999999999858e+01
4.160000000000000142e+01
3.039999999999999858e+01
2.639999999999999858e+01
6.339999999999999858e+01
2.419999999999999929e+01
2.569999999999999929e+01
2.919999999999999929e+01
3.689999999999999858e+01
3.110000000000000142e+01
3.389999999999999858e+01
2.530000000000000071e+01
2.010000000000000142e+01
3.710000000000000142e+01
3.510000000000000142e+01
2.389999999999999858e+01
4.160000000000000142e+01
3.039999999999999858e+01
2.639999999999999858e+01
6.339999999999999858e+01
2.419999999999999929e+01
2.569999999999999929e+01
2.919999999999999929e+01
3.689999999999999858e+01
3.110000000000000142e+01
