2.769999999999999929e+01
2.450000000000000000e+01
3.210000000000000142e+01
1.880000000000000071e+01
2.900000000000000000e+01
3.760000000000000142e+01
3.529999999999999716e+01
8.620000000000000284e+01
2.969999999999999929e+01
3.529999999999999716e+01
8.620000000000000284e+01
2.969999999999999929e+01
2.839999999999999858e+01
2.760000000000000142e+01
3.019999999999999929e+01
4.110000000000000142e+01
2.930000000000000071e+01
3.610000000000000142e+01
6.370000000000000284e+01
2.539999999999999858e+01
2.060000000000000142e+01
3.839999999999999858e+01
2.750000000000000000e+01
5.789999999999999858e+01
2.100000000000000000e+01
5.729999999999999716e+01
2.200000000000000000e+01
0.000000000000000000e+00
4.900000000000000355e+00
0.000000000000000000e+00
2.299999999999999822e+00
3.899999999999999911e+00
0.000000000000000000e+00
0.000000000000000000e+00
4.710000000000000142e+01
0.000000000000000000e+00
0.000000000000000000e+00
0.000000000000000000e+00
0.000000000000000000e+00
0.000000000000000000e+00
0.000000000000000000e+00
0.000000000000000000e+00
0.000000000000000000e+00
0.000000000000000000e+00
0.000000000000000000e+00
0.000000000000000000e+00
0.000000000000000000e+00
0.000000000000000000e+00
