2.650000000000000000e+01
4.300000000000000000e+01
3.889999999999999858e+01
2.069999999999999929e+01
5.460000000000000142e+01
2.850000000000000000e+01
2.269999999999999929e+01
2.850000000000000000e+01
2.269999999999999929e+01
3.019999999999999929e+01
2.060000000000000142e+01
3.750000000000000000e+01
4.020000000000000284e+01
3.729999999999999716e+01
3.829999999999999716e+01
2.910000000000000142e+01
5.329999999999999716e+01
2.730000000000000071e+01
4.150000000000000000e+01
3.460000000000000142e+01
2.880000000000000071e+01
2.910000000000000142e+01
3.550000000000000000e+01
2.489999999999999858e+01
6.400000000000000355e+00
3.299999999999999822e+00
0.000000000000000000e+00
2.769999999999999929e+01
0.000000000000000000e+00
0.000000000000000000e+00
0.000000000000000000e+00
0.000000000000000000e+00
6.200000000000000178e+00
0.000000000000000000e+00
0.000000000000000000e+00
4.200000000000000178e+00
2.030000000000000071e+01
1.530000000000000071e+01
6.900000000000000355e+00
0.000000000000000000e+00
0.000000000000000000e+00
0.000000000000000000e+00
0.000000000000000000e+00
0.000000000000000000e+00
0.000000000000000000e+00
1.300000000000000044e+00
0.000000000000000000e+00
0.000000000000000000e+00
