2.910000000000000142e+01
2.960000000000000142e+01
5.539999999999999858e+01
3.610000000000000142e+01
1.800000000000000000e+01
3.389999999999999858e+01
2.610000000000000142e+01
1.830000000000000071e+01
3.150000000000000000e+01
3.510000000000000142e+01
3.550000000000000000e+01
2.550000000000000000e+01
6.670000000000000284e+01
3.560000000000000142e+01
1.200000000000000000e+01
6.070000000000000284e+01
1.869999999999999929e+01
3.870000000000000284e+01
1.109999999999999964e+01
2.100000000000000000e+01
3.939999999999999858e+01
3.169999999999999929e+01
5.850000000000000000e+01
3.870000000000000284e+01
4.239999999999999858e+01
3.080000000000000071e+01
2.650000000000000000e+01
0.000000000000000000e+00
0.000000000000000000e+00
3.560000000000000142e+01
2.380000000000000071e+01
0.000000000000000000e+00
5.110000000000000142e+01
9.400000000000000355e+00
0.000000000000000000e+00
0.000000000000000000e+00
2.839999999999999858e+01
0.000000000000000000e+00
