2.089999999999999858e+01
2.210000000000000142e+01
4.260000000000000142e+01
3.210000000000000142e+01
1.140000000000000036e+01
2.400000000000000000e+01
9.870000000000000284e+01
2.400000000000000000e+01
9.870000000000000284e+01
2.880000000000000071e+01
3.520000000000000284e+01
4.400000000000000000e+01
3.839999999999999858e+01
4.650000000000000000e+01
4.479999999999999716e+01
2.430000000000000071e+01
2.419999999999999929e+01
2.339999999999999858e+01
2.789999999999999858e+01
4.020000000000000284e+01
3.060000000000000142e+01
3.629999999999999716e+01
2.339999999999999858e+01
2.400000000000000000e+01
9.870000000000000284e+01
2.880000000000000071e+01
3.520000000000000284e+01
4.400000000000000000e+01
3.839999999999999858e+01
4.650000000000000000e+01
4.479999999999999716e+01
2.430000000000000071e+01
2.419999999999999929e+01
2.339999999999999858e+01
2.789999999999999858e+01
4.020000000000000284e+01
3.060000000000000142e+01
3.629999999999999716e+01
2.339999999999999858e+01
