3.610000000000000142e+01
2.780000000000000071e+01
2.980000000000000071e+01
4.329999999999999716e+01
3.450000000000000000e+01
1.290000000000000036e+01
5.160000000000000142e+01
1.880000000000000071e+01
3.579999999999999716e+01
1.490000000000000036e+01
3.439999999999999858e+01
3.629999999999999716e+01
2.110000000000000142e+01
2.480000000000000071e+01
3.429999999999999716e+01
2.239999999999999858e+01
1.390000000000000036e+01
2.189999999999999858e+01
1.610000000000000142e+01
3.470000000000000284e+01
3.180000000000000071e+01
2.210000000000000142e+01
3.629999999999999716e+01
1.519999999999999929e+01
1.700000000000000000e+01
2.430000000000000071e+01
1.960000000000000142e+01
1.269999999999999929e+01
3.270000000000000284e+01
3.660000000000000142e+01
3.760000000000000142e+01
3.119999999999999929e+01
4.670000000000000284e+01
3.439999999999999858e+01
2.710000000000000142e+01
2.430000000000000071e+01
3.270000000000000284e+01
3.660000000000000142e+01
3.760000000000000142e+01
3.119999999999999929e+01
4.670000000000000284e+01
3.439999999999999858e+01
2.710000000000000142e+01
3.589999999999999858e+01
2.800000000000000000e+01
3.510000000000000142e+01
2.160000000000000142e+01
2.910000000000000142e+01
3.039999999999999858e+01
2.560000000000000142e+01
3.400000000000000000e+01
4.620000000000000284e+01
3.570000000000000284e+01
2.200000000000000000e+01
2.630000000000000071e+01
3.539999999999999858e+01
4.910000000000000142e+01
3.910000000000000142e+01
2.810000000000000142e+01
2.980000000000000071e+01
8.100000000000000000e+01
3.039999999999999858e+01
2.000000000000000000e+01
2.019999999999999929e+01
3.460000000000000142e+01
2.910000000000000142e+01
2.719999999999999929e+01
3.239999999999999858e+01
3.879999999999999716e+01
2.589999999999999858e+01
3.520000000000000284e+01
6.429999999999999716e+01
3.879999999999999716e+01
2.850000000000000000e+01
3.069999999999999929e+01
2.050000000000000000e+01
3.489999999999999858e+01
2.980000000000000071e+01
2.250000000000000000e+01
4.179999999999999716e+01
2.689999999999999858e+01
3.629999999999999716e+01
3.739999999999999858e+01
3.229999999999999716e+01
2.280000000000000071e+01
3.900000000000000000e+01
3.189999999999999858e+01
3.180000000000000071e+01
3.760000000000000142e+01
4.070000000000000284e+01
2.710000000000000142e+01
3.060000000000000142e+01
3.620000000000000284e+01
3.789999999999999858e+01
3.939999999999999858e+01
3.069999999999999929e+01
4.300000000000000000e+01
3.639999999999999858e+01
2.980000000000000071e+01
2.869999999999999929e+01
2.169999999999999929e+01
3.850000000000000000e+01
2.360000000000000142e+01
2.950000000000000000e+01
4.810000000000000142e+01
3.389999999999999858e+01
3.800000000000000000e+01
2.360000000000000142e+01
2.830000000000000071e+01
2.439999999999999858e+01
3.450000000000000000e+01
3.689999999999999858e+01
4.539999999999999858e+01
3.810000000000000142e+01
2.389999999999999858e+01
2.050000000000000000e+01
3.400000000000000000e+01
3.939999999999999858e+01
2.500000000000000000e+01
3.839999999999999858e+01
2.750000000000000000e+01
4.260000000000000142e+01
4.229999999999999716e+01
3.239999999999999858e+01
5.200000000000000000e+01
4.610000000000000142e+01
3.160000000000000142e+01
3.839999999999999858e+01
2.500000000000000000e+01
2.480000000000000071e+01
3.229999999999999716e+01
2.860000000000000142e+01
3.829999999999999716e+01
3.289999999999999858e+01
4.510000000000000142e+01
3.039999999999999858e+01
3.270000000000000284e+01
2.889999999999999858e+01
5.310000000000000142e+01
2.260000000000000142e+01
3.189999999999999858e+01
5.089999999999999858e+01
3.679999999999999716e+01
3.600000000000000000e+01
3.010000000000000142e+01
2.119999999999999929e+01
2.380000000000000071e+01
3.489999999999999858e+01
3.000000000000000000e+01
4.050000000000000000e+01
3.189999999999999858e+01
2.950000000000000000e+01
3.270000000000000284e+01
3.320000000000000284e+01
3.770000000000000284e+01
5.250000000000000000e+01
3.620000000000000284e+01
3.639999999999999858e+01
6.970000000000000284e+01
2.919999999999999929e+01
2.010000000000000142e+01
2.900000000000000000e+01
3.160000000000000142e+01
3.800000000000000000e+01
4.470000000000000284e+01
4.610000000000000142e+01
2.669999999999999929e+01
3.560000000000000142e+01
3.870000000000000284e+01
2.969999999999999929e+01
3.019999999999999929e+01
2.769999999999999929e+01
3.010000000000000142e+01
2.939999999999999858e+01
2.510000000000000142e+01
2.960000000000000142e+01
3.200000000000000000e+01
8.420000000000000284e+01
4.510000000000000142e+01
2.430000000000000071e+01
3.270000000000000284e+01
3.660000000000000142e+01
3.760000000000000142e+01
3.119999999999999929e+01
4.670000000000000284e+01
3.439999999999999858e+01
2.710000000000000142e+01
3.589999999999999858e+01
2.800000000000000000e+01
3.510000000000000142e+01
2.160000000000000142e+01
2.910000000000000142e+01
3.039999999999999858e+01
2.560000000000000142e+01
3.400000000000000000e+01
4.620000000000000284e+01
3.570000000000000284e+01
2.200000000000000000e+01
2.630000000000000071e+01
3.539999999999999858e+01
4.910000000000000142e+01
3.910000000000000142e+01
2.810000000000000142e+01
2.980000000000000071e+01
8.100000000000000000e+01
3.039999999999999858e+01
2.000000000000000000e+01
2.019999999999999929e+01
3.460000000000000142e+01
2.910000000000000142e+01
2.719999999999999929e+01
3.239999999999999858e+01
3.879999999999999716e+01
2.589999999999999858e+01
3.520000000000000284e+01
6.429999999999999716e+01
3.879999999999999716e+01
2.850000000000000000e+01
3.069999999999999929e+01
2.050000000000000000e+01
3.489999999999999858e+01
2.980000000000000071e+01
2.250000000000000000e+01
4.179999999999999716e+01
2.689999999999999858e+01
3.629999999999999716e+01
3.739999999999999858e+01
3.229999999999999716e+01
2.280000000000000071e+01
3.900000000000000000e+01
3.189999999999999858e+01
3.180000000000000071e+01
3.760000000000000142e+01
4.070000000000000284e+01
2.710000000000000142e+01
3.060000000000000142e+01
3.620000000000000284e+01
3.789999999999999858e+01
3.939999999999999858e+01
3.069999999999999929e+01
4.300000000000000000e+01
3.639999999999999858e+01
2.980000000000000071e+01
2.869999999999999929e+01
2.169999999999999929e+01
3.850000000000000000e+01
2.360000000000000142e+01
2.950000000000000000e+01
4.810000000000000142e+01
3.389999999999999858e+01
3.800000000000000000e+01
2.360000000000000142e+01
2.830000000000000071e+01
2.439999999999999858e+01
3.450000000000000000e+01
3.689999999999999858e+01
4.539999999999999858e+01
3.810000000000000142e+01
2.389999999999999858e+01
2.050000000000000000e+01
3.400000000000000000e+01
3.939999999999999858e+01
2.500000000000000000e+01
3.839999999999999858e+01
2.750000000000000000e+01
4.260000000000000142e+01
4.229999999999999716e+01
3.239999999999999858e+01
5.200000000000000000e+01
4.610000000000000142e+01
3.160000000000000142e+01
3.839999999999999858e+01
2.500000000000000000e+01
2.480000000000000071e+01
3.229999999999999716e+01
2.860000000000000142e+01
3.829999999999999716e+01
3.289999999999999858e+01
4.510000000000000142e+01
3.039999999999999858e+01
3.270000000000000284e+01
2.889999999999999858e+01
5.310000000000000142e+01
2.260000000000000142e+01
3.189999999999999858e+01
5.089999999999999858e+01
3.679999999999999716e+01
3.600000000000000000e+01
3.010000000000000142e+01
2.119999999999999929e+01
2.380000000000000071e+01
3.489999999999999858e+01
3.000000000000000000e+01
4.050000000000000000e+01
3.189999999999999858e+01
2.950000000000000000e+01
3.270000000000000284e+01
3.320000000000000284e+01
3.770000000000000284e+01
5.250000000000000000e+01
3.620000000000000284e+01
3.639999999999999858e+01
6.970000000000000284e+01
2.919999999999999929e+01
2.010000000000000142e+01
2.900000000000000000e+01
3.160000000000000142e+01
3.800000000000000000e+01
4.470000000000000284e+01
4.610000000000000142e+01
2.669999999999999929e+01
3.560000000000000142e+01
3.870000000000000284e+01
2.969999999999999929e+01
3.019999999999999929e+01
2.769999999999999929e+01
3.010000000000000142e+01
2.939999999999999858e+01
2.510000000000000142e+01
2.960000000000000142e+01
3.200000000000000000e+01
8.420000000000000284e+01
4.510000000000000142e+01
