3.860000000000000142e+01
2.919999999999999929e+01
4.089999999999999858e+01
2.650000000000000000e+01
1.730000000000000071e+01
3.260000000000000142e+01
3.570000000000000284e+01
3.750000000000000000e+01
4.720000000000000284e+01
3.100000000000000000e+01
2.939999999999999858e+01
2.219999999999999929e+01
2.310000000000000142e+01
1.000000000000000000e+01
4.860000000000000142e+01
3.650000000000000000e+01
1.910000000000000142e+01
2.280000000000000071e+01
2.780000000000000071e+01
3.110000000000000142e+01
6.029999999999999716e+01
1.540000000000000036e+01
2.969999999999999929e+01
4.020000000000000284e+01
3.189999999999999858e+01
2.480000000000000071e+01
3.030000000000000071e+01
1.050000000000000000e+01
3.160000000000000142e+01
2.330000000000000071e+01
2.210000000000000142e+01
4.970000000000000284e+01
3.960000000000000142e+01
3.779999999999999716e+01
1.960000000000000142e+01
1.530000000000000071e+01
1.960000000000000142e+01
3.670000000000000284e+01
2.219999999999999929e+01
1.480000000000000071e+01
2.730000000000000071e+01
4.489999999999999858e+01
2.280000000000000071e+01
3.200000000000000000e+01
2.869999999999999929e+01
3.160000000000000142e+01
2.619999999999999929e+01
2.380000000000000071e+01
6.720000000000000284e+01
4.470000000000000284e+01
2.239999999999999858e+01
1.390000000000000036e+01
1.550000000000000000e+01
5.329999999999999716e+01
2.439999999999999858e+01
2.480000000000000071e+01
2.039999999999999858e+01
3.320000000000000284e+01
3.900000000000000000e+01
1.819999999999999929e+01
3.189999999999999858e+01
3.019999999999999929e+01
3.639999999999999858e+01
3.119999999999999929e+01
1.630000000000000071e+01
4.439999999999999858e+01
4.639999999999999858e+01
2.730000000000000071e+01
3.130000000000000071e+01
3.400000000000000000e+01
3.600000000000000000e+01
2.280000000000000071e+01
3.679999999999999716e+01
1.280000000000000071e+01
3.039999999999999858e+01
8.300000000000000711e+00
5.900000000000000355e+00
3.679999999999999716e+01
1.280000000000000071e+01
3.039999999999999858e+01
7.200000000000000178e+00
5.000000000000000000e+00
7.299999999999999822e+00
1.109999999999999964e+01
0.000000000000000000e+00
1.800000000000000044e+00
0.000000000000000000e+00
0.000000000000000000e+00
0.000000000000000000e+00
0.000000000000000000e+00
0.000000000000000000e+00
0.000000000000000000e+00
4.500000000000000000e+00
2.700000000000000178e+00
0.000000000000000000e+00
0.000000000000000000e+00
0.000000000000000000e+00
0.000000000000000000e+00
0.000000000000000000e+00
1.109999999999999964e+01
5.689999999999999858e+01
2.369999999999999929e+01
4.470000000000000284e+01
2.910000000000000142e+01
2.639999999999999858e+01
4.129999999999999716e+01
2.000000000000000000e+01
2.450000000000000000e+01
2.280000000000000071e+01
3.620000000000000284e+01
1.600000000000000000e+01
