2.180000000000000071e+01
1.490000000000000036e+01
1.300000000000000000e+01
1.719999999999999929e+01
3.119999999999999929e+01
1.219999999999999929e+01
2.589999999999999858e+01
8.300000000000000711e+00
2.589999999999999858e+01
4.060000000000000142e+01
2.310000000000000142e+01
1.910000000000000142e+01
5.099999999999999645e+00
2.400000000000000000e+01
5.299999999999999822e+00
1.910000000000000142e+01
2.600000000000000000e+01
2.839999999999999858e+01
2.589999999999999858e+01
4.060000000000000142e+01
2.310000000000000142e+01
2.400000000000000000e+01
2.600000000000000000e+01
2.839999999999999858e+01
2.710000000000000142e+01
3.800000000000000000e+01
7.520000000000000284e+01
3.039999999999999858e+01
1.910000000000000142e+01
1.910000000000000142e+01
1.219999999999999929e+01
1.980000000000000071e+01
2.710000000000000142e+01
3.800000000000000000e+01
7.520000000000000284e+01
3.039999999999999858e+01
4.510000000000000142e+01
2.480000000000000071e+01
6.050000000000000000e+01
4.629999999999999716e+01
3.089999999999999858e+01
2.360000000000000142e+01
3.080000000000000071e+01
