4.320000000000000284e+01
3.039999999999999858e+01
1.209999999999999964e+01
3.729999999999999716e+01
2.239999999999999858e+01
1.309999999999999964e+01
2.480000000000000071e+01
2.250000000000000000e+01
2.910000000000000142e+01
2.000000000000000000e+01
2.669999999999999929e+01
4.539999999999999858e+01
3.770000000000000284e+01
2.710000000000000142e+01
2.939999999999999858e+01
3.169999999999999929e+01
4.129999999999999716e+01
2.850000000000000000e+01
2.639999999999999858e+01
5.339999999999999858e+01
2.239999999999999858e+01
