2.830000000000000071e+01
3.089999999999999858e+01
1.860000000000000142e+01
1.009999999999999964e+01
3.039999999999999858e+01
2.730000000000000071e+01
2.569999999999999929e+01
3.850000000000000000e+01
1.780000000000000071e+01
3.850000000000000000e+01
3.839999999999999858e+01
3.470000000000000284e+01
2.300000000000000000e+01
1.739999999999999858e+01
3.879999999999999716e+01
2.760000000000000142e+01
4.460000000000000142e+01
2.960000000000000142e+01
3.950000000000000000e+01
2.639999999999999858e+01
2.669999999999999929e+01
4.489999999999999858e+01
4.270000000000000284e+01
6.400000000000000000e+01
1.610000000000000142e+01
2.039999999999999858e+01
3.189999999999999858e+01
2.360000000000000142e+01
3.139999999999999858e+01
2.760000000000000142e+01
1.860000000000000142e+01
3.639999999999999858e+01
3.850000000000000000e+01
2.130000000000000071e+01
3.260000000000000142e+01
2.110000000000000142e+01
1.830000000000000071e+01
3.660000000000000142e+01
3.720000000000000284e+01
1.630000000000000071e+01
4.760000000000000142e+01
2.150000000000000000e+01
2.050000000000000000e+01
3.579999999999999716e+01
1.969999999999999929e+01
3.970000000000000284e+01
5.110000000000000142e+01
3.800000000000000000e+01
3.860000000000000142e+01
3.779999999999999716e+01
2.860000000000000142e+01
3.470000000000000284e+01
3.700000000000000000e+01
4.589999999999999858e+01
4.379999999999999716e+01
4.120000000000000284e+01
5.350000000000000000e+01
2.369999999999999929e+01
2.510000000000000142e+01
1.530000000000000071e+01
4.250000000000000000e+01
2.039999999999999858e+01
3.150000000000000000e+01
1.230000000000000071e+01
1.469999999999999929e+01
3.589999999999999858e+01
4.470000000000000284e+01
2.269999999999999929e+01
1.760000000000000142e+01
4.389999999999999858e+01
1.980000000000000071e+01
3.979999999999999716e+01
4.139999999999999858e+01
1.080000000000000071e+01
2.789999999999999858e+01
2.610000000000000142e+01
3.889999999999999858e+01
5.650000000000000000e+01
3.539999999999999858e+01
1.319999999999999929e+01
2.100000000000000000e+01
3.979999999999999716e+01
2.700000000000000000e+01
2.319999999999999929e+01
1.600000000000000000e+01
1.650000000000000000e+01
2.280000000000000071e+01
2.380000000000000071e+01
2.169999999999999929e+01
1.789999999999999858e+01
3.660000000000000142e+01
3.889999999999999858e+01
1.619999999999999929e+01
4.120000000000000284e+01
1.530000000000000071e+01
3.529999999999999716e+01
1.760000000000000142e+01
2.700000000000000000e+01
1.000000000000000000e+01
3.110000000000000142e+01
3.889999999999999858e+01
5.099999999999999645e+00
5.700000000000000178e+00
6.099999999999999645e+00
5.900000000000000355e+00
7.700000000000000178e+00
7.299999999999999822e+00
6.400000000000000355e+00
6.400000000000000355e+00
5.299999999999999822e+00
7.700000000000000178e+00
6.299999999999999822e+00
5.099999999999999645e+00
5.700000000000000178e+00
6.799999999999999822e+00
5.000000000000000000e+00
5.500000000000000000e+00
6.200000000000000178e+00
5.299999999999999822e+00
5.700000000000000178e+00
8.099999999999999645e+00
6.299999999999999822e+00
6.099999999999999645e+00
7.700000000000000178e+00
6.000000000000000000e+00
6.799999999999999822e+00
5.400000000000000355e+00
6.400000000000000355e+00
5.200000000000000178e+00
9.000000000000000000e+00
6.599999999999999645e+00
5.900000000000000355e+00
7.099999999999999645e+00
5.599999999999999645e+00
5.500000000000000000e+00
7.900000000000000355e+00
7.099999999999999645e+00
5.400000000000000355e+00
6.299999999999999822e+00
5.400000000000000355e+00
7.200000000000000178e+00
6.700000000000000178e+00
6.200000000000000178e+00
6.099999999999999645e+00
5.099999999999999645e+00
7.400000000000000355e+00
7.400000000000000355e+00
6.299999999999999822e+00
5.799999999999999822e+00
6.799999999999999822e+00
5.799999999999999822e+00
8.500000000000000000e+00
6.599999999999999645e+00
5.000000000000000000e+00
5.400000000000000355e+00
8.199999999999999289e+00
5.700000000000000178e+00
8.199999999999999289e+00
6.700000000000000178e+00
6.200000000000000178e+00
5.900000000000000355e+00
5.400000000000000355e+00
7.799999999999999822e+00
5.900000000000000355e+00
6.599999999999999645e+00
5.500000000000000000e+00
7.799999999999999822e+00
6.299999999999999822e+00
6.400000000000000355e+00
7.400000000000000355e+00
6.700000000000000178e+00
6.599999999999999645e+00
5.099999999999999645e+00
4.470000000000000284e+01
6.000000000000000000e+00
2.269999999999999929e+01
6.299999999999999822e+00
1.760000000000000142e+01
6.200000000000000178e+00
4.389999999999999858e+01
6.500000000000000000e+00
5.799999999999999822e+00
1.980000000000000071e+01
3.979999999999999716e+01
4.139999999999999858e+01
6.700000000000000178e+00
5.400000000000000355e+00
1.080000000000000071e+01
2.789999999999999858e+01
2.610000000000000142e+01
7.299999999999999822e+00
7.299999999999999822e+00
3.889999999999999858e+01
5.650000000000000000e+01
3.539999999999999858e+01
1.319999999999999929e+01
2.100000000000000000e+01
3.979999999999999716e+01
2.700000000000000000e+01
6.799999999999999822e+00
2.319999999999999929e+01
1.600000000000000000e+01
1.650000000000000000e+01
2.280000000000000071e+01
2.380000000000000071e+01
2.169999999999999929e+01
1.789999999999999858e+01
6.299999999999999822e+00
3.889999999999999858e+01
1.619999999999999929e+01
4.120000000000000284e+01
1.530000000000000071e+01
5.599999999999999645e+00
3.529999999999999716e+01
6.799999999999999822e+00
1.760000000000000142e+01
5.900000000000000355e+00
8.900000000000000355e+00
2.700000000000000000e+01
5.700000000000000178e+00
1.000000000000000000e+01
3.110000000000000142e+01
3.889999999999999858e+01
3.130000000000000071e+01
6.900000000000000355e+00
3.589999999999999858e+01
6.200000000000000178e+00
1.789999999999999858e+01
6.099999999999999645e+00
1.869999999999999929e+01
2.469999999999999929e+01
7.179999999999999716e+01
3.429999999999999716e+01
3.470000000000000284e+01
1.359999999999999964e+01
3.100000000000000000e+01
2.960000000000000142e+01
8.000000000000000000e+00
3.700000000000000000e+01
5.900000000000000355e+00
6.000000000000000000e+00
4.050000000000000000e+01
4.050000000000000000e+01
2.430000000000000071e+01
2.969999999999999929e+01
3.950000000000000000e+01
3.510000000000000142e+01
3.579999999999999716e+01
2.460000000000000142e+01
3.270000000000000284e+01
2.860000000000000142e+01
5.000000000000000000e+00
1.630000000000000071e+01
3.239999999999999858e+01
3.180000000000000071e+01
1.639999999999999858e+01
2.719999999999999929e+01
2.310000000000000142e+01
3.970000000000000284e+01
2.989999999999999858e+01
6.299999999999999822e+00
3.620000000000000284e+01
3.180000000000000071e+01
5.099999999999999645e+00
1.109999999999999964e+01
1.400000000000000000e+01
2.960000000000000142e+01
3.010000000000000142e+01
5.599999999999999645e+00
3.039999999999999858e+01
0.000000000000000000e+00
2.100000000000000089e+00
0.000000000000000000e+00
0.000000000000000000e+00
0.000000000000000000e+00
0.000000000000000000e+00
0.000000000000000000e+00
0.000000000000000000e+00
4.299999999999999822e+00
0.000000000000000000e+00
0.000000000000000000e+00
0.000000000000000000e+00
0.000000000000000000e+00
2.600000000000000089e+00
0.000000000000000000e+00
0.000000000000000000e+00
2.000000000000000000e+00
0.000000000000000000e+00
0.000000000000000000e+00
0.000000000000000000e+00
0.000000000000000000e+00
0.000000000000000000e+00
0.000000000000000000e+00
0.000000000000000000e+00
0.000000000000000000e+00
0.000000000000000000e+00
0.000000000000000000e+00
0.000000000000000000e+00
0.000000000000000000e+00
0.000000000000000000e+00
1.800000000000000044e+00
0.000000000000000000e+00
0.000000000000000000e+00
1.899999999999999911e+00
0.000000000000000000e+00
0.000000000000000000e+00
3.399999999999999911e+00
0.000000000000000000e+00
0.000000000000000000e+00
2.999999999999999889e-01
0.000000000000000000e+00
0.000000000000000000e+00
0.000000000000000000e+00
0.000000000000000000e+00
0.000000000000000000e+00
0.000000000000000000e+00
0.000000000000000000e+00
0.000000000000000000e+00
0.000000000000000000e+00
0.000000000000000000e+00
0.000000000000000000e+00
0.000000000000000000e+00
0.000000000000000000e+00
0.000000000000000000e+00
0.000000000000000000e+00
0.000000000000000000e+00
0.000000000000000000e+00
0.000000000000000000e+00
0.000000000000000000e+00
0.000000000000000000e+00
0.000000000000000000e+00
0.000000000000000000e+00
0.000000000000000000e+00
0.000000000000000000e+00
0.000000000000000000e+00
0.000000000000000000e+00
0.000000000000000000e+00
0.000000000000000000e+00
0.000000000000000000e+00
0.000000000000000000e+00
0.000000000000000000e+00
4.299999999999999822e+00
0.000000000000000000e+00
0.000000000000000000e+00
0.000000000000000000e+00
0.000000000000000000e+00
1.600000000000000089e+00
0.000000000000000000e+00
0.000000000000000000e+00
0.000000000000000000e+00
0.000000000000000000e+00
0.000000000000000000e+00
0.000000000000000000e+00
0.000000000000000000e+00
0.000000000000000000e+00
0.000000000000000000e+00
0.000000000000000000e+00
0.000000000000000000e+00
0.000000000000000000e+00
0.000000000000000000e+00
0.000000000000000000e+00
0.000000000000000000e+00
0.000000000000000000e+00
0.000000000000000000e+00
0.000000000000000000e+00
0.000000000000000000e+00
0.000000000000000000e+00
0.000000000000000000e+00
0.000000000000000000e+00
0.000000000000000000e+00
0.000000000000000000e+00
0.000000000000000000e+00
0.000000000000000000e+00
0.000000000000000000e+00
0.000000000000000000e+00
0.000000000000000000e+00
0.000000000000000000e+00
0.000000000000000000e+00
0.000000000000000000e+00
0.000000000000000000e+00
0.000000000000000000e+00
0.000000000000000000e+00
0.000000000000000000e+00
0.000000000000000000e+00
0.000000000000000000e+00
0.000000000000000000e+00
0.000000000000000000e+00
0.000000000000000000e+00
0.000000000000000000e+00
0.000000000000000000e+00
0.000000000000000000e+00
0.000000000000000000e+00
0.000000000000000000e+00
0.000000000000000000e+00
0.000000000000000000e+00
0.000000000000000000e+00
0.000000000000000000e+00
0.000000000000000000e+00
0.000000000000000000e+00
0.000000000000000000e+00
4.000000000000000222e-01
0.000000000000000000e+00
0.000000000000000000e+00
0.000000000000000000e+00
0.000000000000000000e+00
0.000000000000000000e+00
0.000000000000000000e+00
0.000000000000000000e+00
0.000000000000000000e+00
0.000000000000000000e+00
0.000000000000000000e+00
0.000000000000000000e+00
0.000000000000000000e+00
0.000000000000000000e+00
0.000000000000000000e+00
1.000000000000000056e-01
0.000000000000000000e+00
0.000000000000000000e+00
0.000000000000000000e+00
0.000000000000000000e+00
0.000000000000000000e+00
0.000000000000000000e+00
0.000000000000000000e+00
0.000000000000000000e+00
0.000000000000000000e+00
0.000000000000000000e+00
0.000000000000000000e+00
0.000000000000000000e+00
0.000000000000000000e+00
0.000000000000000000e+00
0.000000000000000000e+00
0.000000000000000000e+00
0.000000000000000000e+00
0.000000000000000000e+00
0.000000000000000000e+00
0.000000000000000000e+00
0.000000000000000000e+00
3.600000000000000089e+00
2.000000000000000111e-01
0.000000000000000000e+00
0.000000000000000000e+00
0.000000000000000000e+00
4.000000000000000222e-01
0.000000000000000000e+00
0.000000000000000000e+00
0.000000000000000000e+00
0.000000000000000000e+00
0.000000000000000000e+00
0.000000000000000000e+00
0.000000000000000000e+00
0.000000000000000000e+00
0.000000000000000000e+00
8.000000000000000444e-01
0.000000000000000000e+00
0.000000000000000000e+00
0.000000000000000000e+00
0.000000000000000000e+00
0.000000000000000000e+00
0.000000000000000000e+00
0.000000000000000000e+00
2.999999999999999889e-01
0.000000000000000000e+00
0.000000000000000000e+00
0.000000000000000000e+00
1.000000000000000000e+00
0.000000000000000000e+00
0.000000000000000000e+00
4.400000000000000355e+00
0.000000000000000000e+00
0.000000000000000000e+00
5.999999999999999778e-01
0.000000000000000000e+00
0.000000000000000000e+00
0.000000000000000000e+00
0.000000000000000000e+00
0.000000000000000000e+00
0.000000000000000000e+00
0.000000000000000000e+00
0.000000000000000000e+00
0.000000000000000000e+00
0.000000000000000000e+00
0.000000000000000000e+00
2.000000000000000000e+00
0.000000000000000000e+00
9.000000000000000222e-01
0.000000000000000000e+00
0.000000000000000000e+00
0.000000000000000000e+00
0.000000000000000000e+00
0.000000000000000000e+00
0.000000000000000000e+00
0.000000000000000000e+00
0.000000000000000000e+00
1.109999999999999964e+01
1.400000000000000000e+01
1.180000000000000071e+01
1.939999999999999858e+01
1.730000000000000071e+01
1.350000000000000000e+01
1.730000000000000071e+01
1.730000000000000071e+01
1.700000000000000000e+01
1.750000000000000000e+01
1.660000000000000142e+01
1.490000000000000036e+01
1.109999999999999964e+01
1.150000000000000000e+01
1.780000000000000071e+01
1.960000000000000142e+01
1.359999999999999964e+01
1.380000000000000071e+01
1.169999999999999929e+01
1.090000000000000036e+01
1.540000000000000036e+01
1.980000000000000071e+01
1.380000000000000071e+01
1.109999999999999964e+01
1.880000000000000071e+01
1.680000000000000071e+01
1.509999999999999964e+01
1.660000000000000142e+01
1.390000000000000036e+01
1.259999999999999964e+01
1.700000000000000000e+01
1.639999999999999858e+01
4.389999999999999858e+01
2.630000000000000071e+01
3.270000000000000284e+01
4.510000000000000142e+01
1.219999999999999929e+01
2.769999999999999929e+01
3.589999999999999858e+01
2.639999999999999858e+01
1.200000000000000000e+01
5.220000000000000284e+01
3.989999999999999858e+01
1.169999999999999929e+01
1.760000000000000142e+01
4.550000000000000000e+01
1.119999999999999929e+01
2.189999999999999858e+01
2.350000000000000000e+01
2.780000000000000071e+01
3.589999999999999858e+01
2.089999999999999858e+01
3.189999999999999858e+01
2.369999999999999929e+01
2.039999999999999858e+01
2.900000000000000000e+01
2.589999999999999858e+01
3.589999999999999858e+01
2.510000000000000142e+01
3.069999999999999929e+01
2.560000000000000142e+01
3.900000000000000000e+01
3.019999999999999929e+01
3.350000000000000000e+01
1.989999999999999858e+01
3.529999999999999716e+01
3.310000000000000142e+01
1.490000000000000036e+01
2.539999999999999858e+01
4.450000000000000000e+01
2.130000000000000071e+01
3.100000000000000000e+01
2.280000000000000071e+01
1.789999999999999858e+01
2.330000000000000071e+01
2.519999999999999929e+01
3.110000000000000142e+01
1.960000000000000142e+01
2.989999999999999858e+01
2.450000000000000000e+01
3.220000000000000284e+01
2.900000000000000000e+01
2.610000000000000142e+01
1.880000000000000071e+01
3.810000000000000142e+01
2.010000000000000142e+01
2.910000000000000142e+01
3.389999999999999858e+01
2.130000000000000071e+01
2.339999999999999858e+01
3.589999999999999858e+01
4.260000000000000142e+01
2.039999999999999858e+01
3.689999999999999858e+01
3.520000000000000284e+01
5.560000000000000142e+01
2.639999999999999858e+01
2.330000000000000071e+01
1.409999999999999964e+01
2.750000000000000000e+01
3.810000000000000142e+01
5.150000000000000000e+01
3.729999999999999716e+01
3.800000000000000000e+01
2.139999999999999858e+01
1.080000000000000071e+01
1.100000000000000000e+01
1.530000000000000071e+01
3.150000000000000000e+01
3.019999999999999929e+01
1.839999999999999858e+01
4.250000000000000000e+01
2.460000000000000142e+01
1.910000000000000142e+01
3.420000000000000284e+01
2.300000000000000000e+01
3.210000000000000142e+01
3.600000000000000000e+01
4.979999999999999716e+01
3.720000000000000284e+01
2.569999999999999929e+01
2.669999999999999929e+01
2.519999999999999929e+01
8.579999999999999716e+01
3.650000000000000000e+01
3.069999999999999929e+01
3.579999999999999716e+01
2.300000000000000000e+01
2.760000000000000142e+01
3.579999999999999716e+01
1.760000000000000142e+01
2.289999999999999858e+01
4.070000000000000284e+01
1.919999999999999929e+01
2.639999999999999858e+01
3.080000000000000071e+01
4.100000000000000000e+01
3.150000000000000000e+01
3.300000000000000000e+01
2.719999999999999929e+01
2.180000000000000071e+01
3.779999999999999716e+01
2.280000000000000071e+01
2.410000000000000142e+01
3.829999999999999716e+01
6.929999999999999716e+01
2.319999999999999929e+01
2.460000000000000142e+01
2.680000000000000071e+01
1.269999999999999929e+01
3.589999999999999858e+01
2.919999999999999929e+01
2.860000000000000142e+01
4.189999999999999858e+01
1.789999999999999858e+01
2.880000000000000071e+01
3.229999999999999716e+01
3.620000000000000284e+01
4.810000000000000142e+01
3.750000000000000000e+01
2.769999999999999929e+01
3.550000000000000000e+01
3.660000000000000142e+01
3.760000000000000142e+01
2.600000000000000000e+01
1.739999999999999858e+01
2.769999999999999929e+01
3.810000000000000142e+01
1.519999999999999929e+01
2.980000000000000071e+01
2.150000000000000000e+01
2.750000000000000000e+01
1.910000000000000142e+01
4.639999999999999858e+01
2.989999999999999858e+01
2.989999999999999858e+01
1.550000000000000000e+01
2.050000000000000000e+01
