1.600000000000000000e+01
1.939999999999999858e+01
1.559999999999999964e+01
4.089999999999999858e+01
4.970000000000000284e+01
3.139999999999999858e+01
3.239999999999999858e+01
4.520000000000000284e+01
4.050000000000000000e+01
3.239999999999999858e+01
4.520000000000000284e+01
4.050000000000000000e+01
3.189999999999999858e+01
2.010000000000000142e+01
3.239999999999999858e+01
2.019999999999999929e+01
2.030000000000000071e+01
2.430000000000000071e+01
4.239999999999999858e+01
0.000000000000000000e+00
0.000000000000000000e+00
0.000000000000000000e+00
2.369999999999999929e+01
0.000000000000000000e+00
0.000000000000000000e+00
0.000000000000000000e+00
3.610000000000000142e+01
0.000000000000000000e+00
0.000000000000000000e+00
0.000000000000000000e+00
