2.089999999999999858e+01
2.960000000000000142e+01
1.580000000000000071e+01
3.679999999999999716e+01
3.130000000000000071e+01
3.739999999999999858e+01
7.000000000000000000e+00
6.299999999999999822e+00
5.400000000000000355e+00
3.829999999999999716e+01
1.100000000000000000e+01
6.900000000000000355e+00
4.070000000000000284e+01
3.829999999999999716e+01
4.070000000000000284e+01
2.169999999999999929e+01
3.739999999999999858e+01
2.780000000000000071e+01
3.710000000000000142e+01
4.089999999999999858e+01
