5.829999999999999716e+01
3.960000000000000142e+01
1.080000000000000071e+01
2.369999999999999929e+01
3.929999999999999716e+01
1.019999999999999929e+01
1.960000000000000142e+01
2.230000000000000071e+01
3.229999999999999716e+01
2.569999999999999929e+01
2.510000000000000142e+01
4.029999999999999716e+01
3.300000000000000000e+01
1.250000000000000000e+01
1.130000000000000071e+01
2.260000000000000142e+01
3.150000000000000000e+01
1.200000000000000000e+01
3.750000000000000000e+01
1.169999999999999929e+01
2.469999999999999929e+01
2.280000000000000071e+01
2.569999999999999929e+01
2.960000000000000142e+01
3.820000000000000284e+01
1.440000000000000036e+01
5.500000000000000000e+01
4.089999999999999858e+01
1.400000000000000000e+01
6.700000000000000000e+01
3.689999999999999858e+01
3.929999999999999716e+01
3.210000000000000142e+01
3.189999999999999858e+01
2.800000000000000000e+01
4.529999999999999716e+01
1.569999999999999929e+01
4.760000000000000142e+01
4.920000000000000284e+01
3.800000000000000000e+01
2.530000000000000071e+01
1.359999999999999964e+01
1.040000000000000036e+01
7.099999999999999645e+00
6.700000000000000178e+00
7.099999999999999645e+00
8.500000000000000000e+00
8.500000000000000000e+00
6.799999999999999822e+00
1.359999999999999964e+01
1.040000000000000036e+01
1.469999999999999929e+01
7.299999999999999822e+00
1.030000000000000071e+01
1.559999999999999964e+01
0.000000000000000000e+00
0.000000000000000000e+00
0.000000000000000000e+00
0.000000000000000000e+00
0.000000000000000000e+00
0.000000000000000000e+00
0.000000000000000000e+00
0.000000000000000000e+00
0.000000000000000000e+00
0.000000000000000000e+00
1.030000000000000071e+01
1.559999999999999964e+01
1.109999999999999964e+01
1.580000000000000071e+01
1.889999999999999858e+01
2.180000000000000071e+01
3.400000000000000000e+01
2.710000000000000142e+01
3.650000000000000000e+01
4.539999999999999858e+01
1.550000000000000000e+01
2.010000000000000142e+01
6.020000000000000284e+01
6.920000000000000284e+01
