1.080000000000000071e+01
2.239999999999999858e+01
3.500000000000000000e+01
1.610000000000000142e+01
3.470000000000000284e+01
3.839999999999999858e+01
3.610000000000000142e+01
1.719999999999999929e+01
1.619999999999999929e+01
2.130000000000000071e+01
3.620000000000000284e+01
3.160000000000000142e+01
2.869999999999999929e+01
3.850000000000000000e+01
2.910000000000000142e+01
1.059999999999999964e+01
3.210000000000000142e+01
3.080000000000000071e+01
3.600000000000000000e+01
2.580000000000000071e+01
2.989999999999999858e+01
1.789999999999999858e+01
3.239999999999999858e+01
7.770000000000000284e+01
1.800000000000000000e+01
2.839999999999999858e+01
2.800000000000000000e+01
7.299999999999999822e+00
6.900000000000000355e+00
8.300000000000000711e+00
5.099999999999999645e+00
5.299999999999999822e+00
7.200000000000000178e+00
6.900000000000000355e+00
5.200000000000000178e+00
6.500000000000000000e+00
5.599999999999999645e+00
3.239999999999999858e+01
7.770000000000000284e+01
6.500000000000000000e+00
1.800000000000000000e+01
2.839999999999999858e+01
5.900000000000000355e+00
5.700000000000000178e+00
2.800000000000000000e+01
3.019999999999999929e+01
2.060000000000000142e+01
6.500000000000000000e+00
2.130000000000000071e+01
3.910000000000000142e+01
4.539999999999999858e+01
3.160000000000000142e+01
1.950000000000000000e+01
0.000000000000000000e+00
0.000000000000000000e+00
0.000000000000000000e+00
0.000000000000000000e+00
0.000000000000000000e+00
0.000000000000000000e+00
0.000000000000000000e+00
0.000000000000000000e+00
0.000000000000000000e+00
0.000000000000000000e+00
0.000000000000000000e+00
0.000000000000000000e+00
0.000000000000000000e+00
0.000000000000000000e+00
0.000000000000000000e+00
0.000000000000000000e+00
0.000000000000000000e+00
0.000000000000000000e+00
3.700000000000000178e+00
0.000000000000000000e+00
0.000000000000000000e+00
0.000000000000000000e+00
0.000000000000000000e+00
1.600000000000000089e+00
0.000000000000000000e+00
0.000000000000000000e+00
2.600000000000000089e+00
0.000000000000000000e+00
2.600000000000000089e+00
0.000000000000000000e+00
0.000000000000000000e+00
0.000000000000000000e+00
0.000000000000000000e+00
0.000000000000000000e+00
0.000000000000000000e+00
0.000000000000000000e+00
1.000000000000000000e+01
1.769999999999999929e+01
3.329999999999999716e+01
3.239999999999999858e+01
1.109999999999999964e+01
2.810000000000000142e+01
3.789999999999999858e+01
1.750000000000000000e+01
2.410000000000000142e+01
2.789999999999999858e+01
3.050000000000000000e+01
1.719999999999999929e+01
5.179999999999999716e+01
1.340000000000000036e+01
3.030000000000000071e+01
1.980000000000000071e+01
2.510000000000000142e+01
2.660000000000000142e+01
2.030000000000000071e+01
2.910000000000000142e+01
1.319999999999999929e+01
2.230000000000000071e+01
3.110000000000000142e+01
3.160000000000000142e+01
3.829999999999999716e+01
3.110000000000000142e+01
2.419999999999999929e+01
2.989999999999999858e+01
2.919999999999999929e+01
1.710000000000000142e+01
2.480000000000000071e+01
