1.819999999999999929e+01
2.180000000000000071e+01
3.679999999999999716e+01
3.610000000000000142e+01
3.089999999999999858e+01
2.700000000000000000e+01
7.799999999999999822e+00
8.699999999999999289e+00
7.299999999999999822e+00
9.099999999999999645e+00
2.700000000000000000e+01
5.920000000000000284e+01
1.580000000000000071e+01
6.700000000000000178e+00
2.230000000000000071e+01
3.589999999999999858e+01
3.470000000000000284e+01
4.889999999999999858e+01
5.910000000000000142e+01
2.960000000000000142e+01
4.339999999999999858e+01
5.900000000000000000e+01
8.009999999999999432e+01
2.730000000000000071e+01
2.619999999999999929e+01
5.870000000000000284e+01
2.439999999999999858e+01
5.350000000000000000e+01
1.989999999999999858e+01
2.730000000000000071e+01
2.619999999999999929e+01
5.870000000000000284e+01
2.439999999999999858e+01
5.350000000000000000e+01
1.769999999999999929e+01
4.310000000000000142e+01
3.239999999999999858e+01
2.050000000000000000e+01
