1.860000000000000142e+01
4.760000000000000142e+01
3.180000000000000071e+01
1.810000000000000142e+01
2.450000000000000000e+01
2.960000000000000142e+01
3.329999999999999716e+01
5.339999999999999858e+01
2.930000000000000071e+01
3.329999999999999716e+01
5.339999999999999858e+01
2.930000000000000071e+01
4.039999999999999858e+01
2.989999999999999858e+01
4.239999999999999858e+01
7.079999999999999716e+01
2.800000000000000000e+01
2.569999999999999929e+01
4.600000000000000000e+01
0.000000000000000000e+00
0.000000000000000000e+00
2.239999999999999858e+01
2.200000000000000000e+01
0.000000000000000000e+00
2.930000000000000071e+01
3.220000000000000284e+01
1.250000000000000000e+01
0.000000000000000000e+00
0.000000000000000000e+00
