2.280000000000000071e+01
2.300000000000000000e+01
2.589999999999999858e+01
4.460000000000000142e+01
4.500000000000000000e+01
4.110000000000000142e+01
1.000000000000000000e+01
4.539999999999999858e+01
3.810000000000000142e+01
3.010000000000000142e+01
1.150000000000000000e+01
3.879999999999999716e+01
1.200000000000000000e+01
5.000000000000000000e+00
4.539999999999999858e+01
3.810000000000000142e+01
3.010000000000000142e+01
6.900000000000000355e+00
1.150000000000000000e+01
3.879999999999999716e+01
5.170000000000000284e+01
7.400000000000000355e+00
4.129999999999999716e+01
8.199999999999999289e+00
8.199999999999999289e+00
1.889999999999999858e+01
4.539999999999999858e+01
3.810000000000000142e+01
3.010000000000000142e+01
3.879999999999999716e+01
5.170000000000000284e+01
4.129999999999999716e+01
2.969999999999999929e+01
2.269999999999999929e+01
2.880000000000000071e+01
2.050000000000000000e+01
3.629999999999999716e+01
3.139999999999999858e+01
3.879999999999999716e+01
2.939999999999999858e+01
4.210000000000000142e+01
