3.379999999999999716e+01
4.700000000000000000e+01
6.310000000000000142e+01
2.019999999999999929e+01
3.270000000000000284e+01
2.119999999999999929e+01
3.550000000000000000e+01
4.270000000000000284e+01
3.180000000000000071e+01
1.559999999999999964e+01
6.200000000000000178e+00
5.599999999999999645e+00
5.299999999999999822e+00
5.200000000000000178e+00
6.200000000000000178e+00
6.700000000000000178e+00
5.900000000000000355e+00
6.200000000000000178e+00
9.699999999999999289e+00
3.550000000000000000e+01
4.270000000000000284e+01
3.180000000000000071e+01
1.559999999999999964e+01
1.710000000000000142e+01
2.500000000000000000e+01
4.139999999999999858e+01
3.100000000000000000e+01
1.800000000000000000e+01
3.389999999999999858e+01
2.569999999999999929e+01
2.289999999999999858e+01
1.880000000000000071e+01
7.099999999999999645e+00
2.019999999999999929e+01
4.299999999999999822e+00
0.000000000000000000e+00
0.000000000000000000e+00
0.000000000000000000e+00
0.000000000000000000e+00
0.000000000000000000e+00
0.000000000000000000e+00
0.000000000000000000e+00
0.000000000000000000e+00
0.000000000000000000e+00
0.000000000000000000e+00
0.000000000000000000e+00
0.000000000000000000e+00
0.000000000000000000e+00
0.000000000000000000e+00
1.100000000000000089e+00
0.000000000000000000e+00
0.000000000000000000e+00
0.000000000000000000e+00
1.500000000000000000e+00
0.000000000000000000e+00
0.000000000000000000e+00
0.000000000000000000e+00
0.000000000000000000e+00
4.799999999999999822e+00
0.000000000000000000e+00
0.000000000000000000e+00
0.000000000000000000e+00
0.000000000000000000e+00
0.000000000000000000e+00
0.000000000000000000e+00
0.000000000000000000e+00
0.000000000000000000e+00
0.000000000000000000e+00
0.000000000000000000e+00
0.000000000000000000e+00
0.000000000000000000e+00
1.109999999999999964e+01
1.860000000000000142e+01
1.850000000000000000e+01
2.050000000000000000e+01
2.700000000000000000e+01
4.160000000000000142e+01
1.069999999999999929e+01
3.139999999999999858e+01
7.629999999999999716e+01
2.069999999999999929e+01
3.479999999999999716e+01
3.289999999999999858e+01
3.910000000000000142e+01
1.219999999999999929e+01
3.679999999999999716e+01
3.320000000000000284e+01
3.019999999999999929e+01
5.879999999999999716e+01
3.860000000000000142e+01
2.269999999999999929e+01
3.069999999999999929e+01
7.740000000000000568e+01
2.830000000000000071e+01
