4.310000000000000142e+01
4.639999999999999858e+01
2.689999999999999858e+01
3.460000000000000142e+01
2.500000000000000000e+01
3.670000000000000284e+01
3.589999999999999858e+01
1.969999999999999929e+01
2.210000000000000142e+01
1.819999999999999929e+01
3.679999999999999716e+01
2.439999999999999858e+01
4.639999999999999858e+01
2.889999999999999858e+01
4.129999999999999716e+01
5.000000000000000000e+00
6.599999999999999645e+00
6.000000000000000000e+00
6.000000000000000000e+00
3.679999999999999716e+01
2.439999999999999858e+01
4.639999999999999858e+01
2.889999999999999858e+01
4.129999999999999716e+01
2.700000000000000000e+01
3.750000000000000000e+01
6.160000000000000142e+01
3.539999999999999858e+01
7.599999999999999645e+00
5.200000000000000178e+00
0.000000000000000000e+00
0.000000000000000000e+00
0.000000000000000000e+00
0.000000000000000000e+00
0.000000000000000000e+00
0.000000000000000000e+00
0.000000000000000000e+00
0.000000000000000000e+00
0.000000000000000000e+00
0.000000000000000000e+00
2.500000000000000000e+00
0.000000000000000000e+00
0.000000000000000000e+00
0.000000000000000000e+00
5.999999999999999778e-01
0.000000000000000000e+00
0.000000000000000000e+00
0.000000000000000000e+00
0.000000000000000000e+00
0.000000000000000000e+00
0.000000000000000000e+00
1.610000000000000142e+01
1.169999999999999929e+01
1.419999999999999929e+01
3.960000000000000142e+01
4.470000000000000284e+01
3.979999999999999716e+01
3.729999999999999716e+01
3.779999999999999716e+01
2.310000000000000142e+01
2.310000000000000142e+01
2.110000000000000142e+01
3.180000000000000071e+01
2.080000000000000071e+01
1.500000000000000000e+01
1.980000000000000071e+01
2.239999999999999858e+01
1.319999999999999929e+01
1.040000000000000036e+01
1.419999999999999929e+01
5.210000000000000142e+01
2.250000000000000000e+01
2.119999999999999929e+01
