2.710000000000000142e+01
4.739999999999999858e+01
3.650000000000000000e+01
2.480000000000000071e+01
2.269999999999999929e+01
2.969999999999999929e+01
2.819999999999999929e+01
6.110000000000000142e+01
3.810000000000000142e+01
1.080000000000000071e+01
2.360000000000000142e+01
3.810000000000000142e+01
2.360000000000000142e+01
3.089999999999999858e+01
3.660000000000000142e+01
4.089999999999999858e+01
3.889999999999999858e+01
0.000000000000000000e+00
1.330000000000000071e+01
0.000000000000000000e+00
0.000000000000000000e+00
0.000000000000000000e+00
2.969999999999999929e+01
1.109999999999999964e+01
0.000000000000000000e+00
