2.180000000000000071e+01
3.169999999999999929e+01
2.750000000000000000e+01
3.870000000000000284e+01
3.679999999999999716e+01
2.430000000000000071e+01
3.239999999999999858e+01
8.199999999999999289e+00
9.800000000000000711e+00
8.199999999999999289e+00
8.199999999999999289e+00
8.199999999999999289e+00
2.430000000000000071e+01
3.239999999999999858e+01
3.720000000000000284e+01
2.489999999999999858e+01
4.979999999999999716e+01
4.370000000000000284e+01
8.199999999999999289e+00
3.650000000000000000e+01
2.430000000000000071e+01
3.239999999999999858e+01
3.720000000000000284e+01
2.489999999999999858e+01
4.979999999999999716e+01
4.370000000000000284e+01
3.650000000000000000e+01
2.500000000000000000e+01
2.910000000000000142e+01
3.110000000000000142e+01
7.890000000000000568e+01
2.910000000000000142e+01
1.960000000000000142e+01
1.340000000000000036e+01
1.269999999999999929e+01
3.110000000000000142e+01
7.890000000000000568e+01
4.910000000000000142e+01
1.789999999999999858e+01
2.400000000000000000e+01
4.179999999999999716e+01
1.830000000000000071e+01
