2.330000000000000071e+01
3.019999999999999929e+01
4.629999999999999716e+01
4.060000000000000142e+01
1.719999999999999929e+01
4.860000000000000142e+01
1.059999999999999964e+01
2.400000000000000000e+01
3.470000000000000284e+01
1.739999999999999858e+01
2.369999999999999929e+01
2.730000000000000071e+01
1.960000000000000142e+01
2.339999999999999858e+01
5.289999999999999858e+01
3.820000000000000284e+01
4.710000000000000142e+01
6.700000000000000000e+01
5.000000000000000000e+01
3.400000000000000000e+01
2.300000000000000000e+01
3.250000000000000000e+01
1.550000000000000000e+01
1.109999999999999964e+01
4.110000000000000142e+01
3.100000000000000000e+01
3.220000000000000284e+01
2.210000000000000142e+01
1.340000000000000036e+01
3.100000000000000000e+01
1.950000000000000000e+01
3.220000000000000284e+01
2.210000000000000142e+01
3.100000000000000000e+01
3.720000000000000284e+01
4.360000000000000142e+01
2.639999999999999858e+01
2.839999999999999858e+01
3.739999999999999858e+01
3.989999999999999858e+01
2.410000000000000142e+01
4.479999999999999716e+01
4.089999999999999858e+01
3.829999999999999716e+01
4.910000000000000142e+01
3.260000000000000142e+01
2.719999999999999929e+01
2.069999999999999929e+01
3.529999999999999716e+01
3.089999999999999858e+01
4.550000000000000000e+01
5.500000000000000000e+01
2.639999999999999858e+01
3.260000000000000142e+01
2.380000000000000071e+01
3.600000000000000000e+01
3.439999999999999858e+01
2.410000000000000142e+01
3.450000000000000000e+01
4.350000000000000000e+01
0.000000000000000000e+00
0.000000000000000000e+00
0.000000000000000000e+00
5.599999999999999645e+00
0.000000000000000000e+00
1.600000000000000089e+00
3.260000000000000142e+01
0.000000000000000000e+00
0.000000000000000000e+00
3.310000000000000142e+01
0.000000000000000000e+00
8.000000000000000000e+00
4.900000000000000355e+00
0.000000000000000000e+00
0.000000000000000000e+00
0.000000000000000000e+00
6.559999999999999432e+01
0.000000000000000000e+00
2.830000000000000071e+01
0.000000000000000000e+00
1.900000000000000000e+01
0.000000000000000000e+00
2.489999999999999858e+01
1.100000000000000089e+00
0.000000000000000000e+00
0.000000000000000000e+00
0.000000000000000000e+00
1.899999999999999911e+00
0.000000000000000000e+00
0.000000000000000000e+00
0.000000000000000000e+00
0.000000000000000000e+00
0.000000000000000000e+00
3.000000000000000000e+00
