4.639999999999999858e+01
1.040000000000000036e+01
2.130000000000000071e+01
2.560000000000000142e+01
3.860000000000000142e+01
3.520000000000000284e+01
5.489999999999999858e+01
3.479999999999999716e+01
2.880000000000000071e+01
3.360000000000000142e+01
2.069999999999999929e+01
4.129999999999999716e+01
2.289999999999999858e+01
1.030000000000000071e+01
2.300000000000000000e+01
2.919999999999999929e+01
3.660000000000000142e+01
3.479999999999999716e+01
2.860000000000000142e+01
2.269999999999999929e+01
2.689999999999999858e+01
3.710000000000000142e+01
4.850000000000000000e+01
1.639999999999999858e+01
1.730000000000000071e+01
4.379999999999999716e+01
1.090000000000000036e+01
4.360000000000000142e+01
2.000000000000000000e+01
3.000000000000000000e+01
6.070000000000000284e+01
2.589999999999999858e+01
2.119999999999999929e+01
1.559999999999999964e+01
4.250000000000000000e+01
5.100000000000000000e+01
2.510000000000000142e+01
3.700000000000000000e+01
1.980000000000000071e+01
5.370000000000000284e+01
1.969999999999999929e+01
1.669999999999999929e+01
1.650000000000000000e+01
3.410000000000000142e+01
4.389999999999999858e+01
2.180000000000000071e+01
2.269999999999999929e+01
3.670000000000000284e+01
1.830000000000000071e+01
2.850000000000000000e+01
4.129999999999999716e+01
1.050000000000000000e+01
2.400000000000000000e+01
2.689999999999999858e+01
2.630000000000000071e+01
1.660000000000000142e+01
3.289999999999999858e+01
2.260000000000000142e+01
2.789999999999999858e+01
2.600000000000000000e+01
3.510000000000000142e+01
2.150000000000000000e+01
1.540000000000000036e+01
2.060000000000000142e+01
1.350000000000000000e+01
1.730000000000000071e+01
3.610000000000000142e+01
3.600000000000000000e+01
3.010000000000000142e+01
3.210000000000000142e+01
2.619999999999999929e+01
4.820000000000000284e+01
3.370000000000000284e+01
1.780000000000000071e+01
4.250000000000000000e+01
2.180000000000000071e+01
2.830000000000000071e+01
3.710000000000000142e+01
3.100000000000000000e+01
1.590000000000000036e+01
1.860000000000000142e+01
1.150000000000000000e+01
3.160000000000000142e+01
2.910000000000000142e+01
3.039999999999999858e+01
2.839999999999999858e+01
1.090000000000000036e+01
4.470000000000000284e+01
2.780000000000000071e+01
2.960000000000000142e+01
3.039999999999999858e+01
1.610000000000000142e+01
1.230000000000000071e+01
2.330000000000000071e+01
3.629999999999999716e+01
4.270000000000000284e+01
2.289999999999999858e+01
2.110000000000000142e+01
6.299999999999999822e+00
6.500000000000000000e+00
5.700000000000000178e+00
5.000000000000000000e+00
5.400000000000000355e+00
5.700000000000000178e+00
5.400000000000000355e+00
6.000000000000000000e+00
7.500000000000000000e+00
7.500000000000000000e+00
9.099999999999999645e+00
5.700000000000000178e+00
7.200000000000000178e+00
5.799999999999999822e+00
5.200000000000000178e+00
7.099999999999999645e+00
6.599999999999999645e+00
6.900000000000000355e+00
7.599999999999999645e+00
8.699999999999999289e+00
6.500000000000000000e+00
9.699999999999999289e+00
6.500000000000000000e+00
6.900000000000000355e+00
5.400000000000000355e+00
5.700000000000000178e+00
7.599999999999999645e+00
5.599999999999999645e+00
6.400000000000000355e+00
5.599999999999999645e+00
5.099999999999999645e+00
6.900000000000000355e+00
6.599999999999999645e+00
6.900000000000000355e+00
5.000000000000000000e+00
5.599999999999999645e+00
7.000000000000000000e+00
6.599999999999999645e+00
6.000000000000000000e+00
6.500000000000000000e+00
9.500000000000000000e+00
5.599999999999999645e+00
5.400000000000000355e+00
9.000000000000000000e+00
7.400000000000000355e+00
6.900000000000000355e+00
6.700000000000000178e+00
7.500000000000000000e+00
6.000000000000000000e+00
7.700000000000000178e+00
6.000000000000000000e+00
7.299999999999999822e+00
7.099999999999999645e+00
7.000000000000000000e+00
7.099999999999999645e+00
2.830000000000000071e+01
3.710000000000000142e+01
3.100000000000000000e+01
6.099999999999999645e+00
9.300000000000000711e+00
1.590000000000000036e+01
1.860000000000000142e+01
1.150000000000000000e+01
3.160000000000000142e+01
6.099999999999999645e+00
2.910000000000000142e+01
8.099999999999999645e+00
6.599999999999999645e+00
3.039999999999999858e+01
5.400000000000000355e+00
7.700000000000000178e+00
2.839999999999999858e+01
1.090000000000000036e+01
5.900000000000000355e+00
4.470000000000000284e+01
2.780000000000000071e+01
6.500000000000000000e+00
2.960000000000000142e+01
3.039999999999999858e+01
5.299999999999999822e+00
7.099999999999999645e+00
1.610000000000000142e+01
1.230000000000000071e+01
2.330000000000000071e+01
3.629999999999999716e+01
7.299999999999999822e+00
4.270000000000000284e+01
2.289999999999999858e+01
2.110000000000000142e+01
3.529999999999999716e+01
1.819999999999999929e+01
3.810000000000000142e+01
2.310000000000000142e+01
2.780000000000000071e+01
2.210000000000000142e+01
3.329999999999999716e+01
2.880000000000000071e+01
3.479999999999999716e+01
3.010000000000000142e+01
4.050000000000000000e+01
2.939999999999999858e+01
2.669999999999999929e+01
3.189999999999999858e+01
2.750000000000000000e+01
7.599999999999999645e+00
2.900000000000000000e+01
3.500000000000000000e+01
1.919999999999999929e+01
7.000000000000000000e+00
7.000000000000000000e+00
7.599999999999999645e+00
1.689999999999999858e+01
1.380000000000000071e+01
3.279999999999999716e+01
5.599999999999999645e+00
5.200000000000000178e+00
7.520000000000000284e+01
2.850000000000000000e+01
8.000000000000000000e+00
3.160000000000000142e+01
3.150000000000000000e+01
7.599999999999999645e+00
2.000000000000000000e+01
4.079999999999999716e+01
3.720000000000000284e+01
3.310000000000000142e+01
2.969999999999999929e+01
5.500000000000000000e+00
2.430000000000000071e+01
1.050000000000000000e+01
1.440000000000000036e+01
1.950000000000000000e+01
1.440000000000000036e+01
2.960000000000000142e+01
0.000000000000000000e+00
0.000000000000000000e+00
2.399999999999999911e+00
0.000000000000000000e+00
0.000000000000000000e+00
0.000000000000000000e+00
0.000000000000000000e+00
0.000000000000000000e+00
0.000000000000000000e+00
0.000000000000000000e+00
0.000000000000000000e+00
0.000000000000000000e+00
0.000000000000000000e+00
0.000000000000000000e+00
9.000000000000000222e-01
0.000000000000000000e+00
0.000000000000000000e+00
0.000000000000000000e+00
0.000000000000000000e+00
0.000000000000000000e+00
0.000000000000000000e+00
0.000000000000000000e+00
0.000000000000000000e+00
0.000000000000000000e+00
0.000000000000000000e+00
0.000000000000000000e+00
0.000000000000000000e+00
0.000000000000000000e+00
5.999999999999999778e-01
0.000000000000000000e+00
0.000000000000000000e+00
0.000000000000000000e+00
0.000000000000000000e+00
0.000000000000000000e+00
2.100000000000000089e+00
0.000000000000000000e+00
0.000000000000000000e+00
0.000000000000000000e+00
0.000000000000000000e+00
0.000000000000000000e+00
0.000000000000000000e+00
0.000000000000000000e+00
0.000000000000000000e+00
0.000000000000000000e+00
2.299999999999999822e+00
0.000000000000000000e+00
0.000000000000000000e+00
0.000000000000000000e+00
0.000000000000000000e+00
0.000000000000000000e+00
0.000000000000000000e+00
0.000000000000000000e+00
0.000000000000000000e+00
0.000000000000000000e+00
0.000000000000000000e+00
0.000000000000000000e+00
0.000000000000000000e+00
0.000000000000000000e+00
0.000000000000000000e+00
0.000000000000000000e+00
0.000000000000000000e+00
0.000000000000000000e+00
0.000000000000000000e+00
0.000000000000000000e+00
0.000000000000000000e+00
0.000000000000000000e+00
0.000000000000000000e+00
0.000000000000000000e+00
0.000000000000000000e+00
0.000000000000000000e+00
0.000000000000000000e+00
0.000000000000000000e+00
0.000000000000000000e+00
0.000000000000000000e+00
0.000000000000000000e+00
0.000000000000000000e+00
0.000000000000000000e+00
0.000000000000000000e+00
0.000000000000000000e+00
0.000000000000000000e+00
0.000000000000000000e+00
0.000000000000000000e+00
0.000000000000000000e+00
0.000000000000000000e+00
0.000000000000000000e+00
4.900000000000000355e+00
0.000000000000000000e+00
0.000000000000000000e+00
6.999999999999999556e-01
2.299999999999999822e+00
0.000000000000000000e+00
0.000000000000000000e+00
6.999999999999999556e-01
0.000000000000000000e+00
0.000000000000000000e+00
0.000000000000000000e+00
0.000000000000000000e+00
4.299999999999999822e+00
0.000000000000000000e+00
0.000000000000000000e+00
0.000000000000000000e+00
3.000000000000000000e+00
0.000000000000000000e+00
0.000000000000000000e+00
0.000000000000000000e+00
0.000000000000000000e+00
0.000000000000000000e+00
0.000000000000000000e+00
0.000000000000000000e+00
0.000000000000000000e+00
0.000000000000000000e+00
0.000000000000000000e+00
0.000000000000000000e+00
0.000000000000000000e+00
0.000000000000000000e+00
0.000000000000000000e+00
0.000000000000000000e+00
0.000000000000000000e+00
0.000000000000000000e+00
0.000000000000000000e+00
0.000000000000000000e+00
0.000000000000000000e+00
0.000000000000000000e+00
0.000000000000000000e+00
2.700000000000000178e+00
0.000000000000000000e+00
2.000000000000000000e+00
0.000000000000000000e+00
0.000000000000000000e+00
0.000000000000000000e+00
0.000000000000000000e+00
0.000000000000000000e+00
2.700000000000000178e+00
0.000000000000000000e+00
0.000000000000000000e+00
0.000000000000000000e+00
0.000000000000000000e+00
0.000000000000000000e+00
0.000000000000000000e+00
0.000000000000000000e+00
0.000000000000000000e+00
0.000000000000000000e+00
0.000000000000000000e+00
0.000000000000000000e+00
0.000000000000000000e+00
0.000000000000000000e+00
0.000000000000000000e+00
0.000000000000000000e+00
0.000000000000000000e+00
0.000000000000000000e+00
0.000000000000000000e+00
4.700000000000000178e+00
0.000000000000000000e+00
0.000000000000000000e+00
0.000000000000000000e+00
1.399999999999999911e+00
0.000000000000000000e+00
0.000000000000000000e+00
0.000000000000000000e+00
0.000000000000000000e+00
0.000000000000000000e+00
0.000000000000000000e+00
3.399999999999999911e+00
0.000000000000000000e+00
0.000000000000000000e+00
0.000000000000000000e+00
0.000000000000000000e+00
0.000000000000000000e+00
0.000000000000000000e+00
0.000000000000000000e+00
0.000000000000000000e+00
0.000000000000000000e+00
0.000000000000000000e+00
0.000000000000000000e+00
0.000000000000000000e+00
0.000000000000000000e+00
0.000000000000000000e+00
0.000000000000000000e+00
0.000000000000000000e+00
0.000000000000000000e+00
0.000000000000000000e+00
4.200000000000000178e+00
0.000000000000000000e+00
0.000000000000000000e+00
0.000000000000000000e+00
0.000000000000000000e+00
0.000000000000000000e+00
0.000000000000000000e+00
1.050000000000000000e+01
1.440000000000000036e+01
1.950000000000000000e+01
1.440000000000000036e+01
1.440000000000000036e+01
1.910000000000000142e+01
1.400000000000000000e+01
1.080000000000000071e+01
1.980000000000000071e+01
1.469999999999999929e+01
1.209999999999999964e+01
1.519999999999999929e+01
1.980000000000000071e+01
1.350000000000000000e+01
1.939999999999999858e+01
1.200000000000000000e+01
1.000000000000000000e+01
1.780000000000000071e+01
1.169999999999999929e+01
1.950000000000000000e+01
1.900000000000000000e+01
1.769999999999999929e+01
1.719999999999999929e+01
1.019999999999999929e+01
1.839999999999999858e+01
1.480000000000000071e+01
1.810000000000000142e+01
1.119999999999999929e+01
1.860000000000000142e+01
1.989999999999999858e+01
1.730000000000000071e+01
3.720000000000000284e+01
3.400000000000000000e+01
3.150000000000000000e+01
2.410000000000000142e+01
2.289999999999999858e+01
5.270000000000000284e+01
2.730000000000000071e+01
2.319999999999999929e+01
2.530000000000000071e+01
3.000000000000000000e+01
5.339999999999999858e+01
3.510000000000000142e+01
2.530000000000000071e+01
4.220000000000000284e+01
3.150000000000000000e+01
2.130000000000000071e+01
2.300000000000000000e+01
3.670000000000000284e+01
1.459999999999999964e+01
2.989999999999999858e+01
2.280000000000000071e+01
1.480000000000000071e+01
4.729999999999999716e+01
3.089999999999999858e+01
2.130000000000000071e+01
3.800000000000000000e+01
2.430000000000000071e+01
4.070000000000000284e+01
3.600000000000000000e+01
2.689999999999999858e+01
2.339999999999999858e+01
3.879999999999999716e+01
3.660000000000000142e+01
3.320000000000000284e+01
1.480000000000000071e+01
1.750000000000000000e+01
2.310000000000000142e+01
1.810000000000000142e+01
3.600000000000000000e+01
1.810000000000000142e+01
2.760000000000000142e+01
2.769999999999999929e+01
3.470000000000000284e+01
3.710000000000000142e+01
1.860000000000000142e+01
2.669999999999999929e+01
2.410000000000000142e+01
1.800000000000000000e+01
4.339999999999999858e+01
2.769999999999999929e+01
3.610000000000000142e+01
2.860000000000000142e+01
1.500000000000000000e+01
3.600000000000000000e+01
3.100000000000000000e+01
4.279999999999999716e+01
5.860000000000000142e+01
3.960000000000000142e+01
1.819999999999999929e+01
3.679999999999999716e+01
3.570000000000000284e+01
1.910000000000000142e+01
1.930000000000000071e+01
2.500000000000000000e+01
2.830000000000000071e+01
2.650000000000000000e+01
2.280000000000000071e+01
3.439999999999999858e+01
3.620000000000000284e+01
2.600000000000000000e+01
2.419999999999999929e+01
4.650000000000000000e+01
3.450000000000000000e+01
2.889999999999999858e+01
3.820000000000000284e+01
2.939999999999999858e+01
3.379999999999999716e+01
2.580000000000000071e+01
4.539999999999999858e+01
5.170000000000000284e+01
3.510000000000000142e+01
3.879999999999999716e+01
2.230000000000000071e+01
3.870000000000000284e+01
2.380000000000000071e+01
5.879999999999999716e+01
4.700000000000000000e+01
1.710000000000000142e+01
3.629999999999999716e+01
1.319999999999999929e+01
3.650000000000000000e+01
2.680000000000000071e+01
2.410000000000000142e+01
2.830000000000000071e+01
4.089999999999999858e+01
2.480000000000000071e+01
2.989999999999999858e+01
4.839999999999999858e+01
1.309999999999999964e+01
3.470000000000000284e+01
3.910000000000000142e+01
3.270000000000000284e+01
2.000000000000000000e+01
1.619999999999999929e+01
1.850000000000000000e+01
3.300000000000000000e+01
3.700000000000000000e+01
3.150000000000000000e+01
3.529999999999999716e+01
1.140000000000000036e+01
2.980000000000000071e+01
2.900000000000000000e+01
3.379999999999999716e+01
3.210000000000000142e+01
2.530000000000000071e+01
