2.750000000000000000e+01
3.039999999999999858e+01
1.309999999999999964e+01
2.480000000000000071e+01
4.439999999999999858e+01
1.109999999999999964e+01
2.489999999999999858e+01
2.489999999999999858e+01
2.730000000000000071e+01
2.489999999999999858e+01
2.730000000000000071e+01
2.410000000000000142e+01
2.850000000000000000e+01
4.029999999999999716e+01
3.030000000000000071e+01
2.780000000000000071e+01
3.160000000000000142e+01
4.020000000000000284e+01
4.279999999999999716e+01
2.569999999999999929e+01
4.220000000000000284e+01
4.060000000000000142e+01
2.350000000000000000e+01
4.170000000000000284e+01
4.550000000000000000e+01
2.489999999999999858e+01
2.730000000000000071e+01
2.410000000000000142e+01
2.850000000000000000e+01
4.029999999999999716e+01
3.030000000000000071e+01
2.780000000000000071e+01
3.160000000000000142e+01
4.020000000000000284e+01
4.279999999999999716e+01
2.569999999999999929e+01
4.220000000000000284e+01
4.060000000000000142e+01
2.350000000000000000e+01
4.170000000000000284e+01
4.550000000000000000e+01
2.369999999999999929e+01
