1.009999999999999964e+01
3.050000000000000000e+01
2.039999999999999858e+01
3.689999999999999858e+01
2.619999999999999929e+01
1.769999999999999929e+01
2.919999999999999929e+01
7.599999999999999645e+00
7.200000000000000178e+00
6.099999999999999645e+00
5.599999999999999645e+00
5.400000000000000355e+00
1.630000000000000071e+01
5.189999999999999858e+01
4.520000000000000284e+01
4.010000000000000142e+01
5.860000000000000142e+01
3.239999999999999858e+01
3.470000000000000284e+01
3.860000000000000142e+01
2.360000000000000142e+01
1.630000000000000071e+01
3.470000000000000284e+01
3.860000000000000142e+01
1.850000000000000000e+01
2.360000000000000142e+01
3.839999999999999858e+01
