4.400000000000000000e+01
4.550000000000000000e+01
1.700000000000000000e+01
3.389999999999999858e+01
3.279999999999999716e+01
3.960000000000000142e+01
1.569999999999999929e+01
3.110000000000000142e+01
2.719999999999999929e+01
3.500000000000000000e+01
1.409999999999999964e+01
3.770000000000000284e+01
3.829999999999999716e+01
3.350000000000000000e+01
2.969999999999999929e+01
3.770000000000000284e+01
3.829999999999999716e+01
3.350000000000000000e+01
2.969999999999999929e+01
4.110000000000000142e+01
3.679999999999999716e+01
4.700000000000000000e+01
3.060000000000000142e+01
4.150000000000000000e+01
3.489999999999999858e+01
2.350000000000000000e+01
2.380000000000000071e+01
2.000000000000000000e+01
4.229999999999999716e+01
3.139999999999999858e+01
3.470000000000000284e+01
5.239999999999999858e+01
3.389999999999999858e+01
2.019999999999999929e+01
3.210000000000000142e+01
5.310000000000000142e+01
3.019999999999999929e+01
3.760000000000000142e+01
2.980000000000000071e+01
3.720000000000000284e+01
2.250000000000000000e+01
3.989999999999999858e+01
2.560000000000000142e+01
2.289999999999999858e+01
5.250000000000000000e+01
2.489999999999999858e+01
3.089999999999999858e+01
3.500000000000000000e+01
3.900000000000000000e+01
3.500000000000000000e+01
0.000000000000000000e+00
3.600000000000000089e+00
0.000000000000000000e+00
0.000000000000000000e+00
2.639999999999999858e+01
0.000000000000000000e+00
0.000000000000000000e+00
0.000000000000000000e+00
7.190000000000000568e+01
0.000000000000000000e+00
0.000000000000000000e+00
0.000000000000000000e+00
1.500000000000000000e+00
3.360000000000000142e+01
0.000000000000000000e+00
0.000000000000000000e+00
0.000000000000000000e+00
0.000000000000000000e+00
0.000000000000000000e+00
0.000000000000000000e+00
0.000000000000000000e+00
0.000000000000000000e+00
0.000000000000000000e+00
0.000000000000000000e+00
0.000000000000000000e+00
3.400000000000000000e+01
0.000000000000000000e+00
1.680000000000000071e+01
6.500000000000000000e+00
0.000000000000000000e+00
0.000000000000000000e+00
7.000000000000000000e+00
0.000000000000000000e+00
2.450000000000000000e+01
0.000000000000000000e+00
4.239999999999999858e+01
2.819999999999999929e+01
0.000000000000000000e+00
0.000000000000000000e+00
2.899999999999999911e+00
0.000000000000000000e+00
0.000000000000000000e+00
0.000000000000000000e+00
0.000000000000000000e+00
0.000000000000000000e+00
0.000000000000000000e+00
