6.270000000000000284e+01
1.900000000000000000e+01
2.380000000000000071e+01
1.209999999999999964e+01
1.869999999999999929e+01
1.830000000000000071e+01
2.119999999999999929e+01
3.879999999999999716e+01
3.910000000000000142e+01
3.770000000000000284e+01
4.739999999999999858e+01
3.279999999999999716e+01
2.589999999999999858e+01
2.680000000000000071e+01
2.160000000000000142e+01
2.119999999999999929e+01
3.879999999999999716e+01
3.910000000000000142e+01
3.770000000000000284e+01
4.739999999999999858e+01
3.279999999999999716e+01
2.589999999999999858e+01
2.680000000000000071e+01
2.160000000000000142e+01
