1.700000000000000000e+01
3.550000000000000000e+01
2.939999999999999858e+01
1.230000000000000071e+01
8.000000000000000000e+00
5.900000000000000355e+00
5.900000000000000355e+00
9.500000000000000000e+00
2.939999999999999858e+01
9.900000000000000355e+00
1.230000000000000071e+01
2.839999999999999858e+01
1.069999999999999929e+01
1.669999999999999929e+01
6.500000000000000000e+00
1.280000000000000071e+01
2.800000000000000000e+01
5.099999999999999645e+00
5.900000000000000355e+00
2.330000000000000071e+01
5.900000000000000355e+00
7.000000000000000000e+00
2.160000000000000142e+01
3.329999999999999716e+01
2.330000000000000071e+01
2.939999999999999858e+01
2.839999999999999858e+01
2.800000000000000000e+01
2.330000000000000071e+01
2.160000000000000142e+01
3.329999999999999716e+01
2.330000000000000071e+01
2.939999999999999858e+01
3.600000000000000000e+01
