3.460000000000000142e+01
2.739999999999999858e+01
1.919999999999999929e+01
1.800000000000000000e+01
3.939999999999999858e+01
2.189999999999999858e+01
3.289999999999999858e+01
4.539999999999999858e+01
1.480000000000000071e+01
5.799999999999999822e+00
5.799999999999999822e+00
5.799999999999999822e+00
5.900000000000000355e+00
8.000000000000000000e+00
5.900000000000000355e+00
5.900000000000000355e+00
6.900000000000000355e+00
3.939999999999999858e+01
2.189999999999999858e+01
4.539999999999999858e+01
1.480000000000000071e+01
3.200000000000000000e+01
2.810000000000000142e+01
5.900000000000000355e+00
3.320000000000000284e+01
4.120000000000000284e+01
3.189999999999999858e+01
3.429999999999999716e+01
3.939999999999999858e+01
2.189999999999999858e+01
4.539999999999999858e+01
3.200000000000000000e+01
2.810000000000000142e+01
3.320000000000000284e+01
4.120000000000000284e+01
3.189999999999999858e+01
3.429999999999999716e+01
4.489999999999999858e+01
2.330000000000000071e+01
5.239999999999999858e+01
