3.820000000000000284e+01
2.489999999999999858e+01
3.039999999999999858e+01
1.050000000000000000e+01
3.080000000000000071e+01
3.080000000000000071e+01
2.730000000000000071e+01
3.370000000000000284e+01
2.410000000000000142e+01
2.039999999999999858e+01
2.639999999999999858e+01
3.300000000000000000e+01
2.750000000000000000e+01
3.739999999999999858e+01
8.120000000000000284e+01
2.460000000000000142e+01
3.080000000000000071e+01
2.730000000000000071e+01
3.370000000000000284e+01
2.410000000000000142e+01
2.039999999999999858e+01
2.639999999999999858e+01
3.300000000000000000e+01
2.750000000000000000e+01
3.739999999999999858e+01
8.120000000000000284e+01
2.460000000000000142e+01
