4.510000000000000142e+01
3.080000000000000071e+01
2.860000000000000142e+01
2.989999999999999858e+01
2.019999999999999929e+01
1.319999999999999929e+01
3.200000000000000000e+01
2.860000000000000142e+01
4.210000000000000142e+01
3.920000000000000284e+01
3.589999999999999858e+01
3.510000000000000142e+01
4.370000000000000284e+01
3.089999999999999858e+01
4.110000000000000142e+01
0.000000000000000000e+00
0.000000000000000000e+00
0.000000000000000000e+00
0.000000000000000000e+00
0.000000000000000000e+00
0.000000000000000000e+00
3.420000000000000284e+01
0.000000000000000000e+00
2.239999999999999858e+01
