3.600000000000000000e+01
4.210000000000000142e+01
2.610000000000000142e+01
2.119999999999999929e+01
4.110000000000000142e+01
2.639999999999999858e+01
4.320000000000000284e+01
2.689999999999999858e+01
2.619999999999999929e+01
2.939999999999999858e+01
2.730000000000000071e+01
4.670000000000000284e+01
2.050000000000000000e+01
3.329999999999999716e+01
2.010000000000000142e+01
3.050000000000000000e+01
3.429999999999999716e+01
2.180000000000000071e+01
2.639999999999999858e+01
4.320000000000000284e+01
2.689999999999999858e+01
2.619999999999999929e+01
2.939999999999999858e+01
2.730000000000000071e+01
4.670000000000000284e+01
2.050000000000000000e+01
3.329999999999999716e+01
2.010000000000000142e+01
3.050000000000000000e+01
3.429999999999999716e+01
2.180000000000000071e+01
