4.239999999999999858e+01
3.929999999999999716e+01
3.150000000000000000e+01
1.550000000000000000e+01
2.869999999999999929e+01
4.100000000000000000e+01
2.360000000000000142e+01
3.910000000000000142e+01
6.299999999999999822e+00
2.360000000000000142e+01
3.910000000000000142e+01
3.520000000000000284e+01
3.439999999999999858e+01
3.710000000000000142e+01
3.889999999999999858e+01
4.939999999999999858e+01
4.579999999999999716e+01
1.340000000000000036e+01
1.860000000000000142e+01
3.889999999999999858e+01
4.939999999999999858e+01
4.579999999999999716e+01
6.100000000000000000e+01
3.579999999999999716e+01
1.009999999999999964e+01
