2.630000000000000071e+01
3.239999999999999858e+01
2.560000000000000142e+01
5.429999999999999716e+01
2.050000000000000000e+01
3.570000000000000284e+01
3.030000000000000071e+01
1.109999999999999964e+01
2.400000000000000000e+01
3.920000000000000284e+01
4.970000000000000284e+01
2.900000000000000000e+01
2.889999999999999858e+01
3.970000000000000284e+01
2.400000000000000000e+01
3.920000000000000284e+01
4.970000000000000284e+01
2.900000000000000000e+01
2.889999999999999858e+01
3.970000000000000284e+01
5.970000000000000284e+01
2.769999999999999929e+01
2.900000000000000000e+01
2.319999999999999929e+01
3.539999999999999858e+01
2.050000000000000000e+01
2.400000000000000000e+01
2.130000000000000071e+01
2.660000000000000142e+01
3.400000000000000000e+01
2.989999999999999858e+01
3.460000000000000142e+01
2.180000000000000071e+01
4.389999999999999858e+01
4.179999999999999716e+01
3.069999999999999929e+01
4.010000000000000142e+01
2.600000000000000000e+01
4.329999999999999716e+01
4.089999999999999858e+01
3.529999999999999716e+01
3.500000000000000000e+01
3.080000000000000071e+01
4.079999999999999716e+01
2.780000000000000071e+01
2.960000000000000142e+01
3.180000000000000071e+01
2.830000000000000071e+01
3.770000000000000284e+01
3.560000000000000142e+01
2.610000000000000142e+01
3.670000000000000284e+01
3.710000000000000142e+01
3.260000000000000142e+01
3.069999999999999929e+01
3.030000000000000071e+01
4.700000000000000000e+01
3.920000000000000284e+01
2.019999999999999929e+01
5.379999999999999716e+01
2.400000000000000000e+01
3.920000000000000284e+01
4.970000000000000284e+01
2.900000000000000000e+01
2.889999999999999858e+01
3.970000000000000284e+01
5.970000000000000284e+01
2.769999999999999929e+01
2.900000000000000000e+01
2.319999999999999929e+01
3.539999999999999858e+01
2.050000000000000000e+01
2.400000000000000000e+01
2.130000000000000071e+01
2.660000000000000142e+01
3.400000000000000000e+01
2.989999999999999858e+01
3.460000000000000142e+01
2.180000000000000071e+01
4.389999999999999858e+01
4.179999999999999716e+01
3.069999999999999929e+01
4.010000000000000142e+01
2.600000000000000000e+01
4.329999999999999716e+01
3.529999999999999716e+01
3.500000000000000000e+01
3.080000000000000071e+01
4.079999999999999716e+01
2.780000000000000071e+01
2.960000000000000142e+01
3.180000000000000071e+01
2.830000000000000071e+01
3.770000000000000284e+01
3.560000000000000142e+01
2.610000000000000142e+01
3.670000000000000284e+01
3.710000000000000142e+01
3.260000000000000142e+01
3.069999999999999929e+01
3.030000000000000071e+01
4.700000000000000000e+01
3.920000000000000284e+01
2.019999999999999929e+01
5.379999999999999716e+01
