2.380000000000000071e+01
4.710000000000000142e+01
1.939999999999999858e+01
1.450000000000000000e+01
1.509999999999999964e+01
3.610000000000000142e+01
1.440000000000000036e+01
1.669999999999999929e+01
2.760000000000000142e+01
2.760000000000000142e+01
4.110000000000000142e+01
3.739999999999999858e+01
2.550000000000000000e+01
2.980000000000000071e+01
3.839999999999999858e+01
2.230000000000000071e+01
3.739999999999999858e+01
4.260000000000000142e+01
3.720000000000000284e+01
5.289999999999999858e+01
3.789999999999999858e+01
2.769999999999999929e+01
3.239999999999999858e+01
4.610000000000000142e+01
8.420000000000000284e+01
2.760000000000000142e+01
4.110000000000000142e+01
3.739999999999999858e+01
2.550000000000000000e+01
2.980000000000000071e+01
3.839999999999999858e+01
2.230000000000000071e+01
3.739999999999999858e+01
4.260000000000000142e+01
3.720000000000000284e+01
5.289999999999999858e+01
3.789999999999999858e+01
2.769999999999999929e+01
3.239999999999999858e+01
4.610000000000000142e+01
8.420000000000000284e+01
