4.510000000000000142e+01
2.360000000000000142e+01
2.280000000000000071e+01
5.000000000000000000e+00
2.480000000000000071e+01
1.850000000000000000e+01
9.599999999999999645e+00
0.000000000000000000e+00
0.000000000000000000e+00
0.000000000000000000e+00
0.000000000000000000e+00
0.000000000000000000e+00
0.000000000000000000e+00
1.450000000000000000e+01
2.869999999999999929e+01
3.529999999999999716e+01
1.050000000000000000e+01
2.819999999999999929e+01
4.379999999999999716e+01
1.200000000000000000e+01
4.960000000000000142e+01
2.839999999999999858e+01
