4.389999999999999858e+01
1.980000000000000071e+01
3.310000000000000142e+01
2.100000000000000000e+01
1.080000000000000071e+01
3.660000000000000142e+01
3.589999999999999858e+01
1.150000000000000000e+01
4.489999999999999858e+01
2.630000000000000071e+01
4.489999999999999858e+01
2.630000000000000071e+01
2.900000000000000000e+01
3.650000000000000000e+01
2.030000000000000071e+01
2.380000000000000071e+01
3.579999999999999716e+01
3.600000000000000000e+01
2.380000000000000071e+01
2.580000000000000071e+01
3.860000000000000142e+01
4.120000000000000284e+01
2.210000000000000142e+01
2.250000000000000000e+01
4.510000000000000142e+01
3.989999999999999858e+01
4.929999999999999716e+01
3.960000000000000142e+01
3.010000000000000142e+01
3.820000000000000284e+01
4.150000000000000000e+01
2.269999999999999929e+01
2.089999999999999858e+01
2.650000000000000000e+01
3.279999999999999716e+01
4.100000000000000000e+01
4.189999999999999858e+01
3.030000000000000071e+01
3.110000000000000142e+01
6.709999999999999432e+01
5.970000000000000284e+01
3.080000000000000071e+01
4.489999999999999858e+01
2.630000000000000071e+01
2.900000000000000000e+01
3.650000000000000000e+01
2.030000000000000071e+01
2.380000000000000071e+01
3.579999999999999716e+01
3.600000000000000000e+01
2.380000000000000071e+01
2.580000000000000071e+01
3.860000000000000142e+01
4.120000000000000284e+01
2.210000000000000142e+01
2.250000000000000000e+01
4.510000000000000142e+01
3.989999999999999858e+01
4.929999999999999716e+01
3.960000000000000142e+01
3.010000000000000142e+01
3.820000000000000284e+01
4.150000000000000000e+01
2.269999999999999929e+01
2.089999999999999858e+01
2.650000000000000000e+01
3.279999999999999716e+01
4.100000000000000000e+01
4.189999999999999858e+01
3.030000000000000071e+01
3.110000000000000142e+01
6.709999999999999432e+01
5.970000000000000284e+01
3.080000000000000071e+01
