2.830000000000000071e+01
5.060000000000000142e+01
1.810000000000000142e+01
4.229999999999999716e+01
2.080000000000000071e+01
2.219999999999999929e+01
2.889999999999999858e+01
4.450000000000000000e+01
7.400000000000000355e+00
5.900000000000000355e+00
4.450000000000000000e+01
2.510000000000000142e+01
2.069999999999999929e+01
3.979999999999999716e+01
5.900000000000000355e+00
5.900000000000000355e+00
2.410000000000000142e+01
3.779999999999999716e+01
5.900000000000000355e+00
4.450000000000000000e+01
2.510000000000000142e+01
2.069999999999999929e+01
3.979999999999999716e+01
2.410000000000000142e+01
3.779999999999999716e+01
3.279999999999999716e+01
2.569999999999999929e+01
2.839999999999999858e+01
5.120000000000000284e+01
3.600000000000000000e+01
3.950000000000000000e+01
