3.010000000000000142e+01
1.800000000000000000e+01
2.469999999999999929e+01
1.700000000000000000e+01
3.820000000000000284e+01
3.470000000000000284e+01
2.900000000000000000e+01
2.010000000000000142e+01
3.579999999999999716e+01
2.880000000000000071e+01
2.610000000000000142e+01
2.769999999999999929e+01
1.630000000000000071e+01
1.000000000000000000e+01
2.689999999999999858e+01
1.050000000000000000e+01
2.780000000000000071e+01
3.700000000000000000e+01
5.820000000000000284e+01
2.730000000000000071e+01
1.989999999999999858e+01
1.050000000000000000e+01
3.660000000000000142e+01
2.869999999999999929e+01
7.879999999999999716e+01
2.230000000000000071e+01
6.129999999999999716e+01
1.939999999999999858e+01
3.310000000000000142e+01
1.119999999999999929e+01
3.050000000000000000e+01
2.419999999999999929e+01
2.600000000000000000e+01
2.510000000000000142e+01
2.280000000000000071e+01
1.280000000000000071e+01
2.930000000000000071e+01
2.910000000000000142e+01
2.980000000000000071e+01
2.160000000000000142e+01
2.439999999999999858e+01
2.100000000000000000e+01
1.869999999999999929e+01
2.319999999999999929e+01
2.089999999999999858e+01
2.260000000000000142e+01
1.369999999999999929e+01
4.129999999999999716e+01
4.739999999999999858e+01
2.280000000000000071e+01
4.429999999999999716e+01
1.960000000000000142e+01
3.119999999999999929e+01
1.580000000000000071e+01
4.179999999999999716e+01
6.400000000000000355e+00
1.580000000000000071e+01
4.179999999999999716e+01
3.310000000000000142e+01
0.000000000000000000e+00
0.000000000000000000e+00
0.000000000000000000e+00
2.899999999999999911e+00
0.000000000000000000e+00
0.000000000000000000e+00
0.000000000000000000e+00
1.490000000000000036e+01
2.410000000000000142e+01
3.239999999999999858e+01
2.450000000000000000e+01
1.630000000000000071e+01
3.620000000000000284e+01
