8.820000000000000284e+01
1.880000000000000071e+01
3.770000000000000284e+01
6.700000000000000178e+00
3.289999999999999858e+01
4.160000000000000142e+01
2.960000000000000142e+01
6.400000000000000355e+00
5.029999999999999716e+01
5.029999999999999716e+01
2.960000000000000142e+01
3.479999999999999716e+01
3.189999999999999858e+01
4.179999999999999716e+01
2.250000000000000000e+01
2.780000000000000071e+01
1.440000000000000036e+01
2.250000000000000000e+01
2.780000000000000071e+01
1.140000000000000036e+01
2.200000000000000000e+01
