4.400000000000000000e+01
1.700000000000000000e+01
5.020000000000000284e+01
2.300000000000000000e+01
2.689999999999999858e+01
3.579999999999999716e+01
3.189999999999999858e+01
3.789999999999999858e+01
2.650000000000000000e+01
3.239999999999999858e+01
4.560000000000000142e+01
2.800000000000000000e+01
3.860000000000000142e+01
3.860000000000000142e+01
3.119999999999999929e+01
7.090000000000000568e+01
2.300000000000000000e+01
2.689999999999999858e+01
3.579999999999999716e+01
3.189999999999999858e+01
3.789999999999999858e+01
2.650000000000000000e+01
3.239999999999999858e+01
4.560000000000000142e+01
2.800000000000000000e+01
3.860000000000000142e+01
3.860000000000000142e+01
3.119999999999999929e+01
7.090000000000000568e+01
3.039999999999999858e+01
