2.819999999999999929e+01
1.919999999999999929e+01
2.230000000000000071e+01
4.670000000000000284e+01
3.529999999999999716e+01
8.620000000000000284e+01
3.370000000000000284e+01
3.529999999999999716e+01
8.620000000000000284e+01
3.370000000000000284e+01
4.039999999999999858e+01
2.730000000000000071e+01
2.219999999999999929e+01
3.489999999999999858e+01
5.729999999999999716e+01
3.439999999999999858e+01
3.920000000000000284e+01
0.000000000000000000e+00
0.000000000000000000e+00
1.869999999999999929e+01
0.000000000000000000e+00
0.000000000000000000e+00
