4.350000000000000000e+01
2.589999999999999858e+01
3.710000000000000142e+01
2.460000000000000142e+01
1.380000000000000071e+01
4.220000000000000284e+01
3.789999999999999858e+01
1.930000000000000071e+01
3.089999999999999858e+01
2.630000000000000071e+01
5.860000000000000142e+01
2.050000000000000000e+01
3.160000000000000142e+01
1.889999999999999858e+01
1.380000000000000071e+01
3.060000000000000142e+01
2.810000000000000142e+01
2.289999999999999858e+01
4.039999999999999858e+01
1.630000000000000071e+01
2.830000000000000071e+01
2.900000000000000000e+01
1.169999999999999929e+01
1.950000000000000000e+01
3.239999999999999858e+01
5.360000000000000142e+01
3.420000000000000284e+01
8.300000000000000711e+00
6.799999999999999822e+00
9.900000000000000355e+00
7.299999999999999822e+00
5.599999999999999645e+00
6.000000000000000000e+00
8.500000000000000000e+00
7.400000000000000355e+00
9.300000000000000711e+00
6.400000000000000355e+00
7.599999999999999645e+00
6.200000000000000178e+00
9.300000000000000711e+00
2.900000000000000000e+01
1.169999999999999929e+01
7.400000000000000355e+00
8.699999999999999289e+00
1.950000000000000000e+01
6.700000000000000178e+00
3.239999999999999858e+01
6.599999999999999645e+00
5.360000000000000142e+01
8.500000000000000000e+00
3.420000000000000284e+01
3.939999999999999858e+01
2.919999999999999929e+01
7.099999999999999645e+00
1.109999999999999964e+01
6.799999999999999822e+00
3.130000000000000071e+01
2.730000000000000071e+01
6.799999999999999822e+00
4.020000000000000284e+01
7.400000000000000355e+00
8.199999999999999289e+00
0.000000000000000000e+00
0.000000000000000000e+00
0.000000000000000000e+00
0.000000000000000000e+00
0.000000000000000000e+00
1.800000000000000044e+00
0.000000000000000000e+00
0.000000000000000000e+00
0.000000000000000000e+00
0.000000000000000000e+00
0.000000000000000000e+00
0.000000000000000000e+00
4.599999999999999645e+00
0.000000000000000000e+00
0.000000000000000000e+00
0.000000000000000000e+00
0.000000000000000000e+00
0.000000000000000000e+00
0.000000000000000000e+00
0.000000000000000000e+00
0.000000000000000000e+00
0.000000000000000000e+00
0.000000000000000000e+00
0.000000000000000000e+00
0.000000000000000000e+00
0.000000000000000000e+00
0.000000000000000000e+00
0.000000000000000000e+00
0.000000000000000000e+00
0.000000000000000000e+00
0.000000000000000000e+00
0.000000000000000000e+00
0.000000000000000000e+00
0.000000000000000000e+00
0.000000000000000000e+00
0.000000000000000000e+00
0.000000000000000000e+00
0.000000000000000000e+00
0.000000000000000000e+00
0.000000000000000000e+00
0.000000000000000000e+00
0.000000000000000000e+00
0.000000000000000000e+00
0.000000000000000000e+00
0.000000000000000000e+00
3.299999999999999822e+00
0.000000000000000000e+00
0.000000000000000000e+00
0.000000000000000000e+00
0.000000000000000000e+00
0.000000000000000000e+00
0.000000000000000000e+00
0.000000000000000000e+00
4.500000000000000000e+00
0.000000000000000000e+00
0.000000000000000000e+00
0.000000000000000000e+00
1.000000000000000000e+00
0.000000000000000000e+00
0.000000000000000000e+00
0.000000000000000000e+00
5.999999999999999778e-01
0.000000000000000000e+00
1.000000000000000056e-01
0.000000000000000000e+00
0.000000000000000000e+00
0.000000000000000000e+00
0.000000000000000000e+00
0.000000000000000000e+00
0.000000000000000000e+00
0.000000000000000000e+00
0.000000000000000000e+00
0.000000000000000000e+00
0.000000000000000000e+00
0.000000000000000000e+00
0.000000000000000000e+00
0.000000000000000000e+00
4.000000000000000222e-01
0.000000000000000000e+00
0.000000000000000000e+00
0.000000000000000000e+00
0.000000000000000000e+00
0.000000000000000000e+00
0.000000000000000000e+00
0.000000000000000000e+00
0.000000000000000000e+00
0.000000000000000000e+00
5.999999999999999778e-01
0.000000000000000000e+00
0.000000000000000000e+00
0.000000000000000000e+00
0.000000000000000000e+00
0.000000000000000000e+00
0.000000000000000000e+00
5.999999999999999778e-01
0.000000000000000000e+00
1.180000000000000071e+01
1.100000000000000000e+01
1.130000000000000071e+01
1.180000000000000071e+01
3.039999999999999858e+01
2.169999999999999929e+01
3.979999999999999716e+01
3.679999999999999716e+01
1.259999999999999964e+01
5.460000000000000142e+01
1.519999999999999929e+01
2.950000000000000000e+01
4.160000000000000142e+01
1.930000000000000071e+01
3.050000000000000000e+01
2.800000000000000000e+01
3.150000000000000000e+01
2.969999999999999929e+01
2.219999999999999929e+01
2.810000000000000142e+01
3.700000000000000000e+01
2.310000000000000142e+01
2.780000000000000071e+01
2.980000000000000071e+01
1.650000000000000000e+01
4.050000000000000000e+01
3.019999999999999929e+01
3.010000000000000142e+01
2.160000000000000142e+01
1.459999999999999964e+01
2.419999999999999929e+01
1.939999999999999858e+01
