2.810000000000000142e+01
2.160000000000000142e+01
2.830000000000000071e+01
3.210000000000000142e+01
3.080000000000000071e+01
3.220000000000000284e+01
3.089999999999999858e+01
3.080000000000000071e+01
5.900000000000000355e+00
5.900000000000000355e+00
3.089999999999999858e+01
3.080000000000000071e+01
3.260000000000000142e+01
2.600000000000000000e+01
3.629999999999999716e+01
2.510000000000000142e+01
2.460000000000000142e+01
9.500000000000000000e+00
1.939999999999999858e+01
3.089999999999999858e+01
3.080000000000000071e+01
3.260000000000000142e+01
2.600000000000000000e+01
3.629999999999999716e+01
2.510000000000000142e+01
2.460000000000000142e+01
9.640000000000000568e+01
3.239999999999999858e+01
2.889999999999999858e+01
2.830000000000000071e+01
3.510000000000000142e+01
2.089999999999999858e+01
2.889999999999999858e+01
