3.779999999999999716e+01
2.919999999999999929e+01
2.480000000000000071e+01
5.360000000000000142e+01
3.539999999999999858e+01
2.660000000000000142e+01
3.529999999999999716e+01
3.370000000000000284e+01
5.660000000000000142e+01
1.789999999999999858e+01
4.010000000000000142e+01
2.789999999999999858e+01
4.679999999999999716e+01
1.030000000000000071e+01
5.110000000000000142e+01
4.479999999999999716e+01
4.100000000000000000e+01
3.279999999999999716e+01
2.250000000000000000e+01
2.710000000000000142e+01
3.989999999999999858e+01
2.110000000000000142e+01
4.529999999999999716e+01
4.570000000000000284e+01
4.279999999999999716e+01
2.650000000000000000e+01
1.980000000000000071e+01
1.509999999999999964e+01
3.139999999999999858e+01
6.400000000000000355e+00
7.099999999999999645e+00
5.700000000000000178e+00
7.299999999999999822e+00
8.500000000000000000e+00
6.700000000000000178e+00
1.980000000000000071e+01
1.509999999999999964e+01
3.139999999999999858e+01
3.660000000000000142e+01
2.289999999999999858e+01
0.000000000000000000e+00
0.000000000000000000e+00
0.000000000000000000e+00
0.000000000000000000e+00
0.000000000000000000e+00
0.000000000000000000e+00
0.000000000000000000e+00
1.889999999999999858e+01
1.710000000000000142e+01
1.850000000000000000e+01
3.400000000000000000e+01
1.789999999999999858e+01
1.159999999999999964e+01
3.339999999999999858e+01
1.919999999999999929e+01
4.379999999999999716e+01
