2.510000000000000142e+01
2.239999999999999858e+01
3.750000000000000000e+01
2.930000000000000071e+01
3.089999999999999858e+01
6.160000000000000142e+01
2.280000000000000071e+01
1.860000000000000142e+01
1.719999999999999929e+01
2.239999999999999858e+01
3.360000000000000142e+01
4.550000000000000000e+01
1.900000000000000000e+01
5.879999999999999716e+01
5.489999999999999858e+01
2.510000000000000142e+01
1.780000000000000071e+01
1.980000000000000071e+01
6.389999999999999858e+01
1.009999999999999964e+01
3.180000000000000071e+01
2.930000000000000071e+01
2.989999999999999858e+01
2.139999999999999858e+01
2.200000000000000000e+01
