8.359999999999999432e+01
1.590000000000000036e+01
3.119999999999999929e+01
4.239999999999999858e+01
5.589999999999999858e+01
2.550000000000000000e+01
2.739999999999999858e+01
3.150000000000000000e+01
4.779999999999999716e+01
6.800000000000000000e+01
6.800000000000000000e+01
5.910000000000000142e+01
3.500000000000000000e+01
3.979999999999999716e+01
3.180000000000000071e+01
3.850000000000000000e+01
3.900000000000000000e+01
3.300000000000000000e+01
2.750000000000000000e+01
3.260000000000000142e+01
2.369999999999999929e+01
5.929999999999999716e+01
2.589999999999999858e+01
3.679999999999999716e+01
2.999999999999999889e-01
0.000000000000000000e+00
0.000000000000000000e+00
0.000000000000000000e+00
0.000000000000000000e+00
0.000000000000000000e+00
0.000000000000000000e+00
3.489999999999999858e+01
0.000000000000000000e+00
1.000000000000000000e+00
0.000000000000000000e+00
0.000000000000000000e+00
3.710000000000000142e+01
0.000000000000000000e+00
4.900000000000000355e+00
