7.970000000000000284e+01
1.090000000000000036e+01
1.760000000000000142e+01
3.920000000000000284e+01
3.920000000000000284e+01
3.920000000000000284e+01
2.910000000000000142e+01
2.489999999999999858e+01
2.430000000000000071e+01
2.839999999999999858e+01
2.589999999999999858e+01
3.119999999999999929e+01
4.470000000000000284e+01
3.650000000000000000e+01
3.810000000000000142e+01
5.950000000000000000e+01
2.830000000000000071e+01
3.920000000000000284e+01
0.000000000000000000e+00
0.000000000000000000e+00
3.489999999999999858e+01
0.000000000000000000e+00
0.000000000000000000e+00
1.600000000000000000e+01
0.000000000000000000e+00
0.000000000000000000e+00
0.000000000000000000e+00
0.000000000000000000e+00
0.000000000000000000e+00
