3.989999999999999858e+01
3.239999999999999858e+01
2.119999999999999929e+01
4.860000000000000142e+01
4.210000000000000142e+01
4.860000000000000142e+01
4.210000000000000142e+01
3.639999999999999858e+01
5.570000000000000284e+01
4.229999999999999716e+01
4.689999999999999858e+01
3.039999999999999858e+01
3.700000000000000000e+01
5.239999999999999858e+01
4.179999999999999716e+01
4.239999999999999858e+01
2.139999999999999858e+01
4.860000000000000142e+01
4.210000000000000142e+01
3.639999999999999858e+01
5.570000000000000284e+01
4.229999999999999716e+01
4.689999999999999858e+01
3.039999999999999858e+01
3.700000000000000000e+01
5.239999999999999858e+01
4.179999999999999716e+01
4.239999999999999858e+01
2.139999999999999858e+01
