5.889999999999999858e+01
2.369999999999999929e+01
3.320000000000000284e+01
1.109999999999999964e+01
2.819999999999999929e+01
8.300000000000000711e+00
1.109999999999999964e+01
2.819999999999999929e+01
5.799999999999999822e+00
1.900000000000000000e+01
4.039999999999999858e+01
5.799999999999999822e+00
1.169999999999999929e+01
3.320000000000000284e+01
2.410000000000000142e+01
4.050000000000000000e+01
2.880000000000000071e+01
0.000000000000000000e+00
2.819999999999999929e+01
4.039999999999999858e+01
4.010000000000000142e+01
