1.869999999999999929e+01
2.800000000000000000e+01
4.420000000000000284e+01
2.280000000000000071e+01
1.630000000000000071e+01
2.280000000000000071e+01
6.579999999999999716e+01
6.250000000000000000e+01
2.280000000000000071e+01
4.010000000000000142e+01
2.939999999999999858e+01
2.280000000000000071e+01
2.710000000000000142e+01
2.280000000000000071e+01
6.579999999999999716e+01
6.250000000000000000e+01
2.280000000000000071e+01
4.010000000000000142e+01
2.939999999999999858e+01
2.280000000000000071e+01
2.710000000000000142e+01
