2.710000000000000142e+01
4.079999999999999716e+01
5.200000000000000000e+01
1.250000000000000000e+01
6.200000000000000178e+00
3.289999999999999858e+01
3.080000000000000071e+01
0.000000000000000000e+00
0.000000000000000000e+00
0.000000000000000000e+00
0.000000000000000000e+00
0.000000000000000000e+00
0.000000000000000000e+00
0.000000000000000000e+00
0.000000000000000000e+00
0.000000000000000000e+00
2.089999999999999858e+01
5.029999999999999716e+01
5.889999999999999858e+01
2.030000000000000071e+01
2.650000000000000000e+01
