2.510000000000000142e+01
2.239999999999999858e+01
2.560000000000000142e+01
2.019999999999999929e+01
6.200000000000000178e+00
8.199999999999999289e+00
8.000000000000000000e+00
8.699999999999999289e+00
2.019999999999999929e+01
3.150000000000000000e+01
2.900000000000000000e+01
3.929999999999999716e+01
6.200000000000000178e+00
2.200000000000000000e+01
6.200000000000000178e+00
3.260000000000000142e+01
6.200000000000000178e+00
2.450000000000000000e+01
2.019999999999999929e+01
3.150000000000000000e+01
2.900000000000000000e+01
3.929999999999999716e+01
2.200000000000000000e+01
3.260000000000000142e+01
2.450000000000000000e+01
2.250000000000000000e+01
3.019999999999999929e+01
2.250000000000000000e+01
1.119999999999999929e+01
3.019999999999999929e+01
4.150000000000000000e+01
3.939999999999999858e+01
1.000000000000000000e+01
