8.920000000000000284e+01
1.910000000000000142e+01
4.220000000000000284e+01
2.010000000000000142e+01
1.850000000000000000e+01
3.589999999999999858e+01
3.839999999999999858e+01
1.910000000000000142e+01
4.029999999999999716e+01
2.730000000000000071e+01
2.730000000000000071e+01
2.330000000000000071e+01
2.939999999999999858e+01
4.770000000000000284e+01
4.229999999999999716e+01
2.980000000000000071e+01
3.510000000000000142e+01
4.670000000000000284e+01
4.029999999999999716e+01
3.080000000000000071e+01
3.429999999999999716e+01
5.139999999999999858e+01
2.730000000000000071e+01
2.330000000000000071e+01
2.939999999999999858e+01
4.770000000000000284e+01
4.229999999999999716e+01
2.980000000000000071e+01
3.510000000000000142e+01
4.670000000000000284e+01
4.029999999999999716e+01
3.080000000000000071e+01
3.429999999999999716e+01
5.139999999999999858e+01
