2.250000000000000000e+01
3.329999999999999716e+01
4.070000000000000284e+01
3.739999999999999858e+01
2.480000000000000071e+01
2.480000000000000071e+01
2.960000000000000142e+01
4.039999999999999858e+01
5.470000000000000284e+01
2.169999999999999929e+01
4.489999999999999858e+01
3.539999999999999858e+01
3.279999999999999716e+01
2.439999999999999858e+01
4.239999999999999858e+01
0.000000000000000000e+00
2.299999999999999822e+00
3.589999999999999858e+01
0.000000000000000000e+00
0.000000000000000000e+00
0.000000000000000000e+00
