2.019999999999999929e+01
2.780000000000000071e+01
1.669999999999999929e+01
2.780000000000000071e+01
3.200000000000000000e+01
2.310000000000000142e+01
4.129999999999999716e+01
3.989999999999999858e+01
2.660000000000000142e+01
3.770000000000000284e+01
2.830000000000000071e+01
2.869999999999999929e+01
2.950000000000000000e+01
0.000000000000000000e+00
5.110000000000000142e+01
0.000000000000000000e+00
4.299999999999999822e+00
0.000000000000000000e+00
3.689999999999999858e+01
6.299999999999999822e+00
4.110000000000000142e+01
