5.339999999999999858e+01
1.000000000000000000e+01
1.689999999999999858e+01
6.000000000000000000e+00
5.799999999999999822e+00
5.799999999999999822e+00
2.930000000000000071e+01
3.489999999999999858e+01
6.400000000000000355e+00
3.789999999999999858e+01
0.000000000000000000e+00
0.000000000000000000e+00
0.000000000000000000e+00
0.000000000000000000e+00
0.000000000000000000e+00
1.480000000000000071e+01
1.409999999999999964e+01
3.810000000000000142e+01
3.080000000000000071e+01
1.240000000000000036e+01
