1.309999999999999964e+01
2.289999999999999858e+01
4.020000000000000284e+01
1.830000000000000071e+01
8.500000000000000000e+00
1.830000000000000071e+01
7.209999999999999432e+01
3.220000000000000284e+01
4.689999999999999858e+01
1.769999999999999929e+01
7.209999999999999432e+01
3.220000000000000284e+01
4.689999999999999858e+01
2.130000000000000071e+01
2.360000000000000142e+01
2.280000000000000071e+01
3.610000000000000142e+01
1.830000000000000071e+01
1.769999999999999929e+01
2.360000000000000142e+01
2.280000000000000071e+01
3.610000000000000142e+01
