4.720000000000000284e+01
5.010000000000000142e+01
2.810000000000000142e+01
1.359999999999999964e+01
1.380000000000000071e+01
4.560000000000000142e+01
2.300000000000000000e+01
2.719999999999999929e+01
2.369999999999999929e+01
2.369999999999999929e+01
4.179999999999999716e+01
2.669999999999999929e+01
3.169999999999999929e+01
5.100000000000000000e+01
4.310000000000000142e+01
2.339999999999999858e+01
5.120000000000000284e+01
3.379999999999999716e+01
2.319999999999999929e+01
2.369999999999999929e+01
4.179999999999999716e+01
2.669999999999999929e+01
3.169999999999999929e+01
5.100000000000000000e+01
4.310000000000000142e+01
2.339999999999999858e+01
5.120000000000000284e+01
3.379999999999999716e+01
