2.030000000000000071e+01
3.729999999999999716e+01
3.229999999999999716e+01
2.180000000000000071e+01
3.989999999999999858e+01
1.669999999999999929e+01
2.550000000000000000e+01
3.200000000000000000e+01
2.589999999999999858e+01
1.950000000000000000e+01
3.660000000000000142e+01
1.050000000000000000e+01
2.960000000000000142e+01
4.120000000000000284e+01
3.500000000000000000e+01
5.500000000000000000e+00
5.900000000000000355e+00
7.099999999999999645e+00
1.950000000000000000e+01
3.660000000000000142e+01
1.050000000000000000e+01
2.960000000000000142e+01
4.120000000000000284e+01
6.799999999999999822e+00
3.500000000000000000e+01
3.270000000000000284e+01
1.019999999999999929e+01
7.500000000000000000e+00
2.080000000000000071e+01
2.110000000000000142e+01
9.599999999999999645e+00
2.789999999999999858e+01
1.080000000000000071e+01
2.469999999999999929e+01
9.640000000000000568e+01
1.650000000000000000e+01
8.000000000000000000e+00
1.209999999999999964e+01
3.660000000000000142e+01
2.960000000000000142e+01
4.120000000000000284e+01
3.500000000000000000e+01
3.270000000000000284e+01
2.080000000000000071e+01
2.110000000000000142e+01
2.789999999999999858e+01
2.469999999999999929e+01
9.640000000000000568e+01
2.800000000000000000e+01
2.489999999999999858e+01
