2.819999999999999929e+01
2.330000000000000071e+01
3.389999999999999858e+01
1.610000000000000142e+01
2.239999999999999858e+01
3.710000000000000142e+01
2.039999999999999858e+01
2.119999999999999929e+01
3.329999999999999716e+01
0.000000000000000000e+00
0.000000000000000000e+00
0.000000000000000000e+00
0.000000000000000000e+00
0.000000000000000000e+00
0.000000000000000000e+00
0.000000000000000000e+00
0.000000000000000000e+00
3.710000000000000142e+01
0.000000000000000000e+00
0.000000000000000000e+00
0.000000000000000000e+00
6.200000000000000178e+00
5.999999999999999778e-01
