3.200000000000000000e+01
2.400000000000000000e+01
3.829999999999999716e+01
2.930000000000000071e+01
4.889999999999999858e+01
4.420000000000000284e+01
3.460000000000000142e+01
5.289999999999999858e+01
3.300000000000000000e+01
3.760000000000000142e+01
2.660000000000000142e+01
5.910000000000000142e+01
5.410000000000000142e+01
3.689999999999999858e+01
2.750000000000000000e+01
3.139999999999999858e+01
5.579999999999999716e+01
2.380000000000000071e+01
4.889999999999999858e+01
4.420000000000000284e+01
3.460000000000000142e+01
5.289999999999999858e+01
3.300000000000000000e+01
3.760000000000000142e+01
2.660000000000000142e+01
5.910000000000000142e+01
5.410000000000000142e+01
3.689999999999999858e+01
2.750000000000000000e+01
3.139999999999999858e+01
5.579999999999999716e+01
2.380000000000000071e+01
