2.589999999999999858e+01
4.810000000000000142e+01
2.230000000000000071e+01
4.810000000000000142e+01
2.230000000000000071e+01
4.179999999999999716e+01
3.379999999999999716e+01
3.130000000000000071e+01
3.679999999999999716e+01
4.420000000000000284e+01
3.520000000000000284e+01
5.210000000000000142e+01
3.500000000000000000e+01
4.600000000000000000e+01
2.369999999999999929e+01
2.539999999999999858e+01
4.810000000000000142e+01
2.230000000000000071e+01
4.179999999999999716e+01
3.379999999999999716e+01
3.130000000000000071e+01
3.679999999999999716e+01
4.420000000000000284e+01
3.520000000000000284e+01
5.210000000000000142e+01
3.500000000000000000e+01
4.600000000000000000e+01
2.369999999999999929e+01
2.539999999999999858e+01
