4.079999999999999716e+01
2.289999999999999858e+01
4.629999999999999716e+01
3.429999999999999716e+01
3.270000000000000284e+01
3.429999999999999716e+01
3.270000000000000284e+01
3.450000000000000000e+01
4.529999999999999716e+01
2.880000000000000071e+01
7.450000000000000000e+01
3.350000000000000000e+01
5.300000000000000000e+01
3.069999999999999929e+01
2.600000000000000000e+01
6.509999999999999432e+01
3.639999999999999858e+01
3.100000000000000000e+01
2.239999999999999858e+01
3.429999999999999716e+01
3.270000000000000284e+01
3.450000000000000000e+01
2.880000000000000071e+01
7.450000000000000000e+01
3.350000000000000000e+01
5.300000000000000000e+01
3.069999999999999929e+01
2.600000000000000000e+01
6.509999999999999432e+01
3.639999999999999858e+01
3.100000000000000000e+01
2.239999999999999858e+01
