1.930000000000000071e+01
3.610000000000000142e+01
2.219999999999999929e+01
3.889999999999999858e+01
2.350000000000000000e+01
4.210000000000000142e+01
3.000000000000000000e+01
1.459999999999999964e+01
2.450000000000000000e+01
1.980000000000000071e+01
1.939999999999999858e+01
3.970000000000000284e+01
2.589999999999999858e+01
8.779999999999999716e+01
2.269999999999999929e+01
2.500000000000000000e+01
4.029999999999999716e+01
7.679999999999999716e+01
2.919999999999999929e+01
3.860000000000000142e+01
2.250000000000000000e+01
3.539999999999999858e+01
