3.839999999999999858e+01
1.150000000000000000e+01
5.139999999999999858e+01
2.310000000000000142e+01
4.989999999999999858e+01
2.250000000000000000e+01
3.050000000000000000e+01
2.260000000000000142e+01
1.689999999999999858e+01
6.799999999999999822e+00
5.200000000000000178e+00
5.500000000000000000e+00
1.689999999999999858e+01
6.179999999999999716e+01
7.500000000000000000e+00
3.080000000000000071e+01
0.000000000000000000e+00
0.000000000000000000e+00
0.000000000000000000e+00
0.000000000000000000e+00
0.000000000000000000e+00
0.000000000000000000e+00
0.000000000000000000e+00
0.000000000000000000e+00
0.000000000000000000e+00
0.000000000000000000e+00
0.000000000000000000e+00
0.000000000000000000e+00
0.000000000000000000e+00
0.000000000000000000e+00
0.000000000000000000e+00
0.000000000000000000e+00
0.000000000000000000e+00
0.000000000000000000e+00
0.000000000000000000e+00
0.000000000000000000e+00
0.000000000000000000e+00
0.000000000000000000e+00
1.800000000000000044e+00
0.000000000000000000e+00
0.000000000000000000e+00
0.000000000000000000e+00
1.800000000000000044e+00
0.000000000000000000e+00
0.000000000000000000e+00
0.000000000000000000e+00
0.000000000000000000e+00
0.000000000000000000e+00
0.000000000000000000e+00
0.000000000000000000e+00
0.000000000000000000e+00
0.000000000000000000e+00
0.000000000000000000e+00
1.040000000000000036e+01
1.989999999999999858e+01
2.119999999999999929e+01
2.910000000000000142e+01
1.480000000000000071e+01
3.850000000000000000e+01
1.769999999999999929e+01
4.000000000000000000e+01
2.169999999999999929e+01
2.630000000000000071e+01
1.369999999999999929e+01
2.150000000000000000e+01
2.169999999999999929e+01
1.069999999999999929e+01
2.680000000000000071e+01
3.160000000000000142e+01
