1.800000000000000000e+01
2.850000000000000000e+01
3.220000000000000284e+01
1.800000000000000000e+01
2.200000000000000000e+01
1.680000000000000071e+01
2.880000000000000071e+01
4.079999999999999716e+01
2.200000000000000000e+01
2.200000000000000000e+01
3.130000000000000071e+01
2.300000000000000000e+01
2.750000000000000000e+01
8.159999999999999432e+01
3.200000000000000000e+01
3.929999999999999716e+01
3.039999999999999858e+01
5.070000000000000284e+01
4.920000000000000284e+01
3.100000000000000000e+01
5.860000000000000142e+01
2.010000000000000142e+01
3.670000000000000284e+01
4.010000000000000142e+01
4.679999999999999716e+01
2.660000000000000142e+01
4.360000000000000142e+01
7.470000000000000284e+01
2.369999999999999929e+01
3.239999999999999858e+01
5.600000000000000000e+01
4.279999999999999716e+01
2.100000000000000000e+01
3.370000000000000284e+01
4.000000000000000000e+01
3.560000000000000142e+01
3.920000000000000284e+01
3.439999999999999858e+01
2.200000000000000000e+01
3.130000000000000071e+01
2.300000000000000000e+01
2.750000000000000000e+01
8.159999999999999432e+01
3.200000000000000000e+01
3.929999999999999716e+01
3.039999999999999858e+01
5.070000000000000284e+01
4.920000000000000284e+01
3.100000000000000000e+01
5.860000000000000142e+01
2.010000000000000142e+01
3.670000000000000284e+01
4.010000000000000142e+01
4.679999999999999716e+01
2.660000000000000142e+01
4.360000000000000142e+01
7.470000000000000284e+01
2.369999999999999929e+01
3.239999999999999858e+01
5.600000000000000000e+01
4.279999999999999716e+01
2.100000000000000000e+01
3.370000000000000284e+01
4.000000000000000000e+01
3.560000000000000142e+01
3.920000000000000284e+01
3.439999999999999858e+01
