3.039999999999999858e+01
6.920000000000000284e+01
1.150000000000000000e+01
3.100000000000000000e+01
4.089999999999999858e+01
4.170000000000000284e+01
3.169999999999999929e+01
3.220000000000000284e+01
1.780000000000000071e+01
2.889999999999999858e+01
4.760000000000000142e+01
4.729999999999999716e+01
3.239999999999999858e+01
3.620000000000000284e+01
3.239999999999999858e+01
3.620000000000000284e+01
3.010000000000000142e+01
3.429999999999999716e+01
2.360000000000000142e+01
4.500000000000000000e+01
3.279999999999999716e+01
2.180000000000000071e+01
3.970000000000000284e+01
4.820000000000000284e+01
2.269999999999999929e+01
0.000000000000000000e+00
0.000000000000000000e+00
0.000000000000000000e+00
0.000000000000000000e+00
6.850000000000000000e+01
1.830000000000000071e+01
0.000000000000000000e+00
0.000000000000000000e+00
0.000000000000000000e+00
0.000000000000000000e+00
0.000000000000000000e+00
7.200000000000000178e+00
0.000000000000000000e+00
2.399999999999999911e+00
0.000000000000000000e+00
0.000000000000000000e+00
