2.569999999999999929e+01
3.370000000000000284e+01
3.610000000000000142e+01
3.010000000000000142e+01
1.040000000000000036e+01
1.630000000000000071e+01
3.710000000000000142e+01
2.819999999999999929e+01
1.630000000000000071e+01
3.010000000000000142e+01
3.710000000000000142e+01
2.819999999999999929e+01
4.100000000000000000e+01
3.860000000000000142e+01
3.289999999999999858e+01
2.969999999999999929e+01
5.950000000000000000e+01
4.979999999999999716e+01
2.910000000000000142e+01
2.389999999999999858e+01
3.810000000000000142e+01
3.510000000000000142e+01
2.189999999999999858e+01
2.730000000000000071e+01
5.150000000000000000e+01
3.110000000000000142e+01
3.239999999999999858e+01
5.250000000000000000e+01
2.250000000000000000e+01
2.869999999999999929e+01
3.439999999999999858e+01
4.860000000000000142e+01
3.030000000000000071e+01
2.689999999999999858e+01
6.160000000000000142e+01
5.720000000000000284e+01
7.190000000000000568e+01
2.689999999999999858e+01
2.569999999999999929e+01
3.550000000000000000e+01
3.010000000000000142e+01
3.710000000000000142e+01
2.819999999999999929e+01
4.100000000000000000e+01
3.860000000000000142e+01
3.289999999999999858e+01
2.969999999999999929e+01
5.950000000000000000e+01
4.979999999999999716e+01
2.910000000000000142e+01
2.389999999999999858e+01
3.810000000000000142e+01
3.510000000000000142e+01
2.189999999999999858e+01
2.730000000000000071e+01
5.150000000000000000e+01
3.110000000000000142e+01
3.239999999999999858e+01
5.250000000000000000e+01
2.250000000000000000e+01
2.869999999999999929e+01
3.439999999999999858e+01
4.860000000000000142e+01
3.030000000000000071e+01
2.689999999999999858e+01
6.160000000000000142e+01
5.720000000000000284e+01
7.190000000000000568e+01
2.689999999999999858e+01
2.569999999999999929e+01
3.550000000000000000e+01
