2.030000000000000071e+01
6.239999999999999858e+01
6.529999999999999716e+01
1.719999999999999929e+01
5.120000000000000284e+01
4.250000000000000000e+01
2.830000000000000071e+01
1.839999999999999858e+01
3.089999999999999858e+01
1.830000000000000071e+01
4.250000000000000000e+01
1.700000000000000000e+01
2.239999999999999858e+01
1.989999999999999858e+01
3.539999999999999858e+01
3.180000000000000071e+01
8.000000000000000000e+00
8.900000000000000355e+00
5.299999999999999822e+00
6.599999999999999645e+00
9.000000000000000000e+00
8.300000000000000711e+00
6.200000000000000178e+00
7.099999999999999645e+00
6.599999999999999645e+00
7.799999999999999822e+00
1.700000000000000000e+01
2.239999999999999858e+01
1.989999999999999858e+01
3.539999999999999858e+01
3.180000000000000071e+01
1.530000000000000071e+01
3.660000000000000142e+01
2.210000000000000142e+01
8.199999999999999289e+00
1.590000000000000036e+01
8.199999999999999289e+00
6.959999999999999432e+01
4.189999999999999858e+01
2.780000000000000071e+01
3.000000000000000000e+01
2.510000000000000142e+01
2.769999999999999929e+01
2.189999999999999858e+01
3.130000000000000071e+01
2.350000000000000000e+01
4.460000000000000142e+01
2.930000000000000071e+01
3.400000000000000000e+01
4.110000000000000142e+01
5.750000000000000000e+01
2.700000000000000000e+01
2.750000000000000000e+01
3.439999999999999858e+01
3.610000000000000142e+01
3.910000000000000142e+01
3.270000000000000284e+01
4.839999999999999858e+01
6.020000000000000284e+01
3.210000000000000142e+01
1.650000000000000000e+01
1.369999999999999929e+01
1.369999999999999929e+01
5.750000000000000000e+01
2.700000000000000000e+01
2.750000000000000000e+01
3.439999999999999858e+01
3.610000000000000142e+01
3.910000000000000142e+01
3.270000000000000284e+01
4.839999999999999858e+01
1.230000000000000071e+01
6.020000000000000284e+01
3.210000000000000142e+01
5.789999999999999858e+01
1.760000000000000142e+01
3.910000000000000142e+01
2.189999999999999858e+01
3.220000000000000284e+01
2.569999999999999929e+01
3.889999999999999858e+01
2.169999999999999929e+01
3.579999999999999716e+01
2.880000000000000071e+01
