2.210000000000000142e+01
2.419999999999999929e+01
4.670000000000000284e+01
4.679999999999999716e+01
1.739999999999999858e+01
2.639999999999999858e+01
4.800000000000000000e+01
3.600000000000000000e+01
3.600000000000000000e+01
2.260000000000000142e+01
8.090000000000000568e+01
3.850000000000000000e+01
3.139999999999999858e+01
3.429999999999999716e+01
3.620000000000000284e+01
2.550000000000000000e+01
2.389999999999999858e+01
2.469999999999999929e+01
3.889999999999999858e+01
3.019999999999999929e+01
4.760000000000000142e+01
3.210000000000000142e+01
2.839999999999999858e+01
4.289999999999999858e+01
2.280000000000000071e+01
2.469999999999999929e+01
4.600000000000000000e+01
3.570000000000000284e+01
2.980000000000000071e+01
2.450000000000000000e+01
2.110000000000000142e+01
2.650000000000000000e+01
2.510000000000000142e+01
5.350000000000000000e+01
4.939999999999999858e+01
2.189999999999999858e+01
5.920000000000000284e+01
2.160000000000000142e+01
2.800000000000000000e+01
3.600000000000000000e+01
2.260000000000000142e+01
8.090000000000000568e+01
3.850000000000000000e+01
3.139999999999999858e+01
3.429999999999999716e+01
2.550000000000000000e+01
2.389999999999999858e+01
2.469999999999999929e+01
3.889999999999999858e+01
3.019999999999999929e+01
3.210000000000000142e+01
2.839999999999999858e+01
4.289999999999999858e+01
2.280000000000000071e+01
2.469999999999999929e+01
4.600000000000000000e+01
3.570000000000000284e+01
2.980000000000000071e+01
2.450000000000000000e+01
2.110000000000000142e+01
2.650000000000000000e+01
2.510000000000000142e+01
5.350000000000000000e+01
4.939999999999999858e+01
2.189999999999999858e+01
5.920000000000000284e+01
2.160000000000000142e+01
2.800000000000000000e+01
3.589999999999999858e+01
2.650000000000000000e+01
