2.230000000000000071e+01
4.210000000000000142e+01
3.560000000000000142e+01
5.179999999999999716e+01
6.250000000000000000e+01
3.220000000000000284e+01
5.960000000000000142e+01
3.329999999999999716e+01
1.030000000000000071e+01
3.800000000000000000e+01
2.069999999999999929e+01
7.929999999999999716e+01
1.019999999999999929e+01
3.370000000000000284e+01
2.310000000000000142e+01
2.169999999999999929e+01
3.720000000000000284e+01
4.210000000000000142e+01
2.150000000000000000e+01
1.810000000000000142e+01
3.660000000000000142e+01
3.270000000000000284e+01
