2.830000000000000071e+01
2.500000000000000000e+01
1.119999999999999929e+01
1.669999999999999929e+01
2.080000000000000071e+01
2.350000000000000000e+01
1.680000000000000071e+01
2.350000000000000000e+01
2.710000000000000142e+01
2.119999999999999929e+01
2.360000000000000142e+01
2.139999999999999858e+01
3.439999999999999858e+01
2.780000000000000071e+01
4.129999999999999716e+01
2.219999999999999929e+01
8.690000000000000568e+01
2.219999999999999929e+01
3.639999999999999858e+01
2.569999999999999929e+01
6.420000000000000284e+01
3.720000000000000284e+01
3.879999999999999716e+01
3.560000000000000142e+01
3.710000000000000142e+01
2.460000000000000142e+01
2.000000000000000000e+01
2.110000000000000142e+01
4.650000000000000000e+01
2.239999999999999858e+01
4.020000000000000284e+01
3.360000000000000142e+01
2.560000000000000142e+01
2.350000000000000000e+01
2.710000000000000142e+01
2.119999999999999929e+01
2.360000000000000142e+01
2.139999999999999858e+01
3.439999999999999858e+01
2.780000000000000071e+01
4.129999999999999716e+01
2.219999999999999929e+01
8.690000000000000568e+01
2.219999999999999929e+01
3.639999999999999858e+01
2.569999999999999929e+01
6.420000000000000284e+01
3.720000000000000284e+01
3.879999999999999716e+01
3.560000000000000142e+01
3.710000000000000142e+01
2.460000000000000142e+01
2.000000000000000000e+01
2.110000000000000142e+01
4.650000000000000000e+01
2.239999999999999858e+01
4.020000000000000284e+01
3.360000000000000142e+01
2.560000000000000142e+01
2.050000000000000000e+01
