2.889999999999999858e+01
4.770000000000000284e+01
3.100000000000000000e+01
2.669999999999999929e+01
1.380000000000000071e+01
1.969999999999999929e+01
1.519999999999999929e+01
1.730000000000000071e+01
3.220000000000000284e+01
2.780000000000000071e+01
7.400000000000000355e+00
5.599999999999999645e+00
8.699999999999999289e+00
6.799999999999999822e+00
8.900000000000000355e+00
7.400000000000000355e+00
8.300000000000000711e+00
1.730000000000000071e+01
3.220000000000000284e+01
2.780000000000000071e+01
7.700000000000000178e+00
6.799999999999999822e+00
3.539999999999999858e+01
1.739999999999999858e+01
4.020000000000000284e+01
7.200000000000000178e+00
4.810000000000000142e+01
4.089999999999999858e+01
1.860000000000000142e+01
2.200000000000000000e+01
1.739999999999999858e+01
2.750000000000000000e+01
5.439999999999999858e+01
3.220000000000000284e+01
2.780000000000000071e+01
3.539999999999999858e+01
4.810000000000000142e+01
4.089999999999999858e+01
2.200000000000000000e+01
2.750000000000000000e+01
5.439999999999999858e+01
2.739999999999999858e+01
3.760000000000000142e+01
3.620000000000000284e+01
2.319999999999999929e+01
6.329999999999999716e+01
7.679999999999999716e+01
6.250000000000000000e+01
5.820000000000000284e+01
2.039999999999999858e+01
6.370000000000000284e+01
5.250000000000000000e+01
3.679999999999999716e+01
