4.779999999999999716e+01
6.029999999999999716e+01
2.010000000000000142e+01
1.969999999999999929e+01
1.919999999999999929e+01
3.479999999999999716e+01
5.910000000000000142e+01
4.870000000000000284e+01
3.560000000000000142e+01
2.239999999999999858e+01
2.880000000000000071e+01
1.169999999999999929e+01
2.789999999999999858e+01
3.539999999999999858e+01
3.760000000000000142e+01
2.210000000000000142e+01
2.789999999999999858e+01
3.529999999999999716e+01
1.330000000000000071e+01
2.719999999999999929e+01
2.019999999999999929e+01
1.490000000000000036e+01
3.789999999999999858e+01
