2.230000000000000071e+01
3.989999999999999858e+01
3.720000000000000284e+01
2.310000000000000142e+01
2.130000000000000071e+01
1.050000000000000000e+01
1.219999999999999929e+01
2.680000000000000071e+01
2.110000000000000142e+01
1.040000000000000036e+01
5.700000000000000000e+01
2.930000000000000071e+01
1.050000000000000000e+01
2.600000000000000000e+01
5.400000000000000000e+01
6.500000000000000000e+00
6.299999999999999822e+00
6.799999999999999822e+00
6.500000000000000000e+00
5.200000000000000178e+00
1.040000000000000036e+01
5.700000000000000000e+01
2.930000000000000071e+01
8.099999999999999645e+00
1.050000000000000000e+01
2.600000000000000000e+01
5.400000000000000000e+01
6.200000000000000178e+00
2.150000000000000000e+01
3.610000000000000142e+01
6.799999999999999822e+00
5.000000000000000000e+00
9.199999999999999289e+00
2.230000000000000071e+01
1.850000000000000000e+01
1.760000000000000142e+01
6.099999999999999645e+00
5.529999999999999716e+01
6.200000000000000178e+00
3.770000000000000284e+01
2.360000000000000142e+01
8.000000000000000000e+00
2.360000000000000142e+01
5.700000000000000000e+01
2.930000000000000071e+01
2.600000000000000000e+01
5.400000000000000000e+01
2.150000000000000000e+01
3.610000000000000142e+01
2.230000000000000071e+01
5.529999999999999716e+01
3.770000000000000284e+01
2.360000000000000142e+01
2.360000000000000142e+01
4.200000000000000000e+01
2.310000000000000142e+01
6.160000000000000142e+01
4.410000000000000142e+01
3.220000000000000284e+01
2.419999999999999929e+01
1.040000000000000036e+01
1.050000000000000000e+01
1.850000000000000000e+01
1.760000000000000142e+01
4.200000000000000000e+01
2.310000000000000142e+01
1.930000000000000071e+01
6.160000000000000142e+01
4.410000000000000142e+01
3.220000000000000284e+01
2.419999999999999929e+01
1.480000000000000071e+01
5.750000000000000000e+01
2.080000000000000071e+01
1.140000000000000036e+01
2.219999999999999929e+01
2.680000000000000071e+01
2.030000000000000071e+01
