2.039999999999999858e+01
3.850000000000000000e+01
1.910000000000000142e+01
3.169999999999999929e+01
3.410000000000000142e+01
1.580000000000000071e+01
2.530000000000000071e+01
3.989999999999999858e+01
2.430000000000000071e+01
4.239999999999999858e+01
1.050000000000000000e+01
2.019999999999999929e+01
2.060000000000000142e+01
4.160000000000000142e+01
1.209999999999999964e+01
2.039999999999999858e+01
6.799999999999999822e+00
5.400000000000000355e+00
9.300000000000000711e+00
6.099999999999999645e+00
8.199999999999999289e+00
4.160000000000000142e+01
1.209999999999999964e+01
8.199999999999999289e+00
2.039999999999999858e+01
9.800000000000000711e+00
1.530000000000000071e+01
5.099999999999999645e+00
3.750000000000000000e+01
3.750000000000000000e+01
2.430000000000000071e+01
3.810000000000000142e+01
2.050000000000000000e+01
2.189999999999999858e+01
3.060000000000000142e+01
4.029999999999999716e+01
2.100000000000000000e+01
2.360000000000000142e+01
2.410000000000000142e+01
2.139999999999999858e+01
2.450000000000000000e+01
2.250000000000000000e+01
6.429999999999999716e+01
2.169999999999999929e+01
2.080000000000000071e+01
2.310000000000000142e+01
2.160000000000000142e+01
3.579999999999999716e+01
1.689999999999999858e+01
1.750000000000000000e+01
1.309999999999999964e+01
1.530000000000000071e+01
1.719999999999999929e+01
1.490000000000000036e+01
2.450000000000000000e+01
2.250000000000000000e+01
6.429999999999999716e+01
2.169999999999999929e+01
2.080000000000000071e+01
2.310000000000000142e+01
2.160000000000000142e+01
3.579999999999999716e+01
2.289999999999999858e+01
3.950000000000000000e+01
2.060000000000000142e+01
1.119999999999999929e+01
