2.960000000000000142e+01
4.160000000000000142e+01
4.489999999999999858e+01
1.669999999999999929e+01
2.689999999999999858e+01
3.139999999999999858e+01
5.160000000000000142e+01
1.630000000000000071e+01
4.350000000000000000e+01
1.769999999999999929e+01
2.539999999999999858e+01
5.160000000000000142e+01
1.830000000000000071e+01
1.689999999999999858e+01
2.430000000000000071e+01
1.319999999999999929e+01
2.669999999999999929e+01
5.160000000000000142e+01
2.430000000000000071e+01
2.289999999999999858e+01
2.500000000000000000e+01
2.369999999999999929e+01
2.919999999999999929e+01
3.039999999999999858e+01
2.810000000000000142e+01
2.289999999999999858e+01
2.060000000000000142e+01
4.610000000000000142e+01
2.339999999999999858e+01
5.729999999999999716e+01
2.710000000000000142e+01
2.550000000000000000e+01
2.669999999999999929e+01
3.220000000000000284e+01
4.970000000000000284e+01
6.809999999999999432e+01
3.060000000000000142e+01
4.589999999999999858e+01
3.529999999999999716e+01
2.339999999999999858e+01
2.360000000000000142e+01
6.729999999999999716e+01
3.089999999999999858e+01
2.160000000000000142e+01
4.360000000000000142e+01
2.269999999999999929e+01
4.200000000000000000e+01
2.060000000000000142e+01
2.310000000000000142e+01
2.560000000000000142e+01
2.269999999999999929e+01
2.089999999999999858e+01
5.160000000000000142e+01
2.430000000000000071e+01
2.289999999999999858e+01
2.500000000000000000e+01
2.369999999999999929e+01
2.919999999999999929e+01
3.039999999999999858e+01
2.810000000000000142e+01
2.289999999999999858e+01
2.060000000000000142e+01
4.610000000000000142e+01
2.339999999999999858e+01
5.729999999999999716e+01
2.710000000000000142e+01
2.550000000000000000e+01
2.669999999999999929e+01
3.220000000000000284e+01
4.970000000000000284e+01
6.809999999999999432e+01
3.060000000000000142e+01
4.589999999999999858e+01
3.529999999999999716e+01
2.339999999999999858e+01
2.360000000000000142e+01
6.729999999999999716e+01
3.089999999999999858e+01
2.160000000000000142e+01
4.360000000000000142e+01
4.200000000000000000e+01
2.060000000000000142e+01
2.310000000000000142e+01
2.560000000000000142e+01
2.089999999999999858e+01
