3.470000000000000284e+01
2.800000000000000000e+01
1.469999999999999929e+01
4.820000000000000284e+01
2.639999999999999858e+01
4.750000000000000000e+01
2.350000000000000000e+01
2.800000000000000000e+01
2.069999999999999929e+01
4.960000000000000142e+01
2.350000000000000000e+01
3.710000000000000142e+01
3.010000000000000142e+01
2.739999999999999858e+01
2.360000000000000142e+01
4.600000000000000000e+01
3.800000000000000000e+01
8.199999999999999289e+00
8.300000000000000711e+00
5.000000000000000000e+00
7.299999999999999822e+00
6.099999999999999645e+00
9.900000000000000355e+00
8.599999999999999645e+00
5.200000000000000178e+00
8.300000000000000711e+00
4.600000000000000000e+01
5.900000000000000355e+00
3.800000000000000000e+01
2.300000000000000000e+01
5.939999999999999858e+01
3.069999999999999929e+01
1.839999999999999858e+01
4.270000000000000284e+01
2.500000000000000000e+01
4.239999999999999858e+01
3.370000000000000284e+01
2.189999999999999858e+01
2.739999999999999858e+01
2.410000000000000142e+01
2.039999999999999858e+01
4.620000000000000284e+01
5.360000000000000142e+01
2.050000000000000000e+01
3.080000000000000071e+01
5.950000000000000000e+01
3.260000000000000142e+01
5.789999999999999858e+01
3.069999999999999929e+01
3.520000000000000284e+01
3.329999999999999716e+01
5.620000000000000284e+01
3.689999999999999858e+01
4.410000000000000142e+01
2.560000000000000142e+01
1.269999999999999929e+01
1.700000000000000000e+01
1.969999999999999929e+01
1.689999999999999858e+01
1.419999999999999929e+01
1.469999999999999929e+01
1.119999999999999929e+01
3.260000000000000142e+01
5.789999999999999858e+01
1.130000000000000071e+01
1.130000000000000071e+01
3.069999999999999929e+01
1.969999999999999929e+01
3.520000000000000284e+01
3.329999999999999716e+01
5.620000000000000284e+01
3.689999999999999858e+01
4.410000000000000142e+01
2.560000000000000142e+01
3.600000000000000000e+01
3.450000000000000000e+01
2.789999999999999858e+01
1.209999999999999964e+01
2.239999999999999858e+01
3.520000000000000284e+01
2.719999999999999929e+01
