1.280000000000000071e+01
2.410000000000000142e+01
1.519999999999999929e+01
2.289999999999999858e+01
3.339999999999999858e+01
1.800000000000000000e+01
2.260000000000000142e+01
4.420000000000000284e+01
3.479999999999999716e+01
3.750000000000000000e+01
2.139999999999999858e+01
7.270000000000000284e+01
2.219999999999999929e+01
1.780000000000000071e+01
2.569999999999999929e+01
2.569999999999999929e+01
2.730000000000000071e+01
2.839999999999999858e+01
3.110000000000000142e+01
2.580000000000000071e+01
3.370000000000000284e+01
9.479999999999999716e+01
3.689999999999999858e+01
3.479999999999999716e+01
3.119999999999999929e+01
2.330000000000000071e+01
2.639999999999999858e+01
3.019999999999999929e+01
3.570000000000000284e+01
2.539999999999999858e+01
5.339999999999999858e+01
2.460000000000000142e+01
2.780000000000000071e+01
6.940000000000000568e+01
2.600000000000000000e+01
4.129999999999999716e+01
0.000000000000000000e+00
3.030000000000000071e+01
0.000000000000000000e+00
3.500000000000000000e+00
2.769999999999999929e+01
0.000000000000000000e+00
2.539999999999999858e+01
0.000000000000000000e+00
0.000000000000000000e+00
0.000000000000000000e+00
0.000000000000000000e+00
0.000000000000000000e+00
0.000000000000000000e+00
0.000000000000000000e+00
0.000000000000000000e+00
3.450000000000000000e+01
0.000000000000000000e+00
0.000000000000000000e+00
0.000000000000000000e+00
0.000000000000000000e+00
0.000000000000000000e+00
3.019999999999999929e+01
0.000000000000000000e+00
0.000000000000000000e+00
0.000000000000000000e+00
0.000000000000000000e+00
0.000000000000000000e+00
0.000000000000000000e+00
2.830000000000000071e+01
0.000000000000000000e+00
2.299999999999999822e+00
0.000000000000000000e+00
0.000000000000000000e+00
0.000000000000000000e+00
0.000000000000000000e+00
2.539999999999999858e+01
0.000000000000000000e+00
0.000000000000000000e+00
0.000000000000000000e+00
3.929999999999999716e+01
0.000000000000000000e+00
0.000000000000000000e+00
0.000000000000000000e+00
0.000000000000000000e+00
0.000000000000000000e+00
0.000000000000000000e+00
