4.310000000000000142e+01
2.330000000000000071e+01
1.880000000000000071e+01
5.379999999999999716e+01
2.989999999999999858e+01
5.379999999999999716e+01
2.989999999999999858e+01
3.910000000000000142e+01
3.650000000000000000e+01
3.920000000000000284e+01
5.450000000000000000e+01
3.970000000000000284e+01
2.260000000000000142e+01
3.250000000000000000e+01
3.060000000000000142e+01
3.400000000000000000e+01
2.439999999999999858e+01
5.670000000000000284e+01
2.750000000000000000e+01
2.650000000000000000e+01
0.000000000000000000e+00
0.000000000000000000e+00
0.000000000000000000e+00
0.000000000000000000e+00
0.000000000000000000e+00
0.000000000000000000e+00
0.000000000000000000e+00
0.000000000000000000e+00
0.000000000000000000e+00
0.000000000000000000e+00
0.000000000000000000e+00
3.260000000000000142e+01
0.000000000000000000e+00
0.000000000000000000e+00
1.800000000000000044e+00
0.000000000000000000e+00
0.000000000000000000e+00
0.000000000000000000e+00
2.580000000000000071e+01
0.000000000000000000e+00
0.000000000000000000e+00
0.000000000000000000e+00
0.000000000000000000e+00
0.000000000000000000e+00
0.000000000000000000e+00
