1.050000000000000000e+01
2.789999999999999858e+01
1.109999999999999964e+01
2.869999999999999929e+01
3.760000000000000142e+01
3.239999999999999858e+01
1.719999999999999929e+01
1.889999999999999858e+01
3.220000000000000284e+01
3.180000000000000071e+01
3.739999999999999858e+01
2.880000000000000071e+01
3.700000000000000000e+01
3.970000000000000284e+01
1.019999999999999929e+01
1.330000000000000071e+01
1.080000000000000071e+01
7.500000000000000000e+00
7.200000000000000178e+00
2.880000000000000071e+01
3.700000000000000000e+01
3.970000000000000284e+01
1.019999999999999929e+01
1.330000000000000071e+01
1.080000000000000071e+01
2.330000000000000071e+01
2.410000000000000142e+01
2.430000000000000071e+01
9.500000000000000000e+00
1.930000000000000071e+01
4.329999999999999716e+01
3.660000000000000142e+01
7.500000000000000000e+00
6.000000000000000000e+00
3.800000000000000000e+01
1.639999999999999858e+01
2.880000000000000071e+01
3.700000000000000000e+01
3.970000000000000284e+01
2.330000000000000071e+01
2.410000000000000142e+01
2.430000000000000071e+01
4.329999999999999716e+01
3.660000000000000142e+01
3.800000000000000000e+01
3.350000000000000000e+01
3.950000000000000000e+01
3.529999999999999716e+01
3.150000000000000000e+01
4.100000000000000000e+01
