3.210000000000000142e+01
2.689999999999999858e+01
3.920000000000000284e+01
3.520000000000000284e+01
2.800000000000000000e+01
3.389999999999999858e+01
3.789999999999999858e+01
3.629999999999999716e+01
4.929999999999999716e+01
2.639999999999999858e+01
3.879999999999999716e+01
1.800000000000000000e+01
3.370000000000000284e+01
5.120000000000000284e+01
2.410000000000000142e+01
2.269999999999999929e+01
4.620000000000000284e+01
3.860000000000000142e+01
1.700000000000000000e+01
2.600000000000000000e+01
3.320000000000000284e+01
4.620000000000000284e+01
5.900000000000000000e+01
