3.560000000000000142e+01
2.969999999999999929e+01
2.339999999999999858e+01
2.780000000000000071e+01
6.239999999999999858e+01
4.579999999999999716e+01
1.019999999999999929e+01
3.100000000000000000e+01
2.839999999999999858e+01
1.350000000000000000e+01
3.229999999999999716e+01
3.670000000000000284e+01
6.700000000000000178e+00
7.099999999999999645e+00
5.299999999999999822e+00
9.199999999999999289e+00
7.700000000000000178e+00
1.350000000000000000e+01
3.229999999999999716e+01
3.670000000000000284e+01
2.760000000000000142e+01
2.069999999999999929e+01
5.000000000000000000e+00
0.000000000000000000e+00
0.000000000000000000e+00
0.000000000000000000e+00
0.000000000000000000e+00
0.000000000000000000e+00
0.000000000000000000e+00
0.000000000000000000e+00
0.000000000000000000e+00
0.000000000000000000e+00
0.000000000000000000e+00
0.000000000000000000e+00
0.000000000000000000e+00
0.000000000000000000e+00
0.000000000000000000e+00
0.000000000000000000e+00
0.000000000000000000e+00
0.000000000000000000e+00
0.000000000000000000e+00
0.000000000000000000e+00
0.000000000000000000e+00
0.000000000000000000e+00
0.000000000000000000e+00
0.000000000000000000e+00
2.000000000000000111e-01
0.000000000000000000e+00
2.999999999999999889e-01
0.000000000000000000e+00
1.080000000000000071e+01
2.130000000000000071e+01
4.210000000000000142e+01
1.760000000000000142e+01
3.729999999999999716e+01
1.300000000000000000e+01
1.050000000000000000e+01
3.560000000000000142e+01
1.780000000000000071e+01
4.720000000000000284e+01
4.139999999999999858e+01
3.489999999999999858e+01
1.000000000000000000e+01
2.300000000000000000e+01
1.209999999999999964e+01
3.570000000000000284e+01
1.580000000000000071e+01
