2.619999999999999929e+01
1.390000000000000036e+01
3.550000000000000000e+01
2.500000000000000000e+01
2.639999999999999858e+01
1.869999999999999929e+01
5.620000000000000284e+01
3.270000000000000284e+01
6.799999999999999822e+00
9.400000000000000355e+00
8.099999999999999645e+00
3.270000000000000284e+01
7.240000000000000568e+01
2.439999999999999858e+01
2.439999999999999858e+01
3.539999999999999858e+01
3.829999999999999716e+01
4.200000000000000000e+01
3.770000000000000284e+01
2.889999999999999858e+01
4.179999999999999716e+01
3.039999999999999858e+01
3.860000000000000142e+01
3.839999999999999858e+01
1.019999999999999929e+01
1.259999999999999964e+01
1.330000000000000071e+01
1.960000000000000142e+01
1.830000000000000071e+01
4.179999999999999716e+01
3.039999999999999858e+01
3.860000000000000142e+01
1.930000000000000071e+01
3.839999999999999858e+01
1.930000000000000071e+01
1.530000000000000071e+01
1.600000000000000000e+01
1.819999999999999929e+01
2.989999999999999858e+01
3.579999999999999716e+01
