2.139999999999999858e+01
5.110000000000000142e+01
1.550000000000000000e+01
2.780000000000000071e+01
3.379999999999999716e+01
4.229999999999999716e+01
1.960000000000000142e+01
3.360000000000000142e+01
2.660000000000000142e+01
2.930000000000000071e+01
3.119999999999999929e+01
1.750000000000000000e+01
6.400000000000000355e+00
6.000000000000000000e+00
6.900000000000000355e+00
9.900000000000000355e+00
8.099999999999999645e+00
2.660000000000000142e+01
2.930000000000000071e+01
3.119999999999999929e+01
1.750000000000000000e+01
2.400000000000000000e+01
3.080000000000000071e+01
1.969999999999999929e+01
1.430000000000000071e+01
6.900000000000000355e+00
3.069999999999999929e+01
2.530000000000000071e+01
2.650000000000000000e+01
2.000000000000000000e+01
3.100000000000000000e+01
8.699999999999999289e+00
3.479999999999999716e+01
2.389999999999999858e+01
2.660000000000000142e+01
2.930000000000000071e+01
3.119999999999999929e+01
2.400000000000000000e+01
3.080000000000000071e+01
3.069999999999999929e+01
2.530000000000000071e+01
2.650000000000000000e+01
2.000000000000000000e+01
3.100000000000000000e+01
3.479999999999999716e+01
2.389999999999999858e+01
2.830000000000000071e+01
3.900000000000000000e+01
3.389999999999999858e+01
8.809999999999999432e+01
2.250000000000000000e+01
5.360000000000000142e+01
