2.210000000000000142e+01
4.570000000000000284e+01
2.889999999999999858e+01
3.100000000000000000e+01
6.779999999999999716e+01
2.800000000000000000e+01
2.589999999999999858e+01
2.139999999999999858e+01
2.760000000000000142e+01
1.500000000000000000e+01
3.679999999999999716e+01
3.489999999999999858e+01
2.719999999999999929e+01
1.650000000000000000e+01
8.000000000000000000e+00
6.900000000000000355e+00
9.000000000000000000e+00
8.300000000000000711e+00
8.099999999999999645e+00
8.500000000000000000e+00
8.300000000000000711e+00
3.489999999999999858e+01
2.719999999999999929e+01
1.650000000000000000e+01
7.500000000000000000e+00
3.650000000000000000e+01
2.100000000000000000e+01
3.139999999999999858e+01
1.630000000000000071e+01
4.770000000000000284e+01
2.839999999999999858e+01
2.839999999999999858e+01
2.280000000000000071e+01
2.950000000000000000e+01
2.660000000000000142e+01
3.660000000000000142e+01
3.720000000000000284e+01
2.389999999999999858e+01
5.070000000000000284e+01
3.550000000000000000e+01
4.100000000000000000e+01
3.410000000000000142e+01
2.160000000000000142e+01
5.960000000000000142e+01
2.800000000000000000e+01
1.480000000000000071e+01
1.069999999999999929e+01
1.500000000000000000e+01
4.100000000000000000e+01
1.050000000000000000e+01
3.410000000000000142e+01
2.160000000000000142e+01
1.009999999999999964e+01
5.960000000000000142e+01
2.800000000000000000e+01
2.610000000000000142e+01
1.960000000000000142e+01
3.389999999999999858e+01
2.550000000000000000e+01
6.089999999999999858e+01
4.310000000000000142e+01
