4.360000000000000142e+01
2.789999999999999858e+01
3.860000000000000142e+01
4.410000000000000142e+01
3.239999999999999858e+01
4.170000000000000284e+01
3.150000000000000000e+01
2.989999999999999858e+01
2.480000000000000071e+01
2.939999999999999858e+01
3.550000000000000000e+01
1.880000000000000071e+01
4.320000000000000284e+01
1.209999999999999964e+01
2.410000000000000142e+01
5.489999999999999858e+01
4.320000000000000284e+01
2.410000000000000142e+01
5.489999999999999858e+01
3.689999999999999858e+01
2.360000000000000142e+01
3.169999999999999929e+01
2.669999999999999929e+01
4.339999999999999858e+01
3.100000000000000000e+01
6.529999999999999716e+01
4.039999999999999858e+01
2.280000000000000071e+01
4.860000000000000142e+01
2.430000000000000071e+01
2.819999999999999929e+01
4.360000000000000142e+01
3.210000000000000142e+01
2.919999999999999929e+01
5.400000000000000355e+00
0.000000000000000000e+00
0.000000000000000000e+00
0.000000000000000000e+00
2.410000000000000142e+01
0.000000000000000000e+00
5.289999999999999858e+01
0.000000000000000000e+00
3.689999999999999858e+01
0.000000000000000000e+00
8.000000000000000444e-01
0.000000000000000000e+00
0.000000000000000000e+00
1.309999999999999964e+01
0.000000000000000000e+00
0.000000000000000000e+00
0.000000000000000000e+00
0.000000000000000000e+00
0.000000000000000000e+00
0.000000000000000000e+00
0.000000000000000000e+00
0.000000000000000000e+00
0.000000000000000000e+00
0.000000000000000000e+00
3.810000000000000142e+01
0.000000000000000000e+00
0.000000000000000000e+00
0.000000000000000000e+00
0.000000000000000000e+00
2.289999999999999858e+01
0.000000000000000000e+00
0.000000000000000000e+00
5.000000000000000000e+00
0.000000000000000000e+00
0.000000000000000000e+00
0.000000000000000000e+00
0.000000000000000000e+00
0.000000000000000000e+00
4.160000000000000142e+01
0.000000000000000000e+00
0.000000000000000000e+00
0.000000000000000000e+00
0.000000000000000000e+00
0.000000000000000000e+00
