3.689999999999999858e+01
1.590000000000000036e+01
2.569999999999999929e+01
2.730000000000000071e+01
4.229999999999999716e+01
1.400000000000000000e+01
5.520000000000000284e+01
3.760000000000000142e+01
2.319999999999999929e+01
2.360000000000000142e+01
2.060000000000000142e+01
1.359999999999999964e+01
1.750000000000000000e+01
3.700000000000000000e+01
3.350000000000000000e+01
4.179999999999999716e+01
1.800000000000000000e+01
2.519999999999999929e+01
2.430000000000000071e+01
2.680000000000000071e+01
1.259999999999999964e+01
1.710000000000000142e+01
3.089999999999999858e+01
3.320000000000000284e+01
3.610000000000000142e+01
6.000000000000000000e+00
5.500000000000000000e+00
5.900000000000000355e+00
5.900000000000000355e+00
6.500000000000000000e+00
7.200000000000000178e+00
5.099999999999999645e+00
7.000000000000000000e+00
6.900000000000000355e+00
7.400000000000000355e+00
2.680000000000000071e+01
1.259999999999999964e+01
1.710000000000000142e+01
5.700000000000000178e+00
3.089999999999999858e+01
8.699999999999999289e+00
3.320000000000000284e+01
6.000000000000000000e+00
8.800000000000000711e+00
3.610000000000000142e+01
7.700000000000000178e+00
2.119999999999999929e+01
3.779999999999999716e+01
2.189999999999999858e+01
2.250000000000000000e+01
5.500000000000000000e+00
3.150000000000000000e+01
2.300000000000000000e+01
7.200000000000000178e+00
6.599999999999999645e+00
2.510000000000000142e+01
0.000000000000000000e+00
0.000000000000000000e+00
0.000000000000000000e+00
0.000000000000000000e+00
0.000000000000000000e+00
0.000000000000000000e+00
0.000000000000000000e+00
0.000000000000000000e+00
0.000000000000000000e+00
0.000000000000000000e+00
0.000000000000000000e+00
0.000000000000000000e+00
0.000000000000000000e+00
0.000000000000000000e+00
0.000000000000000000e+00
0.000000000000000000e+00
0.000000000000000000e+00
0.000000000000000000e+00
0.000000000000000000e+00
0.000000000000000000e+00
0.000000000000000000e+00
0.000000000000000000e+00
0.000000000000000000e+00
0.000000000000000000e+00
0.000000000000000000e+00
0.000000000000000000e+00
0.000000000000000000e+00
0.000000000000000000e+00
0.000000000000000000e+00
0.000000000000000000e+00
0.000000000000000000e+00
0.000000000000000000e+00
0.000000000000000000e+00
0.000000000000000000e+00
0.000000000000000000e+00
0.000000000000000000e+00
0.000000000000000000e+00
0.000000000000000000e+00
0.000000000000000000e+00
0.000000000000000000e+00
0.000000000000000000e+00
0.000000000000000000e+00
0.000000000000000000e+00
2.399999999999999911e+00
0.000000000000000000e+00
0.000000000000000000e+00
0.000000000000000000e+00
0.000000000000000000e+00
0.000000000000000000e+00
0.000000000000000000e+00
0.000000000000000000e+00
0.000000000000000000e+00
0.000000000000000000e+00
0.000000000000000000e+00
0.000000000000000000e+00
0.000000000000000000e+00
0.000000000000000000e+00
0.000000000000000000e+00
0.000000000000000000e+00
0.000000000000000000e+00
0.000000000000000000e+00
0.000000000000000000e+00
0.000000000000000000e+00
0.000000000000000000e+00
0.000000000000000000e+00
0.000000000000000000e+00
2.200000000000000178e+00
0.000000000000000000e+00
0.000000000000000000e+00
0.000000000000000000e+00
0.000000000000000000e+00
0.000000000000000000e+00
0.000000000000000000e+00
0.000000000000000000e+00
0.000000000000000000e+00
0.000000000000000000e+00
0.000000000000000000e+00
0.000000000000000000e+00
0.000000000000000000e+00
0.000000000000000000e+00
0.000000000000000000e+00
0.000000000000000000e+00
0.000000000000000000e+00
0.000000000000000000e+00
0.000000000000000000e+00
0.000000000000000000e+00
0.000000000000000000e+00
0.000000000000000000e+00
0.000000000000000000e+00
0.000000000000000000e+00
0.000000000000000000e+00
0.000000000000000000e+00
0.000000000000000000e+00
0.000000000000000000e+00
0.000000000000000000e+00
0.000000000000000000e+00
0.000000000000000000e+00
0.000000000000000000e+00
0.000000000000000000e+00
0.000000000000000000e+00
0.000000000000000000e+00
0.000000000000000000e+00
0.000000000000000000e+00
0.000000000000000000e+00
0.000000000000000000e+00
0.000000000000000000e+00
0.000000000000000000e+00
0.000000000000000000e+00
0.000000000000000000e+00
0.000000000000000000e+00
0.000000000000000000e+00
1.440000000000000036e+01
1.130000000000000071e+01
1.319999999999999929e+01
1.559999999999999964e+01
1.900000000000000000e+01
1.619999999999999929e+01
2.860000000000000142e+01
3.150000000000000000e+01
2.819999999999999929e+01
5.879999999999999716e+01
1.159999999999999964e+01
2.200000000000000000e+01
1.069999999999999929e+01
1.509999999999999964e+01
2.089999999999999858e+01
2.200000000000000000e+01
4.560000000000000142e+01
1.989999999999999858e+01
2.619999999999999929e+01
7.550000000000000000e+01
4.200000000000000000e+01
1.910000000000000142e+01
1.400000000000000000e+01
1.080000000000000071e+01
4.439999999999999858e+01
2.600000000000000000e+01
3.400000000000000000e+01
1.780000000000000071e+01
2.489999999999999858e+01
2.519999999999999929e+01
2.589999999999999858e+01
2.000000000000000000e+01
3.130000000000000071e+01
2.650000000000000000e+01
2.189999999999999858e+01
