1.939999999999999858e+01
4.200000000000000000e+01
3.620000000000000284e+01
6.120000000000000284e+01
6.050000000000000000e+01
1.969999999999999929e+01
2.250000000000000000e+01
5.820000000000000284e+01
6.120000000000000284e+01
2.700000000000000000e+01
5.820000000000000284e+01
6.120000000000000284e+01
2.700000000000000000e+01
3.130000000000000071e+01
2.650000000000000000e+01
4.229999999999999716e+01
2.769999999999999929e+01
2.100000000000000000e+01
4.400000000000000000e+01
2.400000000000000000e+01
3.300000000000000000e+01
3.350000000000000000e+01
4.150000000000000000e+01
2.930000000000000071e+01
3.779999999999999716e+01
2.889999999999999858e+01
2.269999999999999929e+01
4.870000000000000284e+01
4.910000000000000142e+01
5.820000000000000284e+01
6.120000000000000284e+01
2.700000000000000000e+01
3.130000000000000071e+01
2.650000000000000000e+01
4.229999999999999716e+01
2.769999999999999929e+01
2.100000000000000000e+01
4.400000000000000000e+01
2.400000000000000000e+01
3.300000000000000000e+01
3.350000000000000000e+01
4.150000000000000000e+01
2.930000000000000071e+01
3.779999999999999716e+01
2.269999999999999929e+01
4.870000000000000284e+01
4.910000000000000142e+01
