3.339999999999999858e+01
7.540000000000000568e+01
2.319999999999999929e+01
3.450000000000000000e+01
3.000000000000000000e+01
1.830000000000000071e+01
1.209999999999999964e+01
5.070000000000000284e+01
2.080000000000000071e+01
2.289999999999999858e+01
1.950000000000000000e+01
3.279999999999999716e+01
2.280000000000000071e+01
2.050000000000000000e+01
2.889999999999999858e+01
3.310000000000000142e+01
2.050000000000000000e+01
2.889999999999999858e+01
3.310000000000000142e+01
5.000000000000000000e+01
2.880000000000000071e+01
2.160000000000000142e+01
2.169999999999999929e+01
3.579999999999999716e+01
2.119999999999999929e+01
2.160000000000000142e+01
4.160000000000000142e+01
2.569999999999999929e+01
3.710000000000000142e+01
2.489999999999999858e+01
3.180000000000000071e+01
2.830000000000000071e+01
3.629999999999999716e+01
4.179999999999999716e+01
3.760000000000000142e+01
3.520000000000000284e+01
3.289999999999999858e+01
2.239999999999999858e+01
5.000000000000000000e+01
3.289999999999999858e+01
3.529999999999999716e+01
3.439999999999999858e+01
4.320000000000000284e+01
2.050000000000000000e+01
2.889999999999999858e+01
3.310000000000000142e+01
5.000000000000000000e+01
2.880000000000000071e+01
2.160000000000000142e+01
2.169999999999999929e+01
3.579999999999999716e+01
2.119999999999999929e+01
2.160000000000000142e+01
4.160000000000000142e+01
2.569999999999999929e+01
3.710000000000000142e+01
2.489999999999999858e+01
3.180000000000000071e+01
2.830000000000000071e+01
3.629999999999999716e+01
4.179999999999999716e+01
3.760000000000000142e+01
3.520000000000000284e+01
3.289999999999999858e+01
2.239999999999999858e+01
5.000000000000000000e+01
3.289999999999999858e+01
3.529999999999999716e+01
4.320000000000000284e+01
