3.010000000000000142e+01
2.089999999999999858e+01
1.950000000000000000e+01
1.269999999999999929e+01
3.579999999999999716e+01
3.670000000000000284e+01
1.109999999999999964e+01
2.960000000000000142e+01
2.200000000000000000e+01
4.239999999999999858e+01
1.660000000000000142e+01
2.469999999999999929e+01
8.000000000000000000e+00
5.200000000000000178e+00
8.800000000000000711e+00
6.299999999999999822e+00
7.200000000000000178e+00
1.109999999999999964e+01
2.960000000000000142e+01
2.200000000000000000e+01
4.239999999999999858e+01
2.469999999999999929e+01
6.000000000000000000e+00
6.099999999999999645e+00
4.539999999999999858e+01
3.570000000000000284e+01
0.000000000000000000e+00
0.000000000000000000e+00
0.000000000000000000e+00
0.000000000000000000e+00
0.000000000000000000e+00
3.399999999999999911e+00
0.000000000000000000e+00
0.000000000000000000e+00
0.000000000000000000e+00
0.000000000000000000e+00
0.000000000000000000e+00
0.000000000000000000e+00
0.000000000000000000e+00
0.000000000000000000e+00
0.000000000000000000e+00
0.000000000000000000e+00
0.000000000000000000e+00
0.000000000000000000e+00
0.000000000000000000e+00
4.500000000000000000e+00
0.000000000000000000e+00
0.000000000000000000e+00
0.000000000000000000e+00
1.619999999999999929e+01
1.800000000000000000e+01
1.850000000000000000e+01
1.009999999999999964e+01
3.119999999999999929e+01
1.209999999999999964e+01
3.289999999999999858e+01
4.310000000000000142e+01
3.420000000000000284e+01
2.430000000000000071e+01
2.460000000000000142e+01
3.250000000000000000e+01
1.980000000000000071e+01
1.180000000000000071e+01
