4.439999999999999858e+01
2.500000000000000000e+01
2.900000000000000000e+01
8.009999999999999432e+01
3.629999999999999716e+01
2.560000000000000142e+01
3.760000000000000142e+01
2.330000000000000071e+01
2.330000000000000071e+01
5.500000000000000000e+01
2.980000000000000071e+01
2.850000000000000000e+01
3.379999999999999716e+01
4.129999999999999716e+01
3.620000000000000284e+01
4.760000000000000142e+01
3.200000000000000000e+01
3.119999999999999929e+01
3.039999999999999858e+01
2.489999999999999858e+01
2.530000000000000071e+01
4.170000000000000284e+01
4.089999999999999858e+01
3.679999999999999716e+01
4.529999999999999716e+01
2.669999999999999929e+01
3.060000000000000142e+01
3.510000000000000142e+01
3.560000000000000142e+01
2.330000000000000071e+01
5.500000000000000000e+01
2.980000000000000071e+01
2.850000000000000000e+01
3.379999999999999716e+01
4.129999999999999716e+01
3.620000000000000284e+01
4.760000000000000142e+01
3.200000000000000000e+01
3.119999999999999929e+01
3.039999999999999858e+01
2.489999999999999858e+01
2.530000000000000071e+01
4.170000000000000284e+01
4.089999999999999858e+01
3.679999999999999716e+01
4.529999999999999716e+01
2.669999999999999929e+01
3.060000000000000142e+01
3.510000000000000142e+01
4.989999999999999858e+01
