6.070000000000000284e+01
3.260000000000000142e+01
1.739999999999999858e+01
2.250000000000000000e+01
2.389999999999999858e+01
1.569999999999999929e+01
2.530000000000000071e+01
2.919999999999999929e+01
2.900000000000000000e+01
4.420000000000000284e+01
1.880000000000000071e+01
2.530000000000000071e+01
2.919999999999999929e+01
2.900000000000000000e+01
4.420000000000000284e+01
5.370000000000000284e+01
2.950000000000000000e+01
3.870000000000000284e+01
2.410000000000000142e+01
2.060000000000000142e+01
2.010000000000000142e+01
2.180000000000000071e+01
2.030000000000000071e+01
4.170000000000000284e+01
3.520000000000000284e+01
3.320000000000000284e+01
2.450000000000000000e+01
4.129999999999999716e+01
5.460000000000000142e+01
5.460000000000000142e+01
2.289999999999999858e+01
4.170000000000000284e+01
5.820000000000000284e+01
2.469999999999999929e+01
4.720000000000000284e+01
5.239999999999999858e+01
2.110000000000000142e+01
3.850000000000000000e+01
3.800000000000000000e+01
2.819999999999999929e+01
3.420000000000000284e+01
2.580000000000000071e+01
4.150000000000000000e+01
2.530000000000000071e+01
2.619999999999999929e+01
3.339999999999999858e+01
2.530000000000000071e+01
2.919999999999999929e+01
2.900000000000000000e+01
4.420000000000000284e+01
5.370000000000000284e+01
2.950000000000000000e+01
3.870000000000000284e+01
2.410000000000000142e+01
2.060000000000000142e+01
2.010000000000000142e+01
2.180000000000000071e+01
2.030000000000000071e+01
4.170000000000000284e+01
3.520000000000000284e+01
3.320000000000000284e+01
2.450000000000000000e+01
4.129999999999999716e+01
5.460000000000000142e+01
5.460000000000000142e+01
2.289999999999999858e+01
4.170000000000000284e+01
5.820000000000000284e+01
2.469999999999999929e+01
4.720000000000000284e+01
5.239999999999999858e+01
2.110000000000000142e+01
3.850000000000000000e+01
3.800000000000000000e+01
2.819999999999999929e+01
3.420000000000000284e+01
2.580000000000000071e+01
4.150000000000000000e+01
2.530000000000000071e+01
2.619999999999999929e+01
3.339999999999999858e+01
