2.889999999999999858e+01
2.610000000000000142e+01
2.250000000000000000e+01
1.669999999999999929e+01
2.660000000000000142e+01
2.810000000000000142e+01
4.150000000000000000e+01
2.310000000000000142e+01
4.000000000000000000e+01
4.000000000000000000e+01
2.110000000000000142e+01
2.239999999999999858e+01
4.300000000000000000e+01
5.579999999999999716e+01
3.050000000000000000e+01
3.350000000000000000e+01
3.239999999999999858e+01
0.000000000000000000e+00
0.000000000000000000e+00
0.000000000000000000e+00
0.000000000000000000e+00
0.000000000000000000e+00
0.000000000000000000e+00
1.669999999999999929e+01
2.219999999999999929e+01
0.000000000000000000e+00
0.000000000000000000e+00
2.230000000000000071e+01
3.600000000000000000e+01
0.000000000000000000e+00
2.689999999999999858e+01
1.300000000000000044e+00
0.000000000000000000e+00
1.199999999999999956e+00
3.370000000000000284e+01
1.900000000000000000e+01
6.599999999999999645e+00
0.000000000000000000e+00
0.000000000000000000e+00
0.000000000000000000e+00
0.000000000000000000e+00
