2.810000000000000142e+01
6.229999999999999716e+01
2.939999999999999858e+01
1.400000000000000000e+01
3.829999999999999716e+01
4.060000000000000142e+01
6.500000000000000000e+01
6.039999999999999858e+01
3.989999999999999858e+01
2.769999999999999929e+01
3.150000000000000000e+01
1.159999999999999964e+01
3.739999999999999858e+01
2.060000000000000142e+01
1.080000000000000071e+01
3.450000000000000000e+01
3.450000000000000000e+01
2.019999999999999929e+01
2.289999999999999858e+01
2.830000000000000071e+01
5.050000000000000000e+01
4.729999999999999716e+01
2.460000000000000142e+01
3.189999999999999858e+01
3.460000000000000142e+01
3.910000000000000142e+01
3.360000000000000142e+01
4.500000000000000000e+01
3.119999999999999929e+01
3.289999999999999858e+01
2.030000000000000071e+01
4.670000000000000284e+01
2.669999999999999929e+01
2.530000000000000071e+01
3.660000000000000142e+01
2.660000000000000142e+01
3.450000000000000000e+01
2.019999999999999929e+01
2.289999999999999858e+01
2.830000000000000071e+01
5.050000000000000000e+01
4.729999999999999716e+01
2.460000000000000142e+01
3.189999999999999858e+01
3.460000000000000142e+01
3.910000000000000142e+01
3.360000000000000142e+01
4.500000000000000000e+01
3.119999999999999929e+01
3.289999999999999858e+01
2.030000000000000071e+01
4.670000000000000284e+01
2.669999999999999929e+01
2.530000000000000071e+01
3.660000000000000142e+01
2.660000000000000142e+01
