2.500000000000000000e+01
4.120000000000000284e+01
4.089999999999999858e+01
2.200000000000000000e+01
2.610000000000000142e+01
3.529999999999999716e+01
5.900000000000000355e+00
6.299999999999999822e+00
6.599999999999999645e+00
7.099999999999999645e+00
0.000000000000000000e+00
0.000000000000000000e+00
0.000000000000000000e+00
0.000000000000000000e+00
0.000000000000000000e+00
1.880000000000000071e+01
1.040000000000000036e+01
3.160000000000000142e+01
3.960000000000000142e+01
3.080000000000000071e+01
2.210000000000000142e+01
2.139999999999999858e+01
