1.780000000000000071e+01
2.010000000000000142e+01
4.170000000000000284e+01
1.700000000000000000e+01
2.039999999999999858e+01
1.730000000000000071e+01
2.989999999999999858e+01
2.330000000000000071e+01
4.720000000000000284e+01
2.389999999999999858e+01
3.710000000000000142e+01
3.720000000000000284e+01
2.369999999999999929e+01
1.910000000000000142e+01
5.350000000000000000e+01
2.789999999999999858e+01
1.650000000000000000e+01
4.920000000000000284e+01
3.329999999999999716e+01
3.000000000000000000e+01
1.009999999999999964e+01
2.780000000000000071e+01
1.980000000000000071e+01
3.379999999999999716e+01
3.850000000000000000e+01
7.299999999999999822e+00
6.000000000000000000e+00
9.400000000000000355e+00
7.000000000000000000e+00
1.009999999999999964e+01
2.780000000000000071e+01
1.980000000000000071e+01
3.379999999999999716e+01
3.850000000000000000e+01
6.900000000000000355e+00
2.410000000000000142e+01
3.910000000000000142e+01
2.269999999999999929e+01
2.799999999999999822e+00
0.000000000000000000e+00
0.000000000000000000e+00
0.000000000000000000e+00
0.000000000000000000e+00
0.000000000000000000e+00
0.000000000000000000e+00
0.000000000000000000e+00
0.000000000000000000e+00
0.000000000000000000e+00
1.199999999999999956e+00
0.000000000000000000e+00
0.000000000000000000e+00
0.000000000000000000e+00
0.000000000000000000e+00
0.000000000000000000e+00
0.000000000000000000e+00
0.000000000000000000e+00
0.000000000000000000e+00
0.000000000000000000e+00
0.000000000000000000e+00
0.000000000000000000e+00
2.999999999999999889e-01
0.000000000000000000e+00
3.899999999999999911e+00
0.000000000000000000e+00
0.000000000000000000e+00
0.000000000000000000e+00
0.000000000000000000e+00
0.000000000000000000e+00
2.000000000000000111e-01
0.000000000000000000e+00
0.000000000000000000e+00
0.000000000000000000e+00
0.000000000000000000e+00
2.399999999999999911e+00
0.000000000000000000e+00
0.000000000000000000e+00
0.000000000000000000e+00
3.700000000000000178e+00
0.000000000000000000e+00
1.980000000000000071e+01
2.580000000000000071e+01
3.050000000000000000e+01
2.189999999999999858e+01
2.130000000000000071e+01
2.519999999999999929e+01
5.120000000000000284e+01
1.209999999999999964e+01
4.139999999999999858e+01
1.369999999999999929e+01
3.110000000000000142e+01
1.719999999999999929e+01
2.769999999999999929e+01
3.829999999999999716e+01
2.360000000000000142e+01
2.919999999999999929e+01
1.969999999999999929e+01
2.839999999999999858e+01
