6.010000000000000142e+01
2.510000000000000142e+01
1.669999999999999929e+01
3.320000000000000284e+01
3.010000000000000142e+01
1.739999999999999858e+01
2.539999999999999858e+01
2.450000000000000000e+01
5.200000000000000000e+01
4.110000000000000142e+01
1.989999999999999858e+01
3.900000000000000000e+01
1.209999999999999964e+01
3.720000000000000284e+01
2.819999999999999929e+01
1.490000000000000036e+01
6.220000000000000284e+01
3.560000000000000142e+01
1.009999999999999964e+01
1.980000000000000071e+01
1.330000000000000071e+01
3.189999999999999858e+01
6.160000000000000142e+01
1.350000000000000000e+01
6.360000000000000142e+01
9.400000000000000355e+00
6.700000000000000178e+00
6.299999999999999822e+00
7.000000000000000000e+00
7.700000000000000178e+00
3.189999999999999858e+01
6.160000000000000142e+01
1.350000000000000000e+01
6.360000000000000142e+01
3.250000000000000000e+01
1.910000000000000142e+01
5.060000000000000142e+01
2.100000000000000000e+01
2.739999999999999858e+01
6.409999999999999432e+01
2.510000000000000142e+01
9.300000000000000711e+00
2.919999999999999929e+01
2.389999999999999858e+01
6.250000000000000000e+01
2.580000000000000071e+01
3.189999999999999858e+01
6.160000000000000142e+01
6.360000000000000142e+01
3.250000000000000000e+01
5.060000000000000142e+01
2.100000000000000000e+01
2.739999999999999858e+01
6.409999999999999432e+01
2.510000000000000142e+01
2.919999999999999929e+01
2.389999999999999858e+01
6.250000000000000000e+01
2.580000000000000071e+01
3.000000000000000000e+01
2.169999999999999929e+01
2.319999999999999929e+01
9.359999999999999432e+01
3.450000000000000000e+01
2.480000000000000071e+01
2.719999999999999929e+01
5.170000000000000284e+01
2.250000000000000000e+01
3.239999999999999858e+01
1.350000000000000000e+01
1.910000000000000142e+01
1.910000000000000142e+01
2.169999999999999929e+01
2.319999999999999929e+01
9.359999999999999432e+01
3.450000000000000000e+01
2.480000000000000071e+01
2.719999999999999929e+01
5.170000000000000284e+01
2.250000000000000000e+01
3.239999999999999858e+01
1.580000000000000071e+01
1.380000000000000071e+01
2.900000000000000000e+01
2.750000000000000000e+01
