2.439999999999999858e+01
4.220000000000000284e+01
3.789999999999999858e+01
3.900000000000000000e+01
3.479999999999999716e+01
1.680000000000000071e+01
2.730000000000000071e+01
4.700000000000000000e+01
2.569999999999999929e+01
1.040000000000000036e+01
3.010000000000000142e+01
2.400000000000000000e+01
1.340000000000000036e+01
2.680000000000000071e+01
3.180000000000000071e+01
5.279999999999999716e+01
3.589999999999999858e+01
3.080000000000000071e+01
4.739999999999999858e+01
1.750000000000000000e+01
