3.030000000000000071e+01
1.900000000000000000e+01
2.160000000000000142e+01
4.639999999999999858e+01
3.250000000000000000e+01
2.439999999999999858e+01
2.500000000000000000e+01
2.080000000000000071e+01
5.250000000000000000e+01
2.289999999999999858e+01
2.750000000000000000e+01
3.130000000000000071e+01
7.079999999999999716e+01
3.760000000000000142e+01
2.600000000000000000e+01
1.450000000000000000e+01
3.100000000000000000e+01
2.550000000000000000e+01
2.289999999999999858e+01
2.750000000000000000e+01
3.130000000000000071e+01
7.079999999999999716e+01
3.760000000000000142e+01
2.600000000000000000e+01
3.100000000000000000e+01
2.550000000000000000e+01
2.589999999999999858e+01
6.670000000000000284e+01
3.320000000000000284e+01
2.110000000000000142e+01
2.830000000000000071e+01
3.350000000000000000e+01
2.100000000000000000e+01
3.479999999999999716e+01
3.010000000000000142e+01
2.130000000000000071e+01
3.210000000000000142e+01
3.639999999999999858e+01
4.000000000000000000e+01
2.700000000000000000e+01
2.119999999999999929e+01
2.210000000000000142e+01
3.289999999999999858e+01
2.560000000000000142e+01
3.910000000000000142e+01
3.030000000000000071e+01
4.389999999999999858e+01
2.380000000000000071e+01
3.679999999999999716e+01
0.000000000000000000e+00
4.000000000000000222e-01
0.000000000000000000e+00
4.599999999999999645e+00
0.000000000000000000e+00
0.000000000000000000e+00
3.799999999999999822e+00
0.000000000000000000e+00
0.000000000000000000e+00
0.000000000000000000e+00
2.000000000000000000e+01
0.000000000000000000e+00
0.000000000000000000e+00
0.000000000000000000e+00
0.000000000000000000e+00
0.000000000000000000e+00
4.529999999999999716e+01
0.000000000000000000e+00
7.099999999999999645e+00
0.000000000000000000e+00
0.000000000000000000e+00
0.000000000000000000e+00
0.000000000000000000e+00
0.000000000000000000e+00
0.000000000000000000e+00
0.000000000000000000e+00
0.000000000000000000e+00
6.500000000000000000e+00
0.000000000000000000e+00
7.799999999999999822e+00
0.000000000000000000e+00
0.000000000000000000e+00
0.000000000000000000e+00
0.000000000000000000e+00
0.000000000000000000e+00
0.000000000000000000e+00
0.000000000000000000e+00
0.000000000000000000e+00
0.000000000000000000e+00
1.199999999999999956e+00
7.700000000000000178e+00
