1.969999999999999929e+01
1.660000000000000142e+01
1.660000000000000142e+01
2.469999999999999929e+01
3.670000000000000284e+01
1.040000000000000036e+01
2.880000000000000071e+01
2.069999999999999929e+01
3.700000000000000000e+01
3.739999999999999858e+01
1.469999999999999929e+01
2.630000000000000071e+01
2.119999999999999929e+01
2.950000000000000000e+01
2.830000000000000071e+01
1.989999999999999858e+01
1.319999999999999929e+01
3.989999999999999858e+01
2.289999999999999858e+01
3.379999999999999716e+01
