3.180000000000000071e+01
1.530000000000000071e+01
2.019999999999999929e+01
1.769999999999999929e+01
2.010000000000000142e+01
2.380000000000000071e+01
1.530000000000000071e+01
3.500000000000000000e+01
3.779999999999999716e+01
5.020000000000000284e+01
2.900000000000000000e+01
1.130000000000000071e+01
2.960000000000000142e+01
2.900000000000000000e+01
6.360000000000000142e+01
2.030000000000000071e+01
2.480000000000000071e+01
1.900000000000000000e+01
2.230000000000000071e+01
3.579999999999999716e+01
7.400000000000000355e+00
6.500000000000000000e+00
2.480000000000000071e+01
1.900000000000000000e+01
2.230000000000000071e+01
3.579999999999999716e+01
2.480000000000000071e+01
3.229999999999999716e+01
2.419999999999999929e+01
8.000000000000000000e+00
5.000000000000000000e+00
6.250000000000000000e+01
8.699999999999999289e+00
2.319999999999999929e+01
7.299999999999999822e+00
1.000000000000000000e+01
3.679999999999999716e+01
2.300000000000000000e+01
1.069999999999999929e+01
1.830000000000000071e+01
2.950000000000000000e+01
1.839999999999999858e+01
7.200000000000000178e+00
1.459999999999999964e+01
2.089999999999999858e+01
2.289999999999999858e+01
2.719999999999999929e+01
3.050000000000000000e+01
5.200000000000000178e+00
9.699999999999999289e+00
4.000000000000000000e+01
2.480000000000000071e+01
3.579999999999999716e+01
2.480000000000000071e+01
3.229999999999999716e+01
2.419999999999999929e+01
6.250000000000000000e+01
2.319999999999999929e+01
3.679999999999999716e+01
2.300000000000000000e+01
2.950000000000000000e+01
2.089999999999999858e+01
2.289999999999999858e+01
2.719999999999999929e+01
3.050000000000000000e+01
4.000000000000000000e+01
3.739999999999999858e+01
2.919999999999999929e+01
2.810000000000000142e+01
2.350000000000000000e+01
2.630000000000000071e+01
5.850000000000000000e+01
2.830000000000000071e+01
2.660000000000000142e+01
3.639999999999999858e+01
4.789999999999999858e+01
3.770000000000000284e+01
5.820000000000000284e+01
2.169999999999999929e+01
2.500000000000000000e+01
3.110000000000000142e+01
1.900000000000000000e+01
1.000000000000000000e+01
1.069999999999999929e+01
1.830000000000000071e+01
1.839999999999999858e+01
1.459999999999999964e+01
1.440000000000000036e+01
2.919999999999999929e+01
2.810000000000000142e+01
2.350000000000000000e+01
2.630000000000000071e+01
1.509999999999999964e+01
5.850000000000000000e+01
2.830000000000000071e+01
2.660000000000000142e+01
3.639999999999999858e+01
4.789999999999999858e+01
3.770000000000000284e+01
1.630000000000000071e+01
5.820000000000000284e+01
2.169999999999999929e+01
2.500000000000000000e+01
3.110000000000000142e+01
5.070000000000000284e+01
3.339999999999999858e+01
3.879999999999999716e+01
2.919999999999999929e+01
6.609999999999999432e+01
