4.089999999999999858e+01
2.700000000000000000e+01
1.450000000000000000e+01
7.229999999999999716e+01
3.670000000000000284e+01
2.100000000000000000e+01
2.569999999999999929e+01
3.879999999999999716e+01
1.669999999999999929e+01
3.889999999999999858e+01
4.770000000000000284e+01
2.110000000000000142e+01
9.459999999999999432e+01
2.260000000000000142e+01
6.529999999999999716e+01
4.800000000000000000e+01
3.420000000000000284e+01
1.359999999999999964e+01
2.280000000000000071e+01
1.130000000000000071e+01
6.529999999999999716e+01
4.800000000000000000e+01
3.420000000000000284e+01
2.280000000000000071e+01
6.659999999999999432e+01
2.250000000000000000e+01
2.819999999999999929e+01
3.429999999999999716e+01
2.550000000000000000e+01
3.560000000000000142e+01
2.880000000000000071e+01
3.169999999999999929e+01
3.339999999999999858e+01
3.610000000000000142e+01
4.320000000000000284e+01
4.260000000000000142e+01
2.160000000000000142e+01
2.239999999999999858e+01
2.850000000000000000e+01
3.019999999999999929e+01
3.429999999999999716e+01
2.789999999999999858e+01
2.760000000000000142e+01
4.100000000000000000e+01
2.069999999999999929e+01
2.280000000000000071e+01
2.080000000000000071e+01
2.189999999999999858e+01
3.460000000000000142e+01
4.210000000000000142e+01
3.689999999999999858e+01
3.160000000000000142e+01
2.219999999999999929e+01
2.380000000000000071e+01
6.529999999999999716e+01
4.800000000000000000e+01
3.420000000000000284e+01
6.659999999999999432e+01
2.250000000000000000e+01
2.819999999999999929e+01
3.429999999999999716e+01
2.550000000000000000e+01
3.560000000000000142e+01
2.880000000000000071e+01
3.169999999999999929e+01
3.339999999999999858e+01
3.610000000000000142e+01
4.320000000000000284e+01
4.260000000000000142e+01
2.160000000000000142e+01
2.239999999999999858e+01
2.850000000000000000e+01
3.019999999999999929e+01
3.429999999999999716e+01
2.789999999999999858e+01
2.760000000000000142e+01
4.100000000000000000e+01
2.069999999999999929e+01
2.080000000000000071e+01
2.189999999999999858e+01
3.460000000000000142e+01
4.210000000000000142e+01
3.689999999999999858e+01
3.160000000000000142e+01
2.219999999999999929e+01
2.380000000000000071e+01
4.010000000000000142e+01
