5.139999999999999858e+01
1.780000000000000071e+01
3.220000000000000284e+01
1.600000000000000000e+01
2.869999999999999929e+01
4.550000000000000000e+01
3.639999999999999858e+01
1.240000000000000036e+01
4.450000000000000000e+01
1.639999999999999858e+01
1.600000000000000000e+01
1.780000000000000071e+01
2.530000000000000071e+01
2.530000000000000071e+01
2.410000000000000142e+01
2.569999999999999929e+01
3.529999999999999716e+01
3.420000000000000284e+01
3.239999999999999858e+01
4.829999999999999716e+01
4.789999999999999858e+01
3.779999999999999716e+01
2.019999999999999929e+01
4.670000000000000284e+01
2.010000000000000142e+01
3.119999999999999929e+01
2.039999999999999858e+01
2.819999999999999929e+01
2.310000000000000142e+01
3.689999999999999858e+01
4.120000000000000284e+01
2.130000000000000071e+01
3.470000000000000284e+01
3.529999999999999716e+01
0.000000000000000000e+00
0.000000000000000000e+00
0.000000000000000000e+00
0.000000000000000000e+00
0.000000000000000000e+00
1.059999999999999964e+01
2.000000000000000000e+01
0.000000000000000000e+00
0.000000000000000000e+00
4.339999999999999858e+01
0.000000000000000000e+00
0.000000000000000000e+00
0.000000000000000000e+00
0.000000000000000000e+00
3.329999999999999716e+01
0.000000000000000000e+00
0.000000000000000000e+00
5.299999999999999822e+00
2.089999999999999858e+01
2.799999999999999822e+00
0.000000000000000000e+00
8.599999999999999645e+00
2.610000000000000142e+01
