1.140000000000000036e+01
1.630000000000000071e+01
1.259999999999999964e+01
1.930000000000000071e+01
3.570000000000000284e+01
2.960000000000000142e+01
5.299999999999999822e+00
6.900000000000000355e+00
8.599999999999999645e+00
6.200000000000000178e+00
9.400000000000000355e+00
7.599999999999999645e+00
6.700000000000000178e+00
9.500000000000000000e+00
5.299999999999999822e+00
5.200000000000000178e+00
2.230000000000000071e+01
4.489999999999999858e+01
6.570000000000000284e+01
6.799999999999999822e+00
1.819999999999999929e+01
3.550000000000000000e+01
7.099999999999999645e+00
7.299999999999999822e+00
4.210000000000000142e+01
6.799999999999999822e+00
8.590000000000000568e+01
2.660000000000000142e+01
5.099999999999999645e+00
4.070000000000000284e+01
3.650000000000000000e+01
2.230000000000000071e+01
4.489999999999999858e+01
6.570000000000000284e+01
3.550000000000000000e+01
4.210000000000000142e+01
8.590000000000000568e+01
2.660000000000000142e+01
4.070000000000000284e+01
3.650000000000000000e+01
4.010000000000000142e+01
3.570000000000000284e+01
2.950000000000000000e+01
5.420000000000000284e+01
