6.039999999999999858e+01
3.520000000000000284e+01
6.720000000000000284e+01
7.840000000000000568e+01
2.819999999999999929e+01
2.860000000000000142e+01
3.760000000000000142e+01
1.230000000000000071e+01
1.269999999999999929e+01
2.319999999999999929e+01
3.760000000000000142e+01
2.439999999999999858e+01
1.300000000000000000e+01
5.410000000000000142e+01
6.160000000000000142e+01
3.529999999999999716e+01
8.690000000000000568e+01
3.050000000000000000e+01
8.170000000000000284e+01
4.750000000000000000e+01
4.239999999999999858e+01
