3.160000000000000142e+01
2.000000000000000000e+01
3.169999999999999929e+01
3.760000000000000142e+01
3.189999999999999858e+01
3.570000000000000284e+01
2.619999999999999929e+01
4.210000000000000142e+01
2.460000000000000142e+01
3.370000000000000284e+01
5.779999999999999716e+01
2.730000000000000071e+01
3.760000000000000142e+01
3.069999999999999929e+01
3.889999999999999858e+01
4.000000000000000000e+01
4.229999999999999716e+01
2.630000000000000071e+01
2.810000000000000142e+01
2.269999999999999929e+01
2.800000000000000000e+01
2.339999999999999858e+01
2.210000000000000142e+01
2.460000000000000142e+01
3.370000000000000284e+01
2.339999999999999858e+01
3.670000000000000284e+01
2.850000000000000000e+01
3.789999999999999858e+01
0.000000000000000000e+00
0.000000000000000000e+00
0.000000000000000000e+00
0.000000000000000000e+00
0.000000000000000000e+00
0.000000000000000000e+00
0.000000000000000000e+00
8.699999999999999289e+00
0.000000000000000000e+00
0.000000000000000000e+00
2.339999999999999858e+01
0.000000000000000000e+00
3.770000000000000284e+01
3.829999999999999716e+01
2.460000000000000142e+01
3.370000000000000284e+01
2.339999999999999858e+01
3.670000000000000284e+01
2.850000000000000000e+01
3.789999999999999858e+01
