3.879999999999999716e+01
5.979999999999999716e+01
2.360000000000000142e+01
3.320000000000000284e+01
1.569999999999999929e+01
3.479999999999999716e+01
2.500000000000000000e+01
3.239999999999999858e+01
3.689999999999999858e+01
2.739999999999999858e+01
2.869999999999999929e+01
3.320000000000000284e+01
2.219999999999999929e+01
3.389999999999999858e+01
1.730000000000000071e+01
3.389999999999999858e+01
7.540000000000000568e+01
3.100000000000000000e+01
3.979999999999999716e+01
3.439999999999999858e+01
4.739999999999999858e+01
3.879999999999999716e+01
2.050000000000000000e+01
5.820000000000000284e+01
2.660000000000000142e+01
3.839999999999999858e+01
2.760000000000000142e+01
2.860000000000000142e+01
3.550000000000000000e+01
3.729999999999999716e+01
3.720000000000000284e+01
0.000000000000000000e+00
2.560000000000000142e+01
0.000000000000000000e+00
0.000000000000000000e+00
0.000000000000000000e+00
0.000000000000000000e+00
0.000000000000000000e+00
0.000000000000000000e+00
0.000000000000000000e+00
0.000000000000000000e+00
0.000000000000000000e+00
0.000000000000000000e+00
0.000000000000000000e+00
3.639999999999999858e+01
0.000000000000000000e+00
0.000000000000000000e+00
0.000000000000000000e+00
4.000000000000000000e+00
3.500000000000000000e+01
0.000000000000000000e+00
0.000000000000000000e+00
4.389999999999999858e+01
0.000000000000000000e+00
