3.239999999999999858e+01
2.169999999999999929e+01
1.459999999999999964e+01
3.110000000000000142e+01
6.010000000000000142e+01
2.319999999999999929e+01
1.200000000000000000e+01
2.480000000000000071e+01
3.239999999999999858e+01
1.760000000000000142e+01
2.960000000000000142e+01
2.610000000000000142e+01
1.209999999999999964e+01
1.780000000000000071e+01
5.210000000000000142e+01
2.330000000000000071e+01
3.220000000000000284e+01
5.150000000000000000e+01
4.179999999999999716e+01
4.339999999999999858e+01
3.130000000000000071e+01
3.189999999999999858e+01
3.650000000000000000e+01
5.400000000000000000e+01
1.950000000000000000e+01
1.009999999999999964e+01
1.930000000000000071e+01
3.100000000000000000e+01
2.200000000000000000e+01
2.039999999999999858e+01
1.050000000000000000e+01
2.689999999999999858e+01
2.469999999999999929e+01
2.539999999999999858e+01
2.900000000000000000e+01
1.109999999999999964e+01
2.850000000000000000e+01
4.160000000000000142e+01
3.339999999999999858e+01
3.710000000000000142e+01
1.519999999999999929e+01
2.469999999999999929e+01
2.060000000000000142e+01
3.760000000000000142e+01
3.050000000000000000e+01
6.700000000000000178e+00
8.199999999999999289e+00
9.500000000000000000e+00
7.000000000000000000e+00
8.400000000000000355e+00
8.099999999999999645e+00
6.099999999999999645e+00
8.000000000000000000e+00
5.400000000000000355e+00
5.599999999999999645e+00
8.500000000000000000e+00
8.300000000000000711e+00
8.000000000000000000e+00
8.599999999999999645e+00
7.000000000000000000e+00
7.599999999999999645e+00
8.900000000000000355e+00
9.900000000000000355e+00
7.700000000000000178e+00
6.400000000000000355e+00
2.689999999999999858e+01
2.469999999999999929e+01
2.539999999999999858e+01
2.900000000000000000e+01
1.109999999999999964e+01
2.850000000000000000e+01
4.160000000000000142e+01
5.200000000000000178e+00
3.339999999999999858e+01
3.710000000000000142e+01
1.519999999999999929e+01
2.469999999999999929e+01
2.060000000000000142e+01
7.700000000000000178e+00
3.760000000000000142e+01
3.050000000000000000e+01
1.730000000000000071e+01
4.300000000000000000e+01
2.919999999999999929e+01
3.829999999999999716e+01
2.639999999999999858e+01
2.730000000000000071e+01
3.770000000000000284e+01
2.360000000000000142e+01
1.400000000000000000e+01
1.660000000000000142e+01
1.190000000000000036e+01
2.819999999999999929e+01
3.429999999999999716e+01
3.389999999999999858e+01
9.500000000000000000e+00
3.510000000000000142e+01
9.000000000000000000e+00
3.529999999999999716e+01
2.930000000000000071e+01
4.000000000000000000e+01
7.700000000000000178e+00
1.739999999999999858e+01
7.599999999999999645e+00
5.799999999999999822e+00
3.030000000000000071e+01
2.989999999999999858e+01
3.080000000000000071e+01
8.199999999999999289e+00
2.000000000000000000e+01
6.299999999999999822e+00
4.350000000000000000e+01
2.380000000000000071e+01
3.460000000000000142e+01
4.200000000000000000e+01
2.169999999999999929e+01
4.460000000000000142e+01
1.500000000000000000e+01
6.500000000000000000e+00
2.089999999999999858e+01
3.439999999999999858e+01
3.839999999999999858e+01
2.250000000000000000e+01
2.100000000000000000e+01
5.450000000000000000e+01
3.250000000000000000e+01
8.699999999999999289e+00
2.050000000000000000e+01
3.119999999999999929e+01
4.300000000000000000e+01
9.500000000000000000e+00
3.239999999999999858e+01
3.620000000000000284e+01
1.140000000000000036e+01
1.150000000000000000e+01
7.500000000000000000e+00
1.550000000000000000e+01
3.229999999999999716e+01
1.480000000000000071e+01
2.900000000000000000e+01
2.650000000000000000e+01
1.930000000000000071e+01
2.300000000000000000e+01
2.539999999999999858e+01
3.779999999999999716e+01
2.169999999999999929e+01
1.409999999999999964e+01
1.500000000000000000e+01
1.730000000000000071e+01
2.869999999999999929e+01
3.339999999999999858e+01
6.299999999999999822e+00
1.290000000000000036e+01
3.539999999999999858e+01
2.619999999999999929e+01
5.299999999999999822e+00
4.239999999999999858e+01
2.380000000000000071e+01
2.060000000000000142e+01
2.689999999999999858e+01
2.469999999999999929e+01
2.539999999999999858e+01
2.900000000000000000e+01
2.850000000000000000e+01
4.160000000000000142e+01
3.339999999999999858e+01
3.710000000000000142e+01
2.469999999999999929e+01
2.060000000000000142e+01
3.760000000000000142e+01
3.050000000000000000e+01
4.300000000000000000e+01
2.919999999999999929e+01
3.829999999999999716e+01
2.639999999999999858e+01
2.730000000000000071e+01
3.770000000000000284e+01
2.360000000000000142e+01
2.819999999999999929e+01
3.429999999999999716e+01
3.389999999999999858e+01
3.510000000000000142e+01
3.529999999999999716e+01
2.930000000000000071e+01
4.000000000000000000e+01
3.030000000000000071e+01
2.989999999999999858e+01
3.080000000000000071e+01
2.000000000000000000e+01
4.350000000000000000e+01
2.380000000000000071e+01
3.460000000000000142e+01
4.200000000000000000e+01
2.169999999999999929e+01
4.460000000000000142e+01
2.089999999999999858e+01
3.439999999999999858e+01
3.839999999999999858e+01
2.250000000000000000e+01
2.100000000000000000e+01
5.450000000000000000e+01
3.250000000000000000e+01
2.050000000000000000e+01
3.119999999999999929e+01
4.300000000000000000e+01
3.239999999999999858e+01
3.620000000000000284e+01
3.229999999999999716e+01
2.900000000000000000e+01
2.650000000000000000e+01
2.300000000000000000e+01
2.539999999999999858e+01
3.779999999999999716e+01
2.169999999999999929e+01
2.869999999999999929e+01
3.339999999999999858e+01
3.539999999999999858e+01
2.619999999999999929e+01
4.239999999999999858e+01
2.380000000000000071e+01
2.060000000000000142e+01
3.560000000000000142e+01
3.270000000000000284e+01
3.229999999999999716e+01
3.610000000000000142e+01
4.929999999999999716e+01
3.300000000000000000e+01
3.279999999999999716e+01
2.750000000000000000e+01
3.510000000000000142e+01
4.029999999999999716e+01
4.910000000000000142e+01
4.470000000000000284e+01
2.069999999999999929e+01
2.180000000000000071e+01
4.139999999999999858e+01
2.439999999999999858e+01
2.889999999999999858e+01
2.039999999999999858e+01
2.219999999999999929e+01
3.670000000000000284e+01
1.109999999999999964e+01
1.519999999999999929e+01
1.730000000000000071e+01
1.400000000000000000e+01
1.660000000000000142e+01
1.190000000000000036e+01
1.739999999999999858e+01
1.500000000000000000e+01
1.140000000000000036e+01
1.150000000000000000e+01
1.550000000000000000e+01
1.480000000000000071e+01
1.930000000000000071e+01
1.409999999999999964e+01
1.500000000000000000e+01
1.730000000000000071e+01
1.290000000000000036e+01
1.860000000000000142e+01
3.610000000000000142e+01
4.929999999999999716e+01
3.300000000000000000e+01
3.279999999999999716e+01
2.750000000000000000e+01
3.510000000000000142e+01
4.029999999999999716e+01
4.910000000000000142e+01
4.470000000000000284e+01
2.069999999999999929e+01
1.819999999999999929e+01
2.180000000000000071e+01
1.930000000000000071e+01
4.139999999999999858e+01
2.439999999999999858e+01
2.889999999999999858e+01
1.019999999999999929e+01
1.030000000000000071e+01
2.039999999999999858e+01
2.219999999999999929e+01
3.670000000000000284e+01
3.520000000000000284e+01
1.600000000000000000e+01
3.739999999999999858e+01
3.400000000000000000e+01
3.260000000000000142e+01
3.910000000000000142e+01
3.260000000000000142e+01
3.429999999999999716e+01
1.290000000000000036e+01
2.189999999999999858e+01
3.589999999999999858e+01
2.160000000000000142e+01
1.689999999999999858e+01
3.289999999999999858e+01
3.889999999999999858e+01
2.369999999999999929e+01
2.930000000000000071e+01
2.010000000000000142e+01
2.750000000000000000e+01
