5.079999999999999716e+01
2.480000000000000071e+01
4.229999999999999716e+01
2.269999999999999929e+01
4.570000000000000284e+01
5.979999999999999716e+01
3.639999999999999858e+01
3.239999999999999858e+01
7.640000000000000568e+01
3.229999999999999716e+01
3.839999999999999858e+01
5.070000000000000284e+01
4.560000000000000142e+01
7.109999999999999432e+01
8.159999999999999432e+01
4.729999999999999716e+01
4.570000000000000284e+01
2.800000000000000000e+01
3.069999999999999929e+01
5.629999999999999716e+01
3.350000000000000000e+01
3.180000000000000071e+01
5.239999999999999858e+01
3.910000000000000142e+01
2.850000000000000000e+01
3.550000000000000000e+01
2.460000000000000142e+01
3.870000000000000284e+01
8.179999999999999716e+01
4.460000000000000142e+01
3.110000000000000142e+01
3.679999999999999716e+01
3.870000000000000284e+01
3.760000000000000142e+01
4.150000000000000000e+01
4.150000000000000000e+01
4.150000000000000000e+01
2.460000000000000142e+01
3.760000000000000142e+01
6.959999999999999432e+01
3.130000000000000071e+01
2.380000000000000071e+01
3.060000000000000142e+01
