2.260000000000000142e+01
4.139999999999999858e+01
1.880000000000000071e+01
1.200000000000000000e+01
2.410000000000000142e+01
5.079999999999999716e+01
3.030000000000000071e+01
2.600000000000000000e+01
3.100000000000000000e+01
2.489999999999999858e+01
2.439999999999999858e+01
3.060000000000000142e+01
2.280000000000000071e+01
3.929999999999999716e+01
3.019999999999999929e+01
6.599999999999999645e+00
8.300000000000000711e+00
8.500000000000000000e+00
9.800000000000000711e+00
5.900000000000000355e+00
9.500000000000000000e+00
2.280000000000000071e+01
3.929999999999999716e+01
3.019999999999999929e+01
2.410000000000000142e+01
1.150000000000000000e+01
6.099999999999999645e+00
9.000000000000000000e+00
0.000000000000000000e+00
0.000000000000000000e+00
0.000000000000000000e+00
0.000000000000000000e+00
0.000000000000000000e+00
0.000000000000000000e+00
0.000000000000000000e+00
0.000000000000000000e+00
0.000000000000000000e+00
0.000000000000000000e+00
1.699999999999999956e+00
0.000000000000000000e+00
0.000000000000000000e+00
0.000000000000000000e+00
0.000000000000000000e+00
0.000000000000000000e+00
0.000000000000000000e+00
0.000000000000000000e+00
0.000000000000000000e+00
0.000000000000000000e+00
0.000000000000000000e+00
0.000000000000000000e+00
0.000000000000000000e+00
0.000000000000000000e+00
0.000000000000000000e+00
0.000000000000000000e+00
0.000000000000000000e+00
0.000000000000000000e+00
0.000000000000000000e+00
0.000000000000000000e+00
0.000000000000000000e+00
0.000000000000000000e+00
2.799999999999999822e+00
0.000000000000000000e+00
1.540000000000000036e+01
3.200000000000000000e+01
2.430000000000000071e+01
6.200000000000000000e+01
3.389999999999999858e+01
3.739999999999999858e+01
3.770000000000000284e+01
2.500000000000000000e+01
