1.989999999999999858e+01
2.080000000000000071e+01
4.470000000000000284e+01
7.259999999999999432e+01
2.350000000000000000e+01
3.760000000000000142e+01
3.470000000000000284e+01
2.830000000000000071e+01
5.970000000000000284e+01
3.760000000000000142e+01
3.550000000000000000e+01
4.010000000000000142e+01
2.760000000000000142e+01
6.060000000000000142e+01
6.990000000000000568e+01
3.670000000000000284e+01
7.159999999999999432e+01
5.820000000000000284e+01
1.200000000000000000e+01
2.269999999999999929e+01
4.379999999999999716e+01
3.529999999999999716e+01
2.030000000000000071e+01
3.550000000000000000e+01
5.429999999999999716e+01
1.359999999999999964e+01
2.750000000000000000e+01
3.119999999999999929e+01
2.369999999999999929e+01
2.360000000000000142e+01
2.839999999999999858e+01
4.089999999999999858e+01
2.369999999999999929e+01
3.200000000000000000e+01
4.529999999999999716e+01
9.379999999999999716e+01
3.839999999999999858e+01
3.660000000000000142e+01
2.819999999999999929e+01
2.830000000000000071e+01
4.820000000000000284e+01
6.929999999999999716e+01
4.010000000000000142e+01
3.250000000000000000e+01
7.950000000000000000e+01
4.010000000000000142e+01
1.830000000000000071e+01
3.539999999999999858e+01
