2.869999999999999929e+01
2.280000000000000071e+01
4.050000000000000000e+01
1.059999999999999964e+01
2.910000000000000142e+01
3.789999999999999858e+01
5.129999999999999716e+01
1.850000000000000000e+01
5.129999999999999716e+01
3.510000000000000142e+01
4.310000000000000142e+01
3.900000000000000000e+01
3.720000000000000284e+01
3.860000000000000142e+01
5.879999999999999716e+01
5.720000000000000284e+01
3.929999999999999716e+01
5.679999999999999716e+01
3.739999999999999858e+01
2.310000000000000142e+01
3.060000000000000142e+01
4.020000000000000284e+01
3.729999999999999716e+01
3.300000000000000000e+01
2.060000000000000142e+01
3.200000000000000000e+01
2.589999999999999858e+01
4.350000000000000000e+01
2.810000000000000142e+01
2.660000000000000142e+01
3.500000000000000000e+01
4.910000000000000142e+01
2.369999999999999929e+01
4.720000000000000284e+01
2.030000000000000071e+01
3.270000000000000284e+01
5.129999999999999716e+01
3.510000000000000142e+01
4.310000000000000142e+01
3.900000000000000000e+01
3.720000000000000284e+01
3.860000000000000142e+01
5.879999999999999716e+01
5.720000000000000284e+01
3.929999999999999716e+01
5.679999999999999716e+01
3.739999999999999858e+01
2.310000000000000142e+01
3.060000000000000142e+01
4.020000000000000284e+01
3.729999999999999716e+01
3.300000000000000000e+01
2.060000000000000142e+01
3.200000000000000000e+01
2.589999999999999858e+01
4.350000000000000000e+01
2.810000000000000142e+01
2.660000000000000142e+01
3.500000000000000000e+01
4.910000000000000142e+01
2.369999999999999929e+01
4.720000000000000284e+01
2.030000000000000071e+01
3.270000000000000284e+01
