3.389999999999999858e+01
2.610000000000000142e+01
1.650000000000000000e+01
3.510000000000000142e+01
3.279999999999999716e+01
1.789999999999999858e+01
3.320000000000000284e+01
2.980000000000000071e+01
3.010000000000000142e+01
4.400000000000000000e+01
1.650000000000000000e+01
3.960000000000000142e+01
2.089999999999999858e+01
3.510000000000000142e+01
2.010000000000000142e+01
1.600000000000000000e+01
2.769999999999999929e+01
4.489999999999999858e+01
1.430000000000000071e+01
1.000000000000000000e+01
1.939999999999999858e+01
4.489999999999999858e+01
2.630000000000000071e+01
3.489999999999999858e+01
4.029999999999999716e+01
4.639999999999999858e+01
4.460000000000000142e+01
2.050000000000000000e+01
4.570000000000000284e+01
3.119999999999999929e+01
2.030000000000000071e+01
3.529999999999999716e+01
4.420000000000000284e+01
3.550000000000000000e+01
3.320000000000000284e+01
2.830000000000000071e+01
4.079999999999999716e+01
4.350000000000000000e+01
2.030000000000000071e+01
4.029999999999999716e+01
2.280000000000000071e+01
5.160000000000000142e+01
3.829999999999999716e+01
4.720000000000000284e+01
3.889999999999999858e+01
2.839999999999999858e+01
3.010000000000000142e+01
2.619999999999999929e+01
4.489999999999999858e+01
3.069999999999999929e+01
3.310000000000000142e+01
3.920000000000000284e+01
2.860000000000000142e+01
2.419999999999999929e+01
4.489999999999999858e+01
2.630000000000000071e+01
3.489999999999999858e+01
4.029999999999999716e+01
4.639999999999999858e+01
4.460000000000000142e+01
2.050000000000000000e+01
4.570000000000000284e+01
3.119999999999999929e+01
2.030000000000000071e+01
3.529999999999999716e+01
4.420000000000000284e+01
3.550000000000000000e+01
3.320000000000000284e+01
2.830000000000000071e+01
4.079999999999999716e+01
4.350000000000000000e+01
2.030000000000000071e+01
4.029999999999999716e+01
2.280000000000000071e+01
5.160000000000000142e+01
3.829999999999999716e+01
4.720000000000000284e+01
3.889999999999999858e+01
2.839999999999999858e+01
3.010000000000000142e+01
2.619999999999999929e+01
4.489999999999999858e+01
3.069999999999999929e+01
3.310000000000000142e+01
3.920000000000000284e+01
2.860000000000000142e+01
2.419999999999999929e+01
