2.750000000000000000e+01
6.010000000000000142e+01
2.580000000000000071e+01
2.080000000000000071e+01
1.419999999999999929e+01
3.229999999999999716e+01
2.119999999999999929e+01
2.839999999999999858e+01
4.839999999999999858e+01
3.270000000000000284e+01
1.619999999999999929e+01
1.950000000000000000e+01
2.080000000000000071e+01
4.920000000000000284e+01
2.160000000000000142e+01
3.639999999999999858e+01
3.329999999999999716e+01
2.319999999999999929e+01
2.119999999999999929e+01
1.000000000000000000e+01
4.129999999999999716e+01
3.850000000000000000e+01
2.450000000000000000e+01
1.569999999999999929e+01
2.289999999999999858e+01
4.120000000000000284e+01
3.289999999999999858e+01
3.189999999999999858e+01
3.060000000000000142e+01
2.000000000000000000e+01
3.700000000000000000e+01
3.019999999999999929e+01
3.770000000000000284e+01
2.450000000000000000e+01
2.289999999999999858e+01
4.120000000000000284e+01
3.289999999999999858e+01
3.189999999999999858e+01
3.060000000000000142e+01
2.000000000000000000e+01
3.700000000000000000e+01
3.019999999999999929e+01
2.110000000000000142e+01
3.510000000000000142e+01
5.210000000000000142e+01
4.210000000000000142e+01
2.410000000000000142e+01
4.160000000000000142e+01
2.280000000000000071e+01
3.169999999999999929e+01
2.789999999999999858e+01
7.690000000000000568e+01
2.010000000000000142e+01
5.260000000000000142e+01
3.720000000000000284e+01
3.950000000000000000e+01
3.900000000000000000e+01
2.880000000000000071e+01
2.310000000000000142e+01
3.450000000000000000e+01
2.519999999999999929e+01
2.460000000000000142e+01
2.719999999999999929e+01
2.610000000000000142e+01
4.250000000000000000e+01
4.579999999999999716e+01
3.370000000000000284e+01
3.829999999999999716e+01
3.320000000000000284e+01
2.839999999999999858e+01
3.160000000000000142e+01
3.710000000000000142e+01
4.270000000000000284e+01
4.170000000000000284e+01
2.430000000000000071e+01
3.160000000000000142e+01
4.550000000000000000e+01
3.320000000000000284e+01
3.900000000000000000e+01
2.289999999999999858e+01
2.569999999999999929e+01
5.110000000000000142e+01
2.719999999999999929e+01
2.339999999999999858e+01
2.350000000000000000e+01
2.439999999999999858e+01
2.630000000000000071e+01
0.000000000000000000e+00
0.000000000000000000e+00
0.000000000000000000e+00
4.170000000000000284e+01
0.000000000000000000e+00
0.000000000000000000e+00
1.540000000000000036e+01
0.000000000000000000e+00
0.000000000000000000e+00
3.000000000000000000e+00
0.000000000000000000e+00
0.000000000000000000e+00
0.000000000000000000e+00
0.000000000000000000e+00
0.000000000000000000e+00
0.000000000000000000e+00
0.000000000000000000e+00
0.000000000000000000e+00
0.000000000000000000e+00
2.080000000000000071e+01
0.000000000000000000e+00
0.000000000000000000e+00
0.000000000000000000e+00
0.000000000000000000e+00
0.000000000000000000e+00
0.000000000000000000e+00
0.000000000000000000e+00
0.000000000000000000e+00
0.000000000000000000e+00
0.000000000000000000e+00
0.000000000000000000e+00
0.000000000000000000e+00
4.410000000000000142e+01
0.000000000000000000e+00
0.000000000000000000e+00
0.000000000000000000e+00
0.000000000000000000e+00
0.000000000000000000e+00
0.000000000000000000e+00
0.000000000000000000e+00
1.200000000000000000e+01
0.000000000000000000e+00
0.000000000000000000e+00
0.000000000000000000e+00
0.000000000000000000e+00
0.000000000000000000e+00
0.000000000000000000e+00
0.000000000000000000e+00
0.000000000000000000e+00
0.000000000000000000e+00
0.000000000000000000e+00
0.000000000000000000e+00
0.000000000000000000e+00
0.000000000000000000e+00
0.000000000000000000e+00
0.000000000000000000e+00
0.000000000000000000e+00
0.000000000000000000e+00
0.000000000000000000e+00
0.000000000000000000e+00
0.000000000000000000e+00
0.000000000000000000e+00
0.000000000000000000e+00
0.000000000000000000e+00
0.000000000000000000e+00
0.000000000000000000e+00
0.000000000000000000e+00
0.000000000000000000e+00
0.000000000000000000e+00
0.000000000000000000e+00
0.000000000000000000e+00
4.099999999999999645e+00
0.000000000000000000e+00
0.000000000000000000e+00
0.000000000000000000e+00
0.000000000000000000e+00
2.669999999999999929e+01
0.000000000000000000e+00
0.000000000000000000e+00
0.000000000000000000e+00
0.000000000000000000e+00
0.000000000000000000e+00
0.000000000000000000e+00
0.000000000000000000e+00
0.000000000000000000e+00
0.000000000000000000e+00
0.000000000000000000e+00
0.000000000000000000e+00
6.700000000000000178e+00
0.000000000000000000e+00
0.000000000000000000e+00
0.000000000000000000e+00
0.000000000000000000e+00
0.000000000000000000e+00
0.000000000000000000e+00
0.000000000000000000e+00
0.000000000000000000e+00
0.000000000000000000e+00
6.400000000000000355e+00
0.000000000000000000e+00
0.000000000000000000e+00
0.000000000000000000e+00
0.000000000000000000e+00
0.000000000000000000e+00
0.000000000000000000e+00
0.000000000000000000e+00
0.000000000000000000e+00
0.000000000000000000e+00
0.000000000000000000e+00
0.000000000000000000e+00
0.000000000000000000e+00
1.750000000000000000e+01
0.000000000000000000e+00
0.000000000000000000e+00
0.000000000000000000e+00
1.919999999999999929e+01
0.000000000000000000e+00
0.000000000000000000e+00
0.000000000000000000e+00
0.000000000000000000e+00
0.000000000000000000e+00
0.000000000000000000e+00
0.000000000000000000e+00
0.000000000000000000e+00
0.000000000000000000e+00
0.000000000000000000e+00
0.000000000000000000e+00
0.000000000000000000e+00
2.200000000000000178e+00
2.899999999999999911e+00
0.000000000000000000e+00
0.000000000000000000e+00
0.000000000000000000e+00
0.000000000000000000e+00
0.000000000000000000e+00
3.739999999999999858e+01
0.000000000000000000e+00
0.000000000000000000e+00
0.000000000000000000e+00
0.000000000000000000e+00
0.000000000000000000e+00
0.000000000000000000e+00
0.000000000000000000e+00
0.000000000000000000e+00
0.000000000000000000e+00
0.000000000000000000e+00
0.000000000000000000e+00
0.000000000000000000e+00
0.000000000000000000e+00
0.000000000000000000e+00
0.000000000000000000e+00
0.000000000000000000e+00
0.000000000000000000e+00
0.000000000000000000e+00
0.000000000000000000e+00
0.000000000000000000e+00
0.000000000000000000e+00
8.000000000000000444e-01
0.000000000000000000e+00
0.000000000000000000e+00
7.299999999999999822e+00
2.899999999999999911e+00
5.000000000000000000e+00
0.000000000000000000e+00
0.000000000000000000e+00
