3.810000000000000142e+01
1.480000000000000071e+01
9.070000000000000284e+01
2.039999999999999858e+01
2.739999999999999858e+01
3.970000000000000284e+01
4.089999999999999858e+01
2.319999999999999929e+01
1.009999999999999964e+01
2.319999999999999929e+01
2.910000000000000142e+01
3.300000000000000000e+01
3.789999999999999858e+01
2.789999999999999858e+01
4.120000000000000284e+01
2.889999999999999858e+01
2.439999999999999858e+01
3.339999999999999858e+01
2.210000000000000142e+01
2.089999999999999858e+01
2.319999999999999929e+01
2.689999999999999858e+01
2.560000000000000142e+01
3.520000000000000284e+01
2.910000000000000142e+01
3.879999999999999716e+01
3.000000000000000000e+01
2.289999999999999858e+01
5.589999999999999858e+01
5.000000000000000000e+01
5.689999999999999858e+01
3.960000000000000142e+01
3.979999999999999716e+01
3.900000000000000000e+01
5.000000000000000000e+01
2.400000000000000000e+01
2.280000000000000071e+01
5.479999999999999716e+01
4.010000000000000142e+01
2.319999999999999929e+01
2.910000000000000142e+01
3.300000000000000000e+01
2.789999999999999858e+01
4.120000000000000284e+01
2.889999999999999858e+01
2.439999999999999858e+01
3.339999999999999858e+01
2.210000000000000142e+01
2.089999999999999858e+01
2.319999999999999929e+01
2.689999999999999858e+01
2.560000000000000142e+01
3.520000000000000284e+01
2.910000000000000142e+01
3.879999999999999716e+01
3.000000000000000000e+01
2.289999999999999858e+01
5.589999999999999858e+01
5.000000000000000000e+01
5.689999999999999858e+01
3.960000000000000142e+01
3.979999999999999716e+01
3.900000000000000000e+01
5.000000000000000000e+01
2.400000000000000000e+01
2.280000000000000071e+01
5.479999999999999716e+01
4.010000000000000142e+01
