4.479999999999999716e+01
3.050000000000000000e+01
2.330000000000000071e+01
3.200000000000000000e+01
3.989999999999999858e+01
1.359999999999999964e+01
4.460000000000000142e+01
3.989999999999999858e+01
2.360000000000000142e+01
3.489999999999999858e+01
3.600000000000000000e+01
2.119999999999999929e+01
3.739999999999999858e+01
2.400000000000000000e+01
4.860000000000000142e+01
6.840000000000000568e+01
3.130000000000000071e+01
2.589999999999999858e+01
1.700000000000000000e+01
2.180000000000000071e+01
1.219999999999999929e+01
4.129999999999999716e+01
1.739999999999999858e+01
1.730000000000000071e+01
3.939999999999999858e+01
2.600000000000000000e+01
1.610000000000000142e+01
