1.630000000000000071e+01
2.310000000000000142e+01
4.529999999999999716e+01
4.189999999999999858e+01
3.539999999999999858e+01
4.470000000000000284e+01
2.560000000000000142e+01
2.780000000000000071e+01
1.230000000000000071e+01
2.060000000000000142e+01
2.060000000000000142e+01
3.000000000000000000e+01
2.289999999999999858e+01
2.369999999999999929e+01
3.860000000000000142e+01
3.360000000000000142e+01
2.060000000000000142e+01
2.719999999999999929e+01
5.389999999999999858e+01
2.980000000000000071e+01
3.389999999999999858e+01
3.739999999999999858e+01
2.630000000000000071e+01
3.879999999999999716e+01
2.960000000000000142e+01
3.150000000000000000e+01
0.000000000000000000e+00
0.000000000000000000e+00
0.000000000000000000e+00
0.000000000000000000e+00
0.000000000000000000e+00
3.700000000000000000e+01
0.000000000000000000e+00
6.299999999999999822e+00
0.000000000000000000e+00
0.000000000000000000e+00
5.310000000000000142e+01
3.379999999999999716e+01
0.000000000000000000e+00
0.000000000000000000e+00
0.000000000000000000e+00
0.000000000000000000e+00
0.000000000000000000e+00
0.000000000000000000e+00
0.000000000000000000e+00
0.000000000000000000e+00
0.000000000000000000e+00
0.000000000000000000e+00
3.089999999999999858e+01
0.000000000000000000e+00
0.000000000000000000e+00
0.000000000000000000e+00
2.850000000000000000e+01
