2.230000000000000071e+01
3.030000000000000071e+01
3.560000000000000142e+01
3.400000000000000000e+01
5.179999999999999716e+01
4.929999999999999716e+01
1.340000000000000036e+01
1.660000000000000142e+01
3.789999999999999858e+01
1.169999999999999929e+01
8.920000000000000284e+01
1.900000000000000000e+01
9.300000000000000711e+00
8.599999999999999645e+00
1.169999999999999929e+01
8.920000000000000284e+01
1.900000000000000000e+01
8.199999999999999289e+00
4.389999999999999858e+01
1.939999999999999858e+01
2.250000000000000000e+01
0.000000000000000000e+00
0.000000000000000000e+00
0.000000000000000000e+00
0.000000000000000000e+00
0.000000000000000000e+00
0.000000000000000000e+00
0.000000000000000000e+00
0.000000000000000000e+00
0.000000000000000000e+00
0.000000000000000000e+00
0.000000000000000000e+00
5.000000000000000000e-01
0.000000000000000000e+00
0.000000000000000000e+00
0.000000000000000000e+00
0.000000000000000000e+00
0.000000000000000000e+00
0.000000000000000000e+00
0.000000000000000000e+00
0.000000000000000000e+00
0.000000000000000000e+00
0.000000000000000000e+00
0.000000000000000000e+00
1.639999999999999858e+01
1.700000000000000000e+01
1.660000000000000142e+01
1.340000000000000036e+01
3.139999999999999858e+01
3.639999999999999858e+01
3.060000000000000142e+01
3.850000000000000000e+01
1.650000000000000000e+01
1.430000000000000071e+01
1.760000000000000142e+01
2.110000000000000142e+01
4.079999999999999716e+01
6.179999999999999716e+01
3.739999999999999858e+01
3.270000000000000284e+01
