1.530000000000000071e+01
6.870000000000000284e+01
3.910000000000000142e+01
4.289999999999999858e+01
3.600000000000000000e+01
2.150000000000000000e+01
1.960000000000000142e+01
2.600000000000000000e+01
3.300000000000000000e+01
2.319999999999999929e+01
3.350000000000000000e+01
3.900000000000000000e+01
2.280000000000000071e+01
3.379999999999999716e+01
1.689999999999999858e+01
1.919999999999999929e+01
2.410000000000000142e+01
3.350000000000000000e+01
3.900000000000000000e+01
2.280000000000000071e+01
3.379999999999999716e+01
2.410000000000000142e+01
2.360000000000000142e+01
3.870000000000000284e+01
3.000000000000000000e+01
5.039999999999999858e+01
3.100000000000000000e+01
3.080000000000000071e+01
3.579999999999999716e+01
2.839999999999999858e+01
3.239999999999999858e+01
3.320000000000000284e+01
3.350000000000000000e+01
3.080000000000000071e+01
4.229999999999999716e+01
3.119999999999999929e+01
3.620000000000000284e+01
6.070000000000000284e+01
0.000000000000000000e+00
0.000000000000000000e+00
0.000000000000000000e+00
0.000000000000000000e+00
0.000000000000000000e+00
0.000000000000000000e+00
6.000000000000000000e+00
0.000000000000000000e+00
0.000000000000000000e+00
0.000000000000000000e+00
0.000000000000000000e+00
4.900000000000000355e+00
0.000000000000000000e+00
0.000000000000000000e+00
0.000000000000000000e+00
0.000000000000000000e+00
1.040000000000000036e+01
5.700000000000000178e+00
0.000000000000000000e+00
