1.660000000000000142e+01
3.050000000000000000e+01
4.160000000000000142e+01
1.369999999999999929e+01
1.900000000000000000e+01
1.869999999999999929e+01
2.330000000000000071e+01
2.319999999999999929e+01
4.150000000000000000e+01
2.330000000000000071e+01
2.319999999999999929e+01
4.150000000000000000e+01
3.729999999999999716e+01
2.260000000000000142e+01
4.620000000000000284e+01
3.310000000000000142e+01
2.369999999999999929e+01
3.289999999999999858e+01
7.529999999999999716e+01
3.110000000000000142e+01
3.069999999999999929e+01
3.820000000000000284e+01
2.780000000000000071e+01
2.139999999999999858e+01
2.730000000000000071e+01
3.729999999999999716e+01
3.939999999999999858e+01
3.370000000000000284e+01
5.150000000000000000e+01
2.100000000000000000e+01
4.629999999999999716e+01
2.400000000000000000e+01
0.000000000000000000e+00
1.380000000000000071e+01
0.000000000000000000e+00
0.000000000000000000e+00
0.000000000000000000e+00
0.000000000000000000e+00
0.000000000000000000e+00
0.000000000000000000e+00
0.000000000000000000e+00
0.000000000000000000e+00
0.000000000000000000e+00
0.000000000000000000e+00
9.400000000000000355e+00
6.700000000000000178e+00
0.000000000000000000e+00
0.000000000000000000e+00
0.000000000000000000e+00
0.000000000000000000e+00
0.000000000000000000e+00
5.060000000000000142e+01
0.000000000000000000e+00
0.000000000000000000e+00
0.000000000000000000e+00
0.000000000000000000e+00
0.000000000000000000e+00
3.060000000000000142e+01
0.000000000000000000e+00
0.000000000000000000e+00
1.140000000000000036e+01
0.000000000000000000e+00
0.000000000000000000e+00
0.000000000000000000e+00
0.000000000000000000e+00
4.729999999999999716e+01
0.000000000000000000e+00
0.000000000000000000e+00
0.000000000000000000e+00
0.000000000000000000e+00
