3.529999999999999716e+01
2.189999999999999858e+01
3.220000000000000284e+01
5.710000000000000142e+01
1.350000000000000000e+01
1.169999999999999929e+01
3.250000000000000000e+01
8.729999999999999716e+01
3.060000000000000142e+01
3.620000000000000284e+01
2.369999999999999929e+01
2.669999999999999929e+01
1.830000000000000071e+01
4.500000000000000000e+01
2.669999999999999929e+01
4.500000000000000000e+01
4.550000000000000000e+01
2.080000000000000071e+01
2.130000000000000071e+01
4.560000000000000142e+01
3.050000000000000000e+01
3.450000000000000000e+01
2.780000000000000071e+01
3.320000000000000284e+01
2.850000000000000000e+01
2.069999999999999929e+01
4.500000000000000000e+01
2.110000000000000142e+01
3.639999999999999858e+01
3.200000000000000000e+01
2.589999999999999858e+01
3.720000000000000284e+01
2.180000000000000071e+01
3.720000000000000284e+01
2.439999999999999858e+01
2.280000000000000071e+01
4.739999999999999858e+01
2.339999999999999858e+01
2.300000000000000000e+01
2.889999999999999858e+01
4.760000000000000142e+01
3.450000000000000000e+01
2.319999999999999929e+01
3.489999999999999858e+01
3.069999999999999929e+01
2.069999999999999929e+01
3.350000000000000000e+01
2.010000000000000142e+01
3.620000000000000284e+01
2.060000000000000142e+01
2.660000000000000142e+01
2.669999999999999929e+01
4.500000000000000000e+01
4.550000000000000000e+01
2.080000000000000071e+01
2.130000000000000071e+01
4.560000000000000142e+01
3.050000000000000000e+01
3.450000000000000000e+01
2.780000000000000071e+01
3.320000000000000284e+01
2.850000000000000000e+01
2.069999999999999929e+01
4.500000000000000000e+01
2.110000000000000142e+01
3.639999999999999858e+01
3.200000000000000000e+01
2.589999999999999858e+01
3.720000000000000284e+01
2.180000000000000071e+01
3.720000000000000284e+01
2.439999999999999858e+01
2.280000000000000071e+01
4.739999999999999858e+01
2.339999999999999858e+01
2.300000000000000000e+01
2.889999999999999858e+01
4.760000000000000142e+01
3.450000000000000000e+01
2.319999999999999929e+01
3.489999999999999858e+01
3.069999999999999929e+01
2.069999999999999929e+01
3.350000000000000000e+01
2.010000000000000142e+01
3.620000000000000284e+01
2.060000000000000142e+01
2.660000000000000142e+01
3.650000000000000000e+01
2.750000000000000000e+01
