2.619999999999999929e+01
1.530000000000000071e+01
4.620000000000000284e+01
2.269999999999999929e+01
2.510000000000000142e+01
2.730000000000000071e+01
1.819999999999999929e+01
1.200000000000000000e+01
3.200000000000000000e+01
4.200000000000000000e+01
4.200000000000000000e+01
5.210000000000000142e+01
3.750000000000000000e+01
2.739999999999999858e+01
6.579999999999999716e+01
4.320000000000000284e+01
2.280000000000000071e+01
2.039999999999999858e+01
2.739999999999999858e+01
6.579999999999999716e+01
4.320000000000000284e+01
2.280000000000000071e+01
2.039999999999999858e+01
5.020000000000000284e+01
3.450000000000000000e+01
4.270000000000000284e+01
3.130000000000000071e+01
2.650000000000000000e+01
3.500000000000000000e+01
2.900000000000000000e+01
3.220000000000000284e+01
2.319999999999999929e+01
3.200000000000000000e+01
3.650000000000000000e+01
2.800000000000000000e+01
4.679999999999999716e+01
3.970000000000000284e+01
2.430000000000000071e+01
2.660000000000000142e+01
3.250000000000000000e+01
5.150000000000000000e+01
3.400000000000000000e+01
3.760000000000000142e+01
2.310000000000000142e+01
3.579999999999999716e+01
4.779999999999999716e+01
1.169999999999999929e+01
9.800000000000000711e+00
0.000000000000000000e+00
0.000000000000000000e+00
3.399999999999999911e+00
2.630000000000000071e+01
0.000000000000000000e+00
0.000000000000000000e+00
0.000000000000000000e+00
0.000000000000000000e+00
0.000000000000000000e+00
3.660000000000000142e+01
0.000000000000000000e+00
0.000000000000000000e+00
0.000000000000000000e+00
0.000000000000000000e+00
0.000000000000000000e+00
0.000000000000000000e+00
0.000000000000000000e+00
0.000000000000000000e+00
0.000000000000000000e+00
2.189999999999999858e+01
0.000000000000000000e+00
3.989999999999999858e+01
0.000000000000000000e+00
0.000000000000000000e+00
0.000000000000000000e+00
0.000000000000000000e+00
