4.610000000000000142e+01
2.550000000000000000e+01
4.289999999999999858e+01
6.039999999999999858e+01
3.570000000000000284e+01
3.850000000000000000e+01
1.789999999999999858e+01
2.769999999999999929e+01
1.180000000000000071e+01
2.519999999999999929e+01
3.970000000000000284e+01
2.730000000000000071e+01
6.260000000000000142e+01
3.039999999999999858e+01
3.019999999999999929e+01
4.510000000000000142e+01
2.339999999999999858e+01
2.550000000000000000e+01
4.370000000000000284e+01
3.579999999999999716e+01
4.039999999999999858e+01
2.519999999999999929e+01
2.619999999999999929e+01
2.889999999999999858e+01
2.589999999999999858e+01
3.310000000000000142e+01
3.920000000000000284e+01
2.789999999999999858e+01
5.929999999999999716e+01
7.500000000000000000e+00
0.000000000000000000e+00
0.000000000000000000e+00
5.599999999999999645e+00
4.529999999999999716e+01
0.000000000000000000e+00
0.000000000000000000e+00
0.000000000000000000e+00
0.000000000000000000e+00
