3.010000000000000142e+01
3.600000000000000000e+01
2.439999999999999858e+01
1.030000000000000071e+01
3.479999999999999716e+01
2.580000000000000071e+01
3.689999999999999858e+01
3.770000000000000284e+01
1.009999999999999964e+01
2.589999999999999858e+01
2.160000000000000142e+01
2.589999999999999858e+01
2.160000000000000142e+01
2.850000000000000000e+01
4.479999999999999716e+01
2.069999999999999929e+01
4.039999999999999858e+01
3.570000000000000284e+01
2.889999999999999858e+01
2.150000000000000000e+01
5.850000000000000000e+01
7.500000000000000000e+01
0.000000000000000000e+00
0.000000000000000000e+00
5.700000000000000178e+00
0.000000000000000000e+00
2.389999999999999858e+01
1.290000000000000036e+01
0.000000000000000000e+00
0.000000000000000000e+00
0.000000000000000000e+00
0.000000000000000000e+00
1.899999999999999911e+00
2.100000000000000000e+01
0.000000000000000000e+00
0.000000000000000000e+00
2.530000000000000071e+01
3.000000000000000000e+00
0.000000000000000000e+00
0.000000000000000000e+00
0.000000000000000000e+00
0.000000000000000000e+00
0.000000000000000000e+00
1.919999999999999929e+01
0.000000000000000000e+00
0.000000000000000000e+00
0.000000000000000000e+00
0.000000000000000000e+00
8.300000000000000711e+00
0.000000000000000000e+00
0.000000000000000000e+00
0.000000000000000000e+00
0.000000000000000000e+00
0.000000000000000000e+00
0.000000000000000000e+00
3.860000000000000142e+01
0.000000000000000000e+00
0.000000000000000000e+00
0.000000000000000000e+00
3.520000000000000284e+01
