3.350000000000000000e+01
1.459999999999999964e+01
2.500000000000000000e+01
1.869999999999999929e+01
3.489999999999999858e+01
1.860000000000000142e+01
1.169999999999999929e+01
2.589999999999999858e+01
6.010000000000000142e+01
4.739999999999999858e+01
3.889999999999999858e+01
4.339999999999999858e+01
2.300000000000000000e+01
1.580000000000000071e+01
3.689999999999999858e+01
3.700000000000000000e+01
1.610000000000000142e+01
3.439999999999999858e+01
4.320000000000000284e+01
2.919999999999999929e+01
4.729999999999999716e+01
1.419999999999999929e+01
2.900000000000000000e+01
3.879999999999999716e+01
2.730000000000000071e+01
1.269999999999999929e+01
2.080000000000000071e+01
6.099999999999999645e+00
6.799999999999999822e+00
9.099999999999999645e+00
7.099999999999999645e+00
5.700000000000000178e+00
7.200000000000000178e+00
5.299999999999999822e+00
8.099999999999999645e+00
9.300000000000000711e+00
7.400000000000000355e+00
6.799999999999999822e+00
1.419999999999999929e+01
6.099999999999999645e+00
6.299999999999999822e+00
2.900000000000000000e+01
3.879999999999999716e+01
2.730000000000000071e+01
1.269999999999999929e+01
3.920000000000000284e+01
3.760000000000000142e+01
1.169999999999999929e+01
5.799999999999999822e+00
4.889999999999999858e+01
1.440000000000000036e+01
3.479999999999999716e+01
2.119999999999999929e+01
3.470000000000000284e+01
3.979999999999999716e+01
1.880000000000000071e+01
3.979999999999999716e+01
3.100000000000000000e+01
7.809999999999999432e+01
2.200000000000000000e+01
3.239999999999999858e+01
4.439999999999999858e+01
4.479999999999999716e+01
7.250000000000000000e+01
3.579999999999999716e+01
3.660000000000000142e+01
2.369999999999999929e+01
4.479999999999999716e+01
4.079999999999999716e+01
2.350000000000000000e+01
3.950000000000000000e+01
4.260000000000000142e+01
3.920000000000000284e+01
2.169999999999999929e+01
3.670000000000000284e+01
2.550000000000000000e+01
3.119999999999999929e+01
3.010000000000000142e+01
3.739999999999999858e+01
3.650000000000000000e+01
4.560000000000000142e+01
5.220000000000000284e+01
3.620000000000000284e+01
3.900000000000000000e+01
3.329999999999999716e+01
1.880000000000000071e+01
1.450000000000000000e+01
1.810000000000000142e+01
1.380000000000000071e+01
1.019999999999999929e+01
1.989999999999999858e+01
1.919999999999999929e+01
1.800000000000000000e+01
2.169999999999999929e+01
3.670000000000000284e+01
2.550000000000000000e+01
3.119999999999999929e+01
3.010000000000000142e+01
3.739999999999999858e+01
3.650000000000000000e+01
4.560000000000000142e+01
1.109999999999999964e+01
1.939999999999999858e+01
5.220000000000000284e+01
3.620000000000000284e+01
1.280000000000000071e+01
3.900000000000000000e+01
1.939999999999999858e+01
3.329999999999999716e+01
1.930000000000000071e+01
3.010000000000000142e+01
3.739999999999999858e+01
7.090000000000000568e+01
2.780000000000000071e+01
3.139999999999999858e+01
