3.080000000000000071e+01
3.979999999999999716e+01
6.039999999999999858e+01
3.520000000000000284e+01
4.679999999999999716e+01
1.459999999999999964e+01
1.939999999999999858e+01
1.780000000000000071e+01
4.679999999999999716e+01
4.650000000000000000e+01
3.850000000000000000e+01
1.730000000000000071e+01
2.960000000000000142e+01
1.019999999999999929e+01
2.300000000000000000e+01
1.490000000000000036e+01
3.060000000000000142e+01
3.589999999999999858e+01
6.459999999999999432e+01
1.219999999999999929e+01
1.950000000000000000e+01
2.050000000000000000e+01
2.780000000000000071e+01
6.459999999999999432e+01
2.050000000000000000e+01
2.780000000000000071e+01
3.950000000000000000e+01
2.380000000000000071e+01
2.189999999999999858e+01
2.389999999999999858e+01
6.089999999999999858e+01
2.160000000000000142e+01
2.289999999999999858e+01
2.150000000000000000e+01
2.810000000000000142e+01
4.589999999999999858e+01
2.250000000000000000e+01
2.239999999999999858e+01
2.050000000000000000e+01
3.889999999999999858e+01
3.800000000000000000e+01
2.519999999999999929e+01
8.950000000000000000e+01
3.050000000000000000e+01
2.850000000000000000e+01
3.039999999999999858e+01
3.920000000000000284e+01
2.819999999999999929e+01
2.380000000000000071e+01
6.210000000000000142e+01
3.650000000000000000e+01
5.029999999999999716e+01
2.200000000000000000e+01
2.150000000000000000e+01
2.439999999999999858e+01
3.239999999999999858e+01
3.010000000000000142e+01
3.889999999999999858e+01
3.720000000000000284e+01
2.080000000000000071e+01
2.219999999999999929e+01
2.210000000000000142e+01
2.300000000000000000e+01
2.869999999999999929e+01
2.039999999999999858e+01
3.810000000000000142e+01
3.860000000000000142e+01
4.050000000000000000e+01
3.900000000000000000e+01
3.279999999999999716e+01
2.500000000000000000e+01
2.719999999999999929e+01
6.459999999999999432e+01
2.050000000000000000e+01
2.780000000000000071e+01
3.950000000000000000e+01
2.380000000000000071e+01
2.189999999999999858e+01
2.389999999999999858e+01
6.089999999999999858e+01
2.160000000000000142e+01
2.289999999999999858e+01
2.150000000000000000e+01
2.810000000000000142e+01
4.589999999999999858e+01
2.250000000000000000e+01
2.239999999999999858e+01
2.050000000000000000e+01
3.889999999999999858e+01
3.800000000000000000e+01
2.519999999999999929e+01
8.950000000000000000e+01
3.050000000000000000e+01
2.850000000000000000e+01
3.039999999999999858e+01
3.920000000000000284e+01
2.819999999999999929e+01
2.380000000000000071e+01
6.210000000000000142e+01
3.650000000000000000e+01
5.029999999999999716e+01
2.200000000000000000e+01
2.150000000000000000e+01
2.439999999999999858e+01
3.239999999999999858e+01
3.010000000000000142e+01
3.889999999999999858e+01
3.720000000000000284e+01
2.080000000000000071e+01
2.219999999999999929e+01
2.210000000000000142e+01
2.300000000000000000e+01
2.869999999999999929e+01
2.039999999999999858e+01
3.810000000000000142e+01
3.860000000000000142e+01
4.050000000000000000e+01
3.900000000000000000e+01
3.279999999999999716e+01
2.500000000000000000e+01
2.719999999999999929e+01
