4.879999999999999716e+01
3.929999999999999716e+01
7.340000000000000568e+01
3.629999999999999716e+01
4.070000000000000284e+01
1.989999999999999858e+01
4.120000000000000284e+01
5.370000000000000284e+01
1.200000000000000000e+01
2.900000000000000000e+01
2.689999999999999858e+01
2.539999999999999858e+01
2.800000000000000000e+01
5.320000000000000284e+01
3.310000000000000142e+01
2.200000000000000000e+01
1.960000000000000142e+01
6.210000000000000142e+01
1.619999999999999929e+01
4.589999999999999858e+01
2.650000000000000000e+01
2.780000000000000071e+01
3.400000000000000000e+01
2.580000000000000071e+01
