2.060000000000000142e+01
6.010000000000000142e+01
2.700000000000000000e+01
3.220000000000000284e+01
2.000000000000000000e+01
3.739999999999999858e+01
3.710000000000000142e+01
5.220000000000000284e+01
2.610000000000000142e+01
3.629999999999999716e+01
2.610000000000000142e+01
3.629999999999999716e+01
4.700000000000000000e+01
3.520000000000000284e+01
2.469999999999999929e+01
2.500000000000000000e+01
3.019999999999999929e+01
3.770000000000000284e+01
2.350000000000000000e+01
2.780000000000000071e+01
2.339999999999999858e+01
2.710000000000000142e+01
8.000000000000000444e-01
0.000000000000000000e+00
0.000000000000000000e+00
0.000000000000000000e+00
2.519999999999999929e+01
0.000000000000000000e+00
0.000000000000000000e+00
3.629999999999999716e+01
4.779999999999999716e+01
0.000000000000000000e+00
0.000000000000000000e+00
0.000000000000000000e+00
0.000000000000000000e+00
0.000000000000000000e+00
0.000000000000000000e+00
1.199999999999999956e+00
0.000000000000000000e+00
0.000000000000000000e+00
0.000000000000000000e+00
1.500000000000000000e+00
0.000000000000000000e+00
2.969999999999999929e+01
0.000000000000000000e+00
0.000000000000000000e+00
0.000000000000000000e+00
2.139999999999999858e+01
0.000000000000000000e+00
0.000000000000000000e+00
0.000000000000000000e+00
1.100000000000000000e+01
6.740000000000000568e+01
