4.029999999999999716e+01
4.010000000000000142e+01
3.560000000000000142e+01
6.289999999999999858e+01
4.179999999999999716e+01
3.689999999999999858e+01
2.300000000000000000e+01
3.539999999999999858e+01
3.239999999999999858e+01
6.900000000000000000e+01
3.510000000000000142e+01
2.200000000000000000e+01
2.589999999999999858e+01
2.269999999999999929e+01
1.330000000000000071e+01
2.969999999999999929e+01
2.200000000000000000e+01
2.589999999999999858e+01
2.269999999999999929e+01
2.969999999999999929e+01
4.120000000000000284e+01
2.269999999999999929e+01
2.960000000000000142e+01
3.229999999999999716e+01
4.039999999999999858e+01
4.410000000000000142e+01
2.300000000000000000e+01
4.539999999999999858e+01
2.889999999999999858e+01
3.139999999999999858e+01
2.980000000000000071e+01
3.329999999999999716e+01
4.250000000000000000e+01
2.739999999999999858e+01
3.220000000000000284e+01
3.689999999999999858e+01
3.239999999999999858e+01
2.239999999999999858e+01
2.660000000000000142e+01
3.080000000000000071e+01
2.689999999999999858e+01
2.469999999999999929e+01
3.339999999999999858e+01
3.479999999999999716e+01
2.200000000000000000e+01
2.589999999999999858e+01
2.269999999999999929e+01
2.969999999999999929e+01
4.120000000000000284e+01
2.269999999999999929e+01
2.960000000000000142e+01
3.229999999999999716e+01
4.039999999999999858e+01
4.410000000000000142e+01
2.300000000000000000e+01
4.539999999999999858e+01
2.889999999999999858e+01
3.139999999999999858e+01
2.980000000000000071e+01
3.329999999999999716e+01
4.250000000000000000e+01
2.739999999999999858e+01
3.220000000000000284e+01
3.689999999999999858e+01
3.239999999999999858e+01
2.239999999999999858e+01
2.660000000000000142e+01
3.080000000000000071e+01
2.689999999999999858e+01
2.469999999999999929e+01
3.339999999999999858e+01
3.479999999999999716e+01
