2.089999999999999858e+01
1.989999999999999858e+01
1.309999999999999964e+01
4.129999999999999716e+01
2.669999999999999929e+01
1.419999999999999929e+01
3.470000000000000284e+01
2.460000000000000142e+01
2.139999999999999858e+01
3.289999999999999858e+01
1.159999999999999964e+01
2.930000000000000071e+01
3.520000000000000284e+01
2.410000000000000142e+01
2.189999999999999858e+01
1.080000000000000071e+01
4.429999999999999716e+01
7.529999999999999716e+01
2.369999999999999929e+01
2.880000000000000071e+01
4.889999999999999858e+01
7.000000000000000000e+00
8.900000000000000355e+00
5.700000000000000178e+00
7.799999999999999822e+00
7.529999999999999716e+01
6.500000000000000000e+00
2.369999999999999929e+01
2.880000000000000071e+01
4.889999999999999858e+01
1.440000000000000036e+01
8.199999999999999289e+00
6.500000000000000000e+00
3.260000000000000142e+01
9.090000000000000568e+01
1.440000000000000036e+01
2.450000000000000000e+01
9.699999999999999289e+00
8.300000000000000711e+00
2.819999999999999929e+01
2.180000000000000071e+01
1.209999999999999964e+01
4.360000000000000142e+01
3.670000000000000284e+01
2.619999999999999929e+01
1.350000000000000000e+01
8.099999999999999645e+00
1.319999999999999929e+01
4.350000000000000000e+01
1.069999999999999929e+01
7.529999999999999716e+01
2.369999999999999929e+01
2.880000000000000071e+01
4.889999999999999858e+01
9.090000000000000568e+01
2.450000000000000000e+01
2.819999999999999929e+01
2.180000000000000071e+01
4.360000000000000142e+01
3.670000000000000284e+01
2.619999999999999929e+01
4.350000000000000000e+01
4.350000000000000000e+01
3.839999999999999858e+01
3.300000000000000000e+01
3.030000000000000071e+01
3.239999999999999858e+01
2.930000000000000071e+01
3.250000000000000000e+01
7.490000000000000568e+01
3.650000000000000000e+01
2.260000000000000142e+01
2.200000000000000000e+01
3.189999999999999858e+01
3.529999999999999716e+01
3.470000000000000284e+01
1.440000000000000036e+01
1.440000000000000036e+01
1.209999999999999964e+01
1.350000000000000000e+01
1.319999999999999929e+01
1.069999999999999929e+01
1.469999999999999929e+01
1.830000000000000071e+01
1.009999999999999964e+01
1.619999999999999929e+01
1.080000000000000071e+01
3.300000000000000000e+01
3.030000000000000071e+01
3.239999999999999858e+01
2.930000000000000071e+01
3.250000000000000000e+01
7.490000000000000568e+01
3.650000000000000000e+01
2.260000000000000142e+01
2.200000000000000000e+01
3.189999999999999858e+01
3.529999999999999716e+01
3.470000000000000284e+01
2.369999999999999929e+01
4.120000000000000284e+01
8.229999999999999716e+01
3.270000000000000284e+01
1.300000000000000000e+01
2.010000000000000142e+01
