4.120000000000000284e+01
6.010000000000000142e+01
4.739999999999999858e+01
6.039999999999999858e+01
2.919999999999999929e+01
2.960000000000000142e+01
2.310000000000000142e+01
2.639999999999999858e+01
6.010000000000000142e+01
6.010000000000000142e+01
1.400000000000000000e+01
6.039999999999999858e+01
1.069999999999999929e+01
6.010000000000000142e+01
3.479999999999999716e+01
6.010000000000000142e+01
7.190000000000000568e+01
6.010000000000000142e+01
6.010000000000000142e+01
6.010000000000000142e+01
2.019999999999999929e+01
2.269999999999999929e+01
6.010000000000000142e+01
3.239999999999999858e+01
1.440000000000000036e+01
2.180000000000000071e+01
6.010000000000000142e+01
4.070000000000000284e+01
2.610000000000000142e+01
6.010000000000000142e+01
4.800000000000000000e+01
6.010000000000000142e+01
4.339999999999999858e+01
1.769999999999999929e+01
6.010000000000000142e+01
6.010000000000000142e+01
6.010000000000000142e+01
3.960000000000000142e+01
6.010000000000000142e+01
2.100000000000000000e+01
6.010000000000000142e+01
6.010000000000000142e+01
3.560000000000000142e+01
6.010000000000000142e+01
6.010000000000000142e+01
3.960000000000000142e+01
6.010000000000000142e+01
2.100000000000000000e+01
6.010000000000000142e+01
6.010000000000000142e+01
3.560000000000000142e+01
6.010000000000000142e+01
6.010000000000000142e+01
4.089999999999999858e+01
6.010000000000000142e+01
6.010000000000000142e+01
6.010000000000000142e+01
6.060000000000000142e+01
6.010000000000000142e+01
3.460000000000000142e+01
6.010000000000000142e+01
6.010000000000000142e+01
6.010000000000000142e+01
3.210000000000000142e+01
6.010000000000000142e+01
6.010000000000000142e+01
6.010000000000000142e+01
6.010000000000000142e+01
6.010000000000000142e+01
6.010000000000000142e+01
6.010000000000000142e+01
6.010000000000000142e+01
6.010000000000000142e+01
6.010000000000000142e+01
6.010000000000000142e+01
6.010000000000000142e+01
6.039999999999999858e+01
3.879999999999999716e+01
2.310000000000000142e+01
3.620000000000000284e+01
6.010000000000000142e+01
6.010000000000000142e+01
3.810000000000000142e+01
6.010000000000000142e+01
3.829999999999999716e+01
6.010000000000000142e+01
6.010000000000000142e+01
6.010000000000000142e+01
3.689999999999999858e+01
2.230000000000000071e+01
3.829999999999999716e+01
2.850000000000000000e+01
3.220000000000000284e+01
6.010000000000000142e+01
6.029999999999999716e+01
6.010000000000000142e+01
2.980000000000000071e+01
6.010000000000000142e+01
6.010000000000000142e+01
6.010000000000000142e+01
6.010000000000000142e+01
2.780000000000000071e+01
2.789999999999999858e+01
3.370000000000000284e+01
6.010000000000000142e+01
2.580000000000000071e+01
2.110000000000000142e+01
6.029999999999999716e+01
6.010000000000000142e+01
6.010000000000000142e+01
6.010000000000000142e+01
4.020000000000000284e+01
2.169999999999999929e+01
3.439999999999999858e+01
6.010000000000000142e+01
0.000000000000000000e+00
0.000000000000000000e+00
6.010000000000000142e+01
0.000000000000000000e+00
3.200000000000000178e+00
6.010000000000000142e+01
6.010000000000000142e+01
0.000000000000000000e+00
2.300000000000000000e+01
0.000000000000000000e+00
0.000000000000000000e+00
0.000000000000000000e+00
0.000000000000000000e+00
1.590000000000000036e+01
6.039999999999999858e+01
3.220000000000000284e+01
0.000000000000000000e+00
2.980000000000000071e+01
0.000000000000000000e+00
2.100000000000000089e+00
2.180000000000000071e+01
0.000000000000000000e+00
6.010000000000000142e+01
0.000000000000000000e+00
0.000000000000000000e+00
6.010000000000000142e+01
4.360000000000000142e+01
0.000000000000000000e+00
4.189999999999999858e+01
0.000000000000000000e+00
0.000000000000000000e+00
0.000000000000000000e+00
0.000000000000000000e+00
6.010000000000000142e+01
9.599999999999999645e+00
6.010000000000000142e+01
0.000000000000000000e+00
0.000000000000000000e+00
0.000000000000000000e+00
6.010000000000000142e+01
0.000000000000000000e+00
0.000000000000000000e+00
6.010000000000000142e+01
0.000000000000000000e+00
1.480000000000000071e+01
6.020000000000000284e+01
0.000000000000000000e+00
6.299999999999999822e+00
0.000000000000000000e+00
0.000000000000000000e+00
0.000000000000000000e+00
0.000000000000000000e+00
6.010000000000000142e+01
0.000000000000000000e+00
6.010000000000000142e+01
6.010000000000000142e+01
