1.950000000000000000e+01
4.220000000000000284e+01
6.020000000000000284e+01
2.650000000000000000e+01
3.030000000000000071e+01
1.359999999999999964e+01
3.080000000000000071e+01
3.289999999999999858e+01
4.329999999999999716e+01
2.339999999999999858e+01
4.810000000000000142e+01
7.090000000000000568e+01
2.460000000000000142e+01
2.200000000000000000e+01
1.989999999999999858e+01
1.569999999999999929e+01
6.150000000000000000e+01
3.860000000000000142e+01
2.910000000000000142e+01
1.419999999999999929e+01
3.089999999999999858e+01
1.750000000000000000e+01
2.100000000000000000e+01
