3.600000000000000000e+01
5.979999999999999716e+01
1.040000000000000036e+01
4.600000000000000000e+01
1.689999999999999858e+01
3.089999999999999858e+01
1.810000000000000142e+01
2.419999999999999929e+01
1.719999999999999929e+01
6.799999999999999822e+00
6.500000000000000000e+00
9.699999999999999289e+00
8.400000000000000355e+00
9.300000000000000711e+00
5.400000000000000355e+00
9.000000000000000000e+00
7.599999999999999645e+00
6.000000000000000000e+00
9.300000000000000711e+00
6.599999999999999645e+00
3.050000000000000000e+01
2.780000000000000071e+01
3.900000000000000000e+01
2.230000000000000071e+01
1.950000000000000000e+01
2.430000000000000071e+01
9.199999999999999289e+00
5.799999999999999822e+00
2.010000000000000142e+01
1.340000000000000036e+01
3.069999999999999929e+01
2.780000000000000071e+01
3.050000000000000000e+01
2.780000000000000071e+01
3.900000000000000000e+01
2.230000000000000071e+01
2.430000000000000071e+01
2.010000000000000142e+01
3.069999999999999929e+01
2.780000000000000071e+01
7.229999999999999716e+01
6.320000000000000284e+01
2.069999999999999929e+01
7.450000000000000000e+01
2.269999999999999929e+01
2.680000000000000071e+01
2.900000000000000000e+01
