5.260000000000000142e+01
5.600000000000000000e+01
1.780000000000000071e+01
2.419999999999999929e+01
2.910000000000000142e+01
1.789999999999999858e+01
5.210000000000000142e+01
5.289999999999999858e+01
9.000000000000000000e+00
5.099999999999999645e+00
5.210000000000000142e+01
8.800000000000000711e+00
5.289999999999999858e+01
3.500000000000000000e+01
5.729999999999999716e+01
3.889999999999999858e+01
7.540000000000000568e+01
0.000000000000000000e+00
0.000000000000000000e+00
0.000000000000000000e+00
3.600000000000000089e+00
0.000000000000000000e+00
0.000000000000000000e+00
0.000000000000000000e+00
0.000000000000000000e+00
0.000000000000000000e+00
0.000000000000000000e+00
0.000000000000000000e+00
0.000000000000000000e+00
0.000000000000000000e+00
0.000000000000000000e+00
0.000000000000000000e+00
0.000000000000000000e+00
0.000000000000000000e+00
0.000000000000000000e+00
0.000000000000000000e+00
0.000000000000000000e+00
0.000000000000000000e+00
0.000000000000000000e+00
0.000000000000000000e+00
0.000000000000000000e+00
0.000000000000000000e+00
0.000000000000000000e+00
1.699999999999999956e+00
0.000000000000000000e+00
0.000000000000000000e+00
0.000000000000000000e+00
0.000000000000000000e+00
0.000000000000000000e+00
0.000000000000000000e+00
0.000000000000000000e+00
0.000000000000000000e+00
3.299999999999999822e+00
0.000000000000000000e+00
0.000000000000000000e+00
0.000000000000000000e+00
0.000000000000000000e+00
0.000000000000000000e+00
0.000000000000000000e+00
0.000000000000000000e+00
1.130000000000000071e+01
1.680000000000000071e+01
1.739999999999999858e+01
2.880000000000000071e+01
3.820000000000000284e+01
2.119999999999999929e+01
2.739999999999999858e+01
4.450000000000000000e+01
1.140000000000000036e+01
3.700000000000000000e+01
1.340000000000000036e+01
1.319999999999999929e+01
2.880000000000000071e+01
4.420000000000000284e+01
2.800000000000000000e+01
3.089999999999999858e+01
3.400000000000000000e+01
