3.739999999999999858e+01
1.430000000000000071e+01
4.179999999999999716e+01
2.930000000000000071e+01
2.100000000000000000e+01
3.339999999999999858e+01
1.130000000000000071e+01
1.159999999999999964e+01
1.350000000000000000e+01
5.339999999999999858e+01
2.960000000000000142e+01
1.569999999999999929e+01
3.820000000000000284e+01
3.510000000000000142e+01
3.820000000000000284e+01
3.510000000000000142e+01
9.509999999999999432e+01
3.110000000000000142e+01
2.069999999999999929e+01
3.529999999999999716e+01
2.750000000000000000e+01
5.229999999999999716e+01
3.479999999999999716e+01
2.150000000000000000e+01
3.239999999999999858e+01
2.250000000000000000e+01
3.379999999999999716e+01
4.310000000000000142e+01
2.180000000000000071e+01
5.479999999999999716e+01
0.000000000000000000e+00
0.000000000000000000e+00
0.000000000000000000e+00
0.000000000000000000e+00
0.000000000000000000e+00
4.520000000000000284e+01
0.000000000000000000e+00
3.250000000000000000e+01
0.000000000000000000e+00
1.159999999999999964e+01
0.000000000000000000e+00
0.000000000000000000e+00
0.000000000000000000e+00
0.000000000000000000e+00
0.000000000000000000e+00
0.000000000000000000e+00
0.000000000000000000e+00
0.000000000000000000e+00
0.000000000000000000e+00
0.000000000000000000e+00
0.000000000000000000e+00
0.000000000000000000e+00
1.769999999999999929e+01
0.000000000000000000e+00
3.100000000000000089e+00
0.000000000000000000e+00
