4.820000000000000284e+01
3.229999999999999716e+01
1.680000000000000071e+01
2.089999999999999858e+01
4.660000000000000142e+01
3.510000000000000142e+01
2.000000000000000000e+01
4.360000000000000142e+01
6.010000000000000142e+01
3.169999999999999929e+01
6.010000000000000142e+01
2.700000000000000000e+01
1.650000000000000000e+01
2.369999999999999929e+01
6.010000000000000142e+01
3.779999999999999716e+01
6.010000000000000142e+01
6.029999999999999716e+01
6.010000000000000142e+01
1.100000000000000000e+01
3.200000000000000000e+01
6.029999999999999716e+01
6.010000000000000142e+01
2.360000000000000142e+01
6.010000000000000142e+01
3.250000000000000000e+01
6.050000000000000000e+01
1.950000000000000000e+01
1.209999999999999964e+01
6.010000000000000142e+01
3.000000000000000000e+01
3.250000000000000000e+01
2.389999999999999858e+01
3.189999999999999858e+01
6.010000000000000142e+01
6.010000000000000142e+01
1.000000000000000000e+01
6.010000000000000142e+01
6.010000000000000142e+01
4.850000000000000000e+01
6.010000000000000142e+01
3.370000000000000284e+01
6.010000000000000142e+01
3.000000000000000000e+01
3.250000000000000000e+01
2.389999999999999858e+01
3.189999999999999858e+01
6.010000000000000142e+01
6.010000000000000142e+01
6.010000000000000142e+01
6.010000000000000142e+01
4.850000000000000000e+01
6.010000000000000142e+01
3.370000000000000284e+01
6.010000000000000142e+01
3.700000000000000000e+01
3.770000000000000284e+01
6.029999999999999716e+01
6.010000000000000142e+01
6.010000000000000142e+01
6.010000000000000142e+01
6.010000000000000142e+01
6.010000000000000142e+01
6.010000000000000142e+01
6.010000000000000142e+01
6.010000000000000142e+01
6.010000000000000142e+01
3.439999999999999858e+01
6.029999999999999716e+01
6.029999999999999716e+01
6.010000000000000142e+01
3.069999999999999929e+01
6.010000000000000142e+01
6.010000000000000142e+01
4.510000000000000142e+01
6.010000000000000142e+01
6.010000000000000142e+01
3.679999999999999716e+01
3.239999999999999858e+01
2.719999999999999929e+01
6.010000000000000142e+01
3.180000000000000071e+01
6.010000000000000142e+01
6.010000000000000142e+01
2.839999999999999858e+01
6.010000000000000142e+01
6.010000000000000142e+01
6.060000000000000142e+01
6.010000000000000142e+01
6.010000000000000142e+01
6.010000000000000142e+01
6.010000000000000142e+01
2.650000000000000000e+01
2.369999999999999929e+01
6.010000000000000142e+01
6.010000000000000142e+01
6.010000000000000142e+01
6.010000000000000142e+01
6.039999999999999858e+01
6.010000000000000142e+01
6.029999999999999716e+01
6.010000000000000142e+01
6.010000000000000142e+01
6.050000000000000000e+01
6.010000000000000142e+01
2.589999999999999858e+01
6.010000000000000142e+01
6.010000000000000142e+01
6.010000000000000142e+01
6.010000000000000142e+01
2.939999999999999858e+01
6.010000000000000142e+01
6.010000000000000142e+01
6.010000000000000142e+01
3.510000000000000142e+01
6.010000000000000142e+01
0.000000000000000000e+00
0.000000000000000000e+00
0.000000000000000000e+00
6.010000000000000142e+01
0.000000000000000000e+00
0.000000000000000000e+00
2.799999999999999822e+00
0.000000000000000000e+00
3.250000000000000000e+01
0.000000000000000000e+00
0.000000000000000000e+00
6.010000000000000142e+01
0.000000000000000000e+00
5.120000000000000284e+01
6.010000000000000142e+01
0.000000000000000000e+00
0.000000000000000000e+00
0.000000000000000000e+00
6.010000000000000142e+01
0.000000000000000000e+00
6.700000000000000178e+00
6.010000000000000142e+01
1.910000000000000142e+01
0.000000000000000000e+00
0.000000000000000000e+00
0.000000000000000000e+00
1.440000000000000036e+01
0.000000000000000000e+00
6.010000000000000142e+01
0.000000000000000000e+00
6.010000000000000142e+01
0.000000000000000000e+00
0.000000000000000000e+00
0.000000000000000000e+00
0.000000000000000000e+00
0.000000000000000000e+00
2.169999999999999929e+01
0.000000000000000000e+00
6.010000000000000142e+01
0.000000000000000000e+00
0.000000000000000000e+00
0.000000000000000000e+00
3.810000000000000142e+01
0.000000000000000000e+00
0.000000000000000000e+00
3.260000000000000142e+01
0.000000000000000000e+00
1.319999999999999929e+01
