3.450000000000000000e+01
1.860000000000000142e+01
1.209999999999999964e+01
4.839999999999999858e+01
1.219999999999999929e+01
2.860000000000000142e+01
2.160000000000000142e+01
2.469999999999999929e+01
2.110000000000000142e+01
3.900000000000000000e+01
1.269999999999999929e+01
1.739999999999999858e+01
1.689999999999999858e+01
6.479999999999999716e+01
2.200000000000000000e+01
1.669999999999999929e+01
1.209999999999999964e+01
3.050000000000000000e+01
1.290000000000000036e+01
4.110000000000000142e+01
2.130000000000000071e+01
3.620000000000000284e+01
1.019999999999999929e+01
2.960000000000000142e+01
2.400000000000000000e+01
1.090000000000000036e+01
1.869999999999999929e+01
6.060000000000000142e+01
2.350000000000000000e+01
4.229999999999999716e+01
1.939999999999999858e+01
2.589999999999999858e+01
3.080000000000000071e+01
3.900000000000000000e+01
4.420000000000000284e+01
1.850000000000000000e+01
2.869999999999999929e+01
3.879999999999999716e+01
2.669999999999999929e+01
5.250000000000000000e+01
3.710000000000000142e+01
3.160000000000000142e+01
3.200000000000000000e+01
3.770000000000000284e+01
3.850000000000000000e+01
3.989999999999999858e+01
3.850000000000000000e+01
3.989999999999999858e+01
2.900000000000000000e+01
6.740000000000000568e+01
3.060000000000000142e+01
2.400000000000000000e+01
5.779999999999999716e+01
3.510000000000000142e+01
2.730000000000000071e+01
3.210000000000000142e+01
2.919999999999999929e+01
2.860000000000000142e+01
3.500000000000000000e+01
2.200000000000000000e+01
2.880000000000000071e+01
3.100000000000000000e+01
3.870000000000000284e+01
3.720000000000000284e+01
4.860000000000000142e+01
6.010000000000000142e+01
2.360000000000000142e+01
3.329999999999999716e+01
0.000000000000000000e+00
0.000000000000000000e+00
0.000000000000000000e+00
0.000000000000000000e+00
0.000000000000000000e+00
0.000000000000000000e+00
0.000000000000000000e+00
0.000000000000000000e+00
0.000000000000000000e+00
0.000000000000000000e+00
0.000000000000000000e+00
0.000000000000000000e+00
0.000000000000000000e+00
2.950000000000000000e+01
0.000000000000000000e+00
0.000000000000000000e+00
2.839999999999999858e+01
0.000000000000000000e+00
0.000000000000000000e+00
0.000000000000000000e+00
0.000000000000000000e+00
0.000000000000000000e+00
1.800000000000000000e+01
0.000000000000000000e+00
4.270000000000000284e+01
0.000000000000000000e+00
9.000000000000000222e-01
1.399999999999999911e+00
0.000000000000000000e+00
0.000000000000000000e+00
0.000000000000000000e+00
0.000000000000000000e+00
0.000000000000000000e+00
1.719999999999999929e+01
1.469999999999999929e+01
0.000000000000000000e+00
0.000000000000000000e+00
0.000000000000000000e+00
0.000000000000000000e+00
0.000000000000000000e+00
0.000000000000000000e+00
0.000000000000000000e+00
0.000000000000000000e+00
0.000000000000000000e+00
