2.610000000000000142e+01
6.039999999999999858e+01
1.219999999999999929e+01
2.130000000000000071e+01
2.750000000000000000e+01
1.419999999999999929e+01
4.000000000000000000e+01
3.529999999999999716e+01
2.980000000000000071e+01
1.290000000000000036e+01
2.160000000000000142e+01
1.069999999999999929e+01
1.430000000000000071e+01
3.560000000000000142e+01
1.259999999999999964e+01
2.219999999999999929e+01
1.950000000000000000e+01
3.570000000000000284e+01
1.819999999999999929e+01
2.989999999999999858e+01
1.530000000000000071e+01
4.239999999999999858e+01
