1.819999999999999929e+01
4.100000000000000000e+01
1.880000000000000071e+01
4.189999999999999858e+01
2.030000000000000071e+01
1.900000000000000000e+01
1.419999999999999929e+01
7.170000000000000284e+01
1.960000000000000142e+01
1.810000000000000142e+01
1.280000000000000071e+01
2.539999999999999858e+01
3.060000000000000142e+01
9.400000000000000355e+00
1.280000000000000071e+01
2.539999999999999858e+01
3.060000000000000142e+01
3.429999999999999716e+01
3.510000000000000142e+01
0.000000000000000000e+00
0.000000000000000000e+00
0.000000000000000000e+00
4.700000000000000178e+00
0.000000000000000000e+00
0.000000000000000000e+00
0.000000000000000000e+00
0.000000000000000000e+00
0.000000000000000000e+00
0.000000000000000000e+00
0.000000000000000000e+00
0.000000000000000000e+00
0.000000000000000000e+00
0.000000000000000000e+00
0.000000000000000000e+00
0.000000000000000000e+00
0.000000000000000000e+00
0.000000000000000000e+00
0.000000000000000000e+00
0.000000000000000000e+00
0.000000000000000000e+00
0.000000000000000000e+00
0.000000000000000000e+00
0.000000000000000000e+00
2.000000000000000111e-01
0.000000000000000000e+00
0.000000000000000000e+00
0.000000000000000000e+00
0.000000000000000000e+00
0.000000000000000000e+00
8.000000000000000444e-01
0.000000000000000000e+00
0.000000000000000000e+00
0.000000000000000000e+00
1.989999999999999858e+01
1.950000000000000000e+01
1.140000000000000036e+01
5.920000000000000284e+01
1.469999999999999929e+01
4.589999999999999858e+01
1.550000000000000000e+01
