2.669999999999999929e+01
6.039999999999999858e+01
1.530000000000000071e+01
2.769999999999999929e+01
2.139999999999999858e+01
3.810000000000000142e+01
3.860000000000000142e+01
1.590000000000000036e+01
1.869999999999999929e+01
3.539999999999999858e+01
2.489999999999999858e+01
1.080000000000000071e+01
2.210000000000000142e+01
1.600000000000000000e+01
2.819999999999999929e+01
3.760000000000000142e+01
2.030000000000000071e+01
2.819999999999999929e+01
3.760000000000000142e+01
2.030000000000000071e+01
2.110000000000000142e+01
4.329999999999999716e+01
4.029999999999999716e+01
2.869999999999999929e+01
2.360000000000000142e+01
3.639999999999999858e+01
3.529999999999999716e+01
4.379999999999999716e+01
2.669999999999999929e+01
2.389999999999999858e+01
2.210000000000000142e+01
5.350000000000000000e+01
3.189999999999999858e+01
3.970000000000000284e+01
2.580000000000000071e+01
2.039999999999999858e+01
3.910000000000000142e+01
3.239999999999999858e+01
2.760000000000000142e+01
2.589999999999999858e+01
2.789999999999999858e+01
6.900000000000000000e+01
3.560000000000000142e+01
2.580000000000000071e+01
3.510000000000000142e+01
2.280000000000000071e+01
3.850000000000000000e+01
3.169999999999999929e+01
3.479999999999999716e+01
3.770000000000000284e+01
3.439999999999999858e+01
4.220000000000000284e+01
2.819999999999999929e+01
3.760000000000000142e+01
2.030000000000000071e+01
2.110000000000000142e+01
4.329999999999999716e+01
4.029999999999999716e+01
2.869999999999999929e+01
2.360000000000000142e+01
3.639999999999999858e+01
3.529999999999999716e+01
4.379999999999999716e+01
2.669999999999999929e+01
2.389999999999999858e+01
2.210000000000000142e+01
5.350000000000000000e+01
3.189999999999999858e+01
3.970000000000000284e+01
2.580000000000000071e+01
2.039999999999999858e+01
3.910000000000000142e+01
3.239999999999999858e+01
2.760000000000000142e+01
2.589999999999999858e+01
2.789999999999999858e+01
6.900000000000000000e+01
3.560000000000000142e+01
2.580000000000000071e+01
3.510000000000000142e+01
2.280000000000000071e+01
3.850000000000000000e+01
3.169999999999999929e+01
3.479999999999999716e+01
3.770000000000000284e+01
3.439999999999999858e+01
4.220000000000000284e+01
