1.730000000000000071e+01
2.700000000000000000e+01
2.989999999999999858e+01
3.200000000000000000e+01
1.630000000000000071e+01
4.000000000000000000e+01
3.679999999999999716e+01
1.359999999999999964e+01
3.679999999999999716e+01
3.150000000000000000e+01
2.719999999999999929e+01
2.000000000000000000e+01
4.170000000000000284e+01
5.270000000000000284e+01
2.580000000000000071e+01
3.789999999999999858e+01
4.410000000000000142e+01
4.389999999999999858e+01
2.189999999999999858e+01
2.480000000000000071e+01
0.000000000000000000e+00
0.000000000000000000e+00
1.969999999999999929e+01
9.800000000000000711e+00
0.000000000000000000e+00
2.300000000000000000e+01
0.000000000000000000e+00
6.099999999999999645e+00
0.000000000000000000e+00
0.000000000000000000e+00
4.799999999999999822e+00
0.000000000000000000e+00
2.860000000000000142e+01
3.069999999999999929e+01
0.000000000000000000e+00
0.000000000000000000e+00
