2.810000000000000142e+01
4.889999999999999858e+01
2.950000000000000000e+01
3.370000000000000284e+01
4.810000000000000142e+01
1.019999999999999929e+01
2.930000000000000071e+01
2.110000000000000142e+01
2.200000000000000000e+01
5.279999999999999716e+01
5.689999999999999858e+01
7.320000000000000284e+01
2.939999999999999858e+01
3.910000000000000142e+01
4.520000000000000284e+01
3.979999999999999716e+01
7.840000000000000568e+01
4.670000000000000284e+01
7.429999999999999716e+01
6.329999999999999716e+01
5.029999999999999716e+01
2.800000000000000000e+01
7.120000000000000284e+01
1.290000000000000036e+01
7.340000000000000568e+01
2.600000000000000000e+01
9.170000000000000284e+01
2.869999999999999929e+01
7.329999999999999716e+01
4.300000000000000000e+01
7.129999999999999716e+01
8.320000000000000284e+01
8.640000000000000568e+01
3.270000000000000284e+01
4.629999999999999716e+01
9.220000000000000284e+01
8.140000000000000568e+01
8.050000000000000000e+01
7.570000000000000284e+01
7.279999999999999716e+01
5.770000000000000284e+01
5.720000000000000284e+01
6.740000000000000568e+01
7.520000000000000284e+01
7.190000000000000568e+01
3.050000000000000000e+01
2.269999999999999929e+01
7.629999999999999716e+01
7.650000000000000000e+01
7.579999999999999716e+01
8.220000000000000284e+01
