3.130000000000000071e+01
2.439999999999999858e+01
3.379999999999999716e+01
3.579999999999999716e+01
6.389999999999999858e+01
2.330000000000000071e+01
3.620000000000000284e+01
1.130000000000000071e+01
2.280000000000000071e+01
1.109999999999999964e+01
2.630000000000000071e+01
1.180000000000000071e+01
3.720000000000000284e+01
3.239999999999999858e+01
2.789999999999999858e+01
2.719999999999999929e+01
1.469999999999999929e+01
2.380000000000000071e+01
1.819999999999999929e+01
3.589999999999999858e+01
2.119999999999999929e+01
1.169999999999999929e+01
3.720000000000000284e+01
2.510000000000000142e+01
3.589999999999999858e+01
2.119999999999999929e+01
3.720000000000000284e+01
2.510000000000000142e+01
3.970000000000000284e+01
2.130000000000000071e+01
2.380000000000000071e+01
3.250000000000000000e+01
3.300000000000000000e+01
3.239999999999999858e+01
3.270000000000000284e+01
2.010000000000000142e+01
3.239999999999999858e+01
3.900000000000000000e+01
2.930000000000000071e+01
2.850000000000000000e+01
2.789999999999999858e+01
2.939999999999999858e+01
3.229999999999999716e+01
2.660000000000000142e+01
2.150000000000000000e+01
2.789999999999999858e+01
6.970000000000000284e+01
2.069999999999999929e+01
2.660000000000000142e+01
0.000000000000000000e+00
0.000000000000000000e+00
0.000000000000000000e+00
0.000000000000000000e+00
0.000000000000000000e+00
0.000000000000000000e+00
0.000000000000000000e+00
0.000000000000000000e+00
0.000000000000000000e+00
0.000000000000000000e+00
0.000000000000000000e+00
0.000000000000000000e+00
2.500000000000000000e+00
0.000000000000000000e+00
0.000000000000000000e+00
0.000000000000000000e+00
0.000000000000000000e+00
0.000000000000000000e+00
4.000000000000000000e+00
0.000000000000000000e+00
3.019999999999999929e+01
0.000000000000000000e+00
0.000000000000000000e+00
0.000000000000000000e+00
0.000000000000000000e+00
0.000000000000000000e+00
0.000000000000000000e+00
7.500000000000000000e+00
0.000000000000000000e+00
4.700000000000000178e+00
0.000000000000000000e+00
0.000000000000000000e+00
0.000000000000000000e+00
0.000000000000000000e+00
0.000000000000000000e+00
0.000000000000000000e+00
0.000000000000000000e+00
0.000000000000000000e+00
0.000000000000000000e+00
0.000000000000000000e+00
2.689999999999999858e+01
3.039999999999999858e+01
0.000000000000000000e+00
0.000000000000000000e+00
0.000000000000000000e+00
3.800000000000000000e+01
0.000000000000000000e+00
0.000000000000000000e+00
0.000000000000000000e+00
0.000000000000000000e+00
0.000000000000000000e+00
4.629999999999999716e+01
0.000000000000000000e+00
0.000000000000000000e+00
