3.889999999999999858e+01
1.930000000000000071e+01
4.420000000000000284e+01
1.969999999999999929e+01
4.439999999999999858e+01
3.260000000000000142e+01
3.310000000000000142e+01
4.339999999999999858e+01
1.619999999999999929e+01
2.410000000000000142e+01
4.429999999999999716e+01
3.310000000000000142e+01
4.339999999999999858e+01
2.410000000000000142e+01
4.429999999999999716e+01
4.020000000000000284e+01
2.200000000000000000e+01
5.039999999999999858e+01
2.869999999999999929e+01
2.939999999999999858e+01
3.860000000000000142e+01
2.669999999999999929e+01
3.670000000000000284e+01
3.729999999999999716e+01
3.420000000000000284e+01
3.639999999999999858e+01
2.500000000000000000e+01
3.050000000000000000e+01
3.870000000000000284e+01
2.700000000000000000e+01
6.490000000000000568e+01
4.829999999999999716e+01
0.000000000000000000e+00
1.109999999999999964e+01
9.900000000000000355e+00
0.000000000000000000e+00
0.000000000000000000e+00
0.000000000000000000e+00
0.000000000000000000e+00
0.000000000000000000e+00
7.229999999999999716e+01
0.000000000000000000e+00
0.000000000000000000e+00
0.000000000000000000e+00
0.000000000000000000e+00
0.000000000000000000e+00
0.000000000000000000e+00
0.000000000000000000e+00
0.000000000000000000e+00
0.000000000000000000e+00
0.000000000000000000e+00
2.269999999999999929e+01
2.600000000000000089e+00
4.770000000000000284e+01
0.000000000000000000e+00
2.200000000000000178e+00
6.900000000000000355e+00
0.000000000000000000e+00
0.000000000000000000e+00
1.080000000000000071e+01
0.000000000000000000e+00
0.000000000000000000e+00
0.000000000000000000e+00
0.000000000000000000e+00
0.000000000000000000e+00
0.000000000000000000e+00
2.889999999999999858e+01
0.000000000000000000e+00
0.000000000000000000e+00
0.000000000000000000e+00
0.000000000000000000e+00
1.800000000000000044e+00
