2.460000000000000142e+01
1.530000000000000071e+01
4.479999999999999716e+01
3.660000000000000142e+01
3.300000000000000000e+01
4.160000000000000142e+01
1.930000000000000071e+01
1.490000000000000036e+01
3.729999999999999716e+01
4.179999999999999716e+01
2.989999999999999858e+01
1.500000000000000000e+01
4.660000000000000142e+01
2.180000000000000071e+01
1.200000000000000000e+01
1.989999999999999858e+01
1.330000000000000071e+01
3.960000000000000142e+01
2.180000000000000071e+01
3.960000000000000142e+01
2.280000000000000071e+01
2.139999999999999858e+01
2.950000000000000000e+01
3.560000000000000142e+01
3.570000000000000284e+01
3.839999999999999858e+01
4.639999999999999858e+01
3.229999999999999716e+01
6.929999999999999716e+01
2.730000000000000071e+01
4.089999999999999858e+01
3.350000000000000000e+01
2.880000000000000071e+01
0.000000000000000000e+00
0.000000000000000000e+00
0.000000000000000000e+00
0.000000000000000000e+00
0.000000000000000000e+00
0.000000000000000000e+00
0.000000000000000000e+00
0.000000000000000000e+00
0.000000000000000000e+00
2.980000000000000071e+01
3.050000000000000000e+01
3.629999999999999716e+01
0.000000000000000000e+00
0.000000000000000000e+00
0.000000000000000000e+00
1.040000000000000036e+01
0.000000000000000000e+00
0.000000000000000000e+00
0.000000000000000000e+00
0.000000000000000000e+00
0.000000000000000000e+00
0.000000000000000000e+00
0.000000000000000000e+00
1.100000000000000089e+00
0.000000000000000000e+00
0.000000000000000000e+00
3.060000000000000142e+01
0.000000000000000000e+00
0.000000000000000000e+00
1.019999999999999929e+01
0.000000000000000000e+00
0.000000000000000000e+00
0.000000000000000000e+00
0.000000000000000000e+00
0.000000000000000000e+00
0.000000000000000000e+00
1.219999999999999929e+01
0.000000000000000000e+00
0.000000000000000000e+00
0.000000000000000000e+00
0.000000000000000000e+00
0.000000000000000000e+00
