3.229999999999999716e+01
1.300000000000000000e+01
2.510000000000000142e+01
3.289999999999999858e+01
2.050000000000000000e+01
3.850000000000000000e+01
3.470000000000000284e+01
3.679999999999999716e+01
1.939999999999999858e+01
6.659999999999999432e+01
2.869999999999999929e+01
3.460000000000000142e+01
1.069999999999999929e+01
2.239999999999999858e+01
2.160000000000000142e+01
1.719999999999999929e+01
1.880000000000000071e+01
5.370000000000000284e+01
2.480000000000000071e+01
2.630000000000000071e+01
