1.919999999999999929e+01
3.700000000000000000e+01
3.820000000000000284e+01
3.979999999999999716e+01
2.330000000000000071e+01
3.050000000000000000e+01
4.110000000000000142e+01
1.240000000000000036e+01
8.500000000000000000e+00
6.099999999999999645e+00
5.400000000000000355e+00
6.299999999999999822e+00
3.050000000000000000e+01
4.110000000000000142e+01
1.240000000000000036e+01
1.650000000000000000e+01
3.629999999999999716e+01
2.919999999999999929e+01
5.729999999999999716e+01
3.350000000000000000e+01
2.560000000000000142e+01
4.220000000000000284e+01
2.330000000000000071e+01
2.119999999999999929e+01
2.389999999999999858e+01
3.130000000000000071e+01
3.660000000000000142e+01
3.379999999999999716e+01
3.620000000000000284e+01
1.209999999999999964e+01
1.100000000000000000e+01
2.330000000000000071e+01
2.119999999999999929e+01
2.389999999999999858e+01
3.130000000000000071e+01
3.660000000000000142e+01
1.639999999999999858e+01
3.379999999999999716e+01
3.620000000000000284e+01
3.920000000000000284e+01
1.169999999999999929e+01
1.190000000000000036e+01
