1.689999999999999858e+01
1.639999999999999858e+01
4.920000000000000284e+01
3.169999999999999929e+01
3.119999999999999929e+01
2.689999999999999858e+01
3.200000000000000000e+01
4.500000000000000000e+01
2.960000000000000142e+01
4.500000000000000000e+01
2.960000000000000142e+01
2.450000000000000000e+01
4.189999999999999858e+01
4.270000000000000284e+01
2.289999999999999858e+01
3.550000000000000000e+01
4.129999999999999716e+01
2.600000000000000000e+01
2.150000000000000000e+01
3.270000000000000284e+01
0.000000000000000000e+00
8.000000000000000444e-01
3.239999999999999858e+01
3.239999999999999858e+01
0.000000000000000000e+00
0.000000000000000000e+00
