2.760000000000000142e+01
2.639999999999999858e+01
5.189999999999999858e+01
2.460000000000000142e+01
2.019999999999999929e+01
2.019999999999999929e+01
3.180000000000000071e+01
2.180000000000000071e+01
4.229999999999999716e+01
5.570000000000000284e+01
4.289999999999999858e+01
3.260000000000000142e+01
3.250000000000000000e+01
0.000000000000000000e+00
3.639999999999999858e+01
0.000000000000000000e+00
0.000000000000000000e+00
7.300000000000000000e+01
0.000000000000000000e+00
1.180000000000000071e+01
