1.319999999999999929e+01
2.610000000000000142e+01
4.420000000000000284e+01
1.469999999999999929e+01
9.000000000000000000e+00
5.700000000000000178e+00
4.029999999999999716e+01
2.530000000000000071e+01
1.009999999999999964e+01
4.389999999999999858e+01
1.540000000000000036e+01
2.310000000000000142e+01
4.029999999999999716e+01
2.530000000000000071e+01
4.389999999999999858e+01
2.310000000000000142e+01
2.119999999999999929e+01
1.009999999999999964e+01
1.540000000000000036e+01
1.400000000000000000e+01
2.119999999999999929e+01
