3.130000000000000071e+01
2.600000000000000000e+01
1.819999999999999929e+01
4.089999999999999858e+01
1.109999999999999964e+01
4.089999999999999858e+01
5.900000000000000355e+00
4.089999999999999858e+01
1.109999999999999964e+01
4.089999999999999858e+01
1.869999999999999929e+01
7.400000000000000355e+00
4.039999999999999858e+01
2.800000000000000000e+01
8.800000000000000711e+00
3.169999999999999929e+01
8.199999999999999289e+00
5.200000000000000178e+00
4.089999999999999858e+01
4.089999999999999858e+01
4.039999999999999858e+01
2.800000000000000000e+01
3.169999999999999929e+01
3.039999999999999858e+01
2.600000000000000000e+01
