4.260000000000000142e+01
2.250000000000000000e+01
2.539999999999999858e+01
2.250000000000000000e+01
4.039999999999999858e+01
3.679999999999999716e+01
2.069999999999999929e+01
5.120000000000000284e+01
2.830000000000000071e+01
3.039999999999999858e+01
2.630000000000000071e+01
2.250000000000000000e+01
2.539999999999999858e+01
2.250000000000000000e+01
4.039999999999999858e+01
3.679999999999999716e+01
2.069999999999999929e+01
5.120000000000000284e+01
2.830000000000000071e+01
3.039999999999999858e+01
2.630000000000000071e+01
