2.969999999999999929e+01
3.239999999999999858e+01
2.130000000000000071e+01
3.239999999999999858e+01
2.130000000000000071e+01
2.100000000000000000e+01
4.000000000000000000e+01
2.050000000000000000e+01
2.269999999999999929e+01
2.750000000000000000e+01
2.039999999999999858e+01
2.600000000000000000e+01
2.100000000000000000e+01
3.239999999999999858e+01
2.130000000000000071e+01
2.100000000000000000e+01
4.000000000000000000e+01
2.050000000000000000e+01
2.269999999999999929e+01
2.750000000000000000e+01
2.039999999999999858e+01
2.600000000000000000e+01
2.100000000000000000e+01
