1.810000000000000142e+01
2.069999999999999929e+01
3.429999999999999716e+01
2.380000000000000071e+01
1.930000000000000071e+01
4.479999999999999716e+01
1.319999999999999929e+01
3.910000000000000142e+01
1.180000000000000071e+01
4.479999999999999716e+01
3.910000000000000142e+01
3.720000000000000284e+01
2.460000000000000142e+01
2.680000000000000071e+01
3.829999999999999716e+01
7.109999999999999432e+01
2.330000000000000071e+01
3.500000000000000000e+01
2.839999999999999858e+01
2.519999999999999929e+01
4.289999999999999858e+01
0.000000000000000000e+00
0.000000000000000000e+00
0.000000000000000000e+00
0.000000000000000000e+00
0.000000000000000000e+00
0.000000000000000000e+00
3.570000000000000284e+01
0.000000000000000000e+00
0.000000000000000000e+00
5.000000000000000000e+00
0.000000000000000000e+00
0.000000000000000000e+00
5.360000000000000142e+01
0.000000000000000000e+00
0.000000000000000000e+00
2.730000000000000071e+01
3.360000000000000142e+01
0.000000000000000000e+00
0.000000000000000000e+00
4.629999999999999716e+01
0.000000000000000000e+00
3.180000000000000071e+01
0.000000000000000000e+00
0.000000000000000000e+00
0.000000000000000000e+00
