2.200000000000000000e+01
2.569999999999999929e+01
2.400000000000000000e+01
1.910000000000000142e+01
1.040000000000000036e+01
3.089999999999999858e+01
2.639999999999999858e+01
3.550000000000000000e+01
3.050000000000000000e+01
1.330000000000000071e+01
4.060000000000000142e+01
1.969999999999999929e+01
1.480000000000000071e+01
1.800000000000000000e+01
4.060000000000000142e+01
3.130000000000000071e+01
3.239999999999999858e+01
2.950000000000000000e+01
3.920000000000000284e+01
2.019999999999999929e+01
3.910000000000000142e+01
8.559999999999999432e+01
2.480000000000000071e+01
2.080000000000000071e+01
3.239999999999999858e+01
2.389999999999999858e+01
2.389999999999999858e+01
3.250000000000000000e+01
3.750000000000000000e+01
4.120000000000000284e+01
3.739999999999999858e+01
2.439999999999999858e+01
2.339999999999999858e+01
2.219999999999999929e+01
3.300000000000000000e+01
3.279999999999999716e+01
2.200000000000000000e+01
2.360000000000000142e+01
3.160000000000000142e+01
3.910000000000000142e+01
4.329999999999999716e+01
2.019999999999999929e+01
2.139999999999999858e+01
4.060000000000000142e+01
3.130000000000000071e+01
3.239999999999999858e+01
2.950000000000000000e+01
3.920000000000000284e+01
2.019999999999999929e+01
3.910000000000000142e+01
8.559999999999999432e+01
2.480000000000000071e+01
2.080000000000000071e+01
3.239999999999999858e+01
2.389999999999999858e+01
2.389999999999999858e+01
3.250000000000000000e+01
3.750000000000000000e+01
4.120000000000000284e+01
3.739999999999999858e+01
2.439999999999999858e+01
2.339999999999999858e+01
2.219999999999999929e+01
3.300000000000000000e+01
3.279999999999999716e+01
2.200000000000000000e+01
2.360000000000000142e+01
3.160000000000000142e+01
3.910000000000000142e+01
4.329999999999999716e+01
2.019999999999999929e+01
2.139999999999999858e+01
