3.810000000000000142e+01
1.009999999999999964e+01
2.580000000000000071e+01
5.429999999999999716e+01
5.879999999999999716e+01
5.429999999999999716e+01
5.879999999999999716e+01
2.219999999999999929e+01
5.629999999999999716e+01
3.150000000000000000e+01
3.329999999999999716e+01
2.810000000000000142e+01
3.389999999999999858e+01
2.960000000000000142e+01
4.660000000000000142e+01
4.950000000000000000e+01
3.270000000000000284e+01
3.529999999999999716e+01
2.989999999999999858e+01
2.710000000000000142e+01
2.669999999999999929e+01
3.089999999999999858e+01
4.529999999999999716e+01
2.750000000000000000e+01
2.869999999999999929e+01
2.519999999999999929e+01
3.239999999999999858e+01
2.280000000000000071e+01
3.820000000000000284e+01
5.429999999999999716e+01
5.879999999999999716e+01
2.219999999999999929e+01
5.629999999999999716e+01
3.150000000000000000e+01
3.329999999999999716e+01
2.810000000000000142e+01
3.389999999999999858e+01
2.960000000000000142e+01
4.660000000000000142e+01
4.950000000000000000e+01
3.270000000000000284e+01
3.529999999999999716e+01
2.989999999999999858e+01
2.710000000000000142e+01
2.669999999999999929e+01
3.089999999999999858e+01
4.529999999999999716e+01
2.750000000000000000e+01
2.519999999999999929e+01
3.239999999999999858e+01
2.280000000000000071e+01
3.820000000000000284e+01
