2.400000000000000000e+01
1.839999999999999858e+01
5.000000000000000000e+01
6.609999999999999432e+01
1.950000000000000000e+01
4.689999999999999858e+01
1.660000000000000142e+01
2.510000000000000142e+01
3.700000000000000000e+01
2.350000000000000000e+01
3.529999999999999716e+01
2.719999999999999929e+01
2.380000000000000071e+01
9.699999999999999289e+00
3.820000000000000284e+01
4.689999999999999858e+01
3.720000000000000284e+01
1.300000000000000000e+01
2.000000000000000000e+01
3.410000000000000142e+01
2.510000000000000142e+01
3.700000000000000000e+01
2.350000000000000000e+01
3.529999999999999716e+01
2.719999999999999929e+01
2.380000000000000071e+01
3.820000000000000284e+01
4.689999999999999858e+01
3.720000000000000284e+01
2.000000000000000000e+01
3.410000000000000142e+01
3.220000000000000284e+01
1.300000000000000000e+01
3.220000000000000284e+01
1.459999999999999964e+01
