4.470000000000000284e+01
3.260000000000000142e+01
1.209999999999999964e+01
2.680000000000000071e+01
1.440000000000000036e+01
3.320000000000000284e+01
1.250000000000000000e+01
3.320000000000000284e+01
3.489999999999999858e+01
4.220000000000000284e+01
3.800000000000000000e+01
5.239999999999999858e+01
3.160000000000000142e+01
2.280000000000000071e+01
5.720000000000000284e+01
6.529999999999999716e+01
4.510000000000000142e+01
4.939999999999999858e+01
2.869999999999999929e+01
3.320000000000000284e+01
3.489999999999999858e+01
4.220000000000000284e+01
3.800000000000000000e+01
5.239999999999999858e+01
3.160000000000000142e+01
2.280000000000000071e+01
5.720000000000000284e+01
6.529999999999999716e+01
4.510000000000000142e+01
4.939999999999999858e+01
2.869999999999999929e+01
