1.250000000000000000e+01
2.300000000000000000e+01
4.810000000000000142e+01
1.030000000000000071e+01
2.539999999999999858e+01
4.339999999999999858e+01
4.810000000000000142e+01
2.539999999999999858e+01
4.339999999999999858e+01
5.089999999999999858e+01
3.250000000000000000e+01
2.860000000000000142e+01
2.789999999999999858e+01
6.270000000000000284e+01
2.750000000000000000e+01
2.619999999999999929e+01
3.250000000000000000e+01
2.189999999999999858e+01
3.000000000000000000e+01
0.000000000000000000e+00
0.000000000000000000e+00
3.299999999999999822e+00
0.000000000000000000e+00
0.000000000000000000e+00
0.000000000000000000e+00
1.000000000000000056e-01
