4.450000000000000000e+01
2.739999999999999858e+01
3.660000000000000142e+01
3.050000000000000000e+01
9.699999999999999289e+00
8.699999999999999289e+00
3.050000000000000000e+01
1.000000000000000000e+01
3.839999999999999858e+01
3.050000000000000000e+01
3.839999999999999858e+01
3.820000000000000284e+01
3.210000000000000142e+01
3.910000000000000142e+01
2.110000000000000142e+01
3.229999999999999716e+01
1.000000000000000000e+01
3.910000000000000142e+01
2.110000000000000142e+01
3.229999999999999716e+01
3.920000000000000284e+01
2.000000000000000000e+01
