4.050000000000000000e+01
2.680000000000000071e+01
2.039999999999999858e+01
2.569999999999999929e+01
3.960000000000000142e+01
2.310000000000000142e+01
1.450000000000000000e+01
3.460000000000000142e+01
1.500000000000000000e+01
1.050000000000000000e+01
2.869999999999999929e+01
7.200000000000000000e+01
2.560000000000000142e+01
2.750000000000000000e+01
4.820000000000000284e+01
4.060000000000000142e+01
2.330000000000000071e+01
3.800000000000000000e+01
1.409999999999999964e+01
1.730000000000000071e+01
4.820000000000000284e+01
4.060000000000000142e+01
2.330000000000000071e+01
3.800000000000000000e+01
2.300000000000000000e+01
2.860000000000000142e+01
6.579999999999999716e+01
3.239999999999999858e+01
3.220000000000000284e+01
3.260000000000000142e+01
5.100000000000000000e+01
3.650000000000000000e+01
3.400000000000000000e+01
2.380000000000000071e+01
2.160000000000000142e+01
3.229999999999999716e+01
3.920000000000000284e+01
3.610000000000000142e+01
2.730000000000000071e+01
2.869999999999999929e+01
2.880000000000000071e+01
5.270000000000000284e+01
3.050000000000000000e+01
3.320000000000000284e+01
2.510000000000000142e+01
6.160000000000000142e+01
3.579999999999999716e+01
6.339999999999999858e+01
3.379999999999999716e+01
3.050000000000000000e+01
3.270000000000000284e+01
9.829999999999999716e+01
3.960000000000000142e+01
3.679999999999999716e+01
4.820000000000000284e+01
4.060000000000000142e+01
2.330000000000000071e+01
3.800000000000000000e+01
2.300000000000000000e+01
2.860000000000000142e+01
6.579999999999999716e+01
3.239999999999999858e+01
3.220000000000000284e+01
3.260000000000000142e+01
5.100000000000000000e+01
3.650000000000000000e+01
3.400000000000000000e+01
2.380000000000000071e+01
2.160000000000000142e+01
3.229999999999999716e+01
3.920000000000000284e+01
3.610000000000000142e+01
2.730000000000000071e+01
2.869999999999999929e+01
2.880000000000000071e+01
5.270000000000000284e+01
3.050000000000000000e+01
3.320000000000000284e+01
2.510000000000000142e+01
6.160000000000000142e+01
3.579999999999999716e+01
6.339999999999999858e+01
3.379999999999999716e+01
3.050000000000000000e+01
3.270000000000000284e+01
9.829999999999999716e+01
3.960000000000000142e+01
3.679999999999999716e+01
