2.530000000000000071e+01
3.239999999999999858e+01
4.410000000000000142e+01
2.980000000000000071e+01
3.160000000000000142e+01
3.160000000000000142e+01
4.300000000000000000e+01
3.150000000000000000e+01
2.530000000000000071e+01
3.570000000000000284e+01
3.679999999999999716e+01
3.920000000000000284e+01
3.429999999999999716e+01
3.160000000000000142e+01
4.300000000000000000e+01
3.150000000000000000e+01
2.530000000000000071e+01
3.570000000000000284e+01
3.679999999999999716e+01
3.920000000000000284e+01
3.429999999999999716e+01
