1.559999999999999964e+01
3.450000000000000000e+01
2.700000000000000000e+01
1.230000000000000071e+01
1.230000000000000071e+01
8.199999999999999289e+00
2.080000000000000071e+01
1.889999999999999858e+01
1.650000000000000000e+01
2.739999999999999858e+01
1.250000000000000000e+01
3.989999999999999858e+01
2.080000000000000071e+01
2.739999999999999858e+01
3.989999999999999858e+01
3.339999999999999858e+01
3.960000000000000142e+01
1.230000000000000071e+01
1.889999999999999858e+01
1.650000000000000000e+01
1.250000000000000000e+01
1.219999999999999929e+01
3.960000000000000142e+01
2.780000000000000071e+01
