4.320000000000000284e+01
6.120000000000000284e+01
4.689999999999999858e+01
3.260000000000000142e+01
3.239999999999999858e+01
4.689999999999999858e+01
3.260000000000000142e+01
3.239999999999999858e+01
3.239999999999999858e+01
2.680000000000000071e+01
4.750000000000000000e+01
2.360000000000000142e+01
3.339999999999999858e+01
2.660000000000000142e+01
0.000000000000000000e+00
0.000000000000000000e+00
0.000000000000000000e+00
0.000000000000000000e+00
0.000000000000000000e+00
0.000000000000000000e+00
3.260000000000000142e+01
0.000000000000000000e+00
0.000000000000000000e+00
0.000000000000000000e+00
