4.089999999999999858e+01
1.140000000000000036e+01
8.409999999999999432e+01
8.409999999999999432e+01
5.429999999999999716e+01
2.010000000000000142e+01
4.000000000000000000e+01
3.950000000000000000e+01
2.169999999999999929e+01
3.239999999999999858e+01
2.019999999999999929e+01
3.770000000000000284e+01
2.689999999999999858e+01
3.650000000000000000e+01
8.409999999999999432e+01
5.429999999999999716e+01
2.010000000000000142e+01
4.000000000000000000e+01
3.950000000000000000e+01
2.169999999999999929e+01
3.239999999999999858e+01
2.019999999999999929e+01
3.770000000000000284e+01
2.689999999999999858e+01
3.650000000000000000e+01
