2.869999999999999929e+01
6.670000000000000284e+01
4.070000000000000284e+01
1.180000000000000071e+01
4.700000000000000000e+01
2.410000000000000142e+01
1.680000000000000071e+01
3.510000000000000142e+01
4.610000000000000142e+01
4.639999999999999858e+01
3.150000000000000000e+01
1.880000000000000071e+01
2.380000000000000071e+01
4.279999999999999716e+01
2.119999999999999929e+01
3.710000000000000142e+01
2.950000000000000000e+01
4.070000000000000284e+01
4.279999999999999716e+01
2.119999999999999929e+01
3.710000000000000142e+01
2.950000000000000000e+01
4.070000000000000284e+01
3.589999999999999858e+01
2.660000000000000142e+01
2.730000000000000071e+01
3.929999999999999716e+01
2.389999999999999858e+01
2.810000000000000142e+01
4.720000000000000284e+01
2.660000000000000142e+01
4.439999999999999858e+01
2.650000000000000000e+01
3.879999999999999716e+01
4.179999999999999716e+01
3.939999999999999858e+01
2.080000000000000071e+01
3.030000000000000071e+01
4.370000000000000284e+01
2.950000000000000000e+01
3.929999999999999716e+01
3.019999999999999929e+01
3.479999999999999716e+01
2.860000000000000142e+01
4.170000000000000284e+01
3.119999999999999929e+01
3.110000000000000142e+01
3.739999999999999858e+01
2.950000000000000000e+01
5.550000000000000000e+01
3.839999999999999858e+01
3.100000000000000000e+01
2.860000000000000142e+01
3.010000000000000142e+01
4.520000000000000284e+01
3.250000000000000000e+01
3.410000000000000142e+01
3.610000000000000142e+01
4.279999999999999716e+01
2.119999999999999929e+01
3.710000000000000142e+01
2.950000000000000000e+01
4.070000000000000284e+01
3.589999999999999858e+01
2.660000000000000142e+01
2.730000000000000071e+01
3.929999999999999716e+01
2.389999999999999858e+01
2.810000000000000142e+01
4.720000000000000284e+01
2.660000000000000142e+01
4.439999999999999858e+01
2.650000000000000000e+01
3.879999999999999716e+01
4.179999999999999716e+01
3.939999999999999858e+01
2.080000000000000071e+01
3.030000000000000071e+01
4.370000000000000284e+01
2.950000000000000000e+01
3.929999999999999716e+01
3.019999999999999929e+01
3.479999999999999716e+01
2.860000000000000142e+01
4.170000000000000284e+01
3.119999999999999929e+01
3.110000000000000142e+01
3.739999999999999858e+01
2.950000000000000000e+01
5.550000000000000000e+01
3.839999999999999858e+01
3.100000000000000000e+01
2.860000000000000142e+01
3.010000000000000142e+01
4.520000000000000284e+01
3.250000000000000000e+01
3.410000000000000142e+01
3.610000000000000142e+01
3.400000000000000000e+01
2.119999999999999929e+01
3.710000000000000142e+01
4.070000000000000284e+01
3.589999999999999858e+01
2.660000000000000142e+01
3.929999999999999716e+01
2.810000000000000142e+01
2.660000000000000142e+01
4.439999999999999858e+01
2.650000000000000000e+01
3.879999999999999716e+01
4.179999999999999716e+01
3.939999999999999858e+01
3.030000000000000071e+01
4.370000000000000284e+01
2.950000000000000000e+01
3.929999999999999716e+01
3.019999999999999929e+01
3.479999999999999716e+01
2.119999999999999929e+01
3.710000000000000142e+01
4.070000000000000284e+01
3.589999999999999858e+01
2.660000000000000142e+01
3.929999999999999716e+01
2.810000000000000142e+01
2.660000000000000142e+01
4.439999999999999858e+01
2.650000000000000000e+01
3.879999999999999716e+01
4.179999999999999716e+01
3.939999999999999858e+01
3.030000000000000071e+01
