2.860000000000000142e+01
1.250000000000000000e+01
3.770000000000000284e+01
7.600000000000000000e+01
3.889999999999999858e+01
4.439999999999999858e+01
2.810000000000000142e+01
3.789999999999999858e+01
3.520000000000000284e+01
1.769999999999999929e+01
3.789999999999999858e+01
3.520000000000000284e+01
3.810000000000000142e+01
5.629999999999999716e+01
5.620000000000000284e+01
6.350000000000000000e+01
3.030000000000000071e+01
5.420000000000000284e+01
5.750000000000000000e+01
3.030000000000000071e+01
3.720000000000000284e+01
4.729999999999999716e+01
3.189999999999999858e+01
2.960000000000000142e+01
3.080000000000000071e+01
3.130000000000000071e+01
5.650000000000000000e+01
4.400000000000000000e+01
4.570000000000000284e+01
4.479999999999999716e+01
2.839999999999999858e+01
4.089999999999999858e+01
5.260000000000000142e+01
2.069999999999999929e+01
6.239999999999999858e+01
5.429999999999999716e+01
6.239999999999999858e+01
4.729999999999999716e+01
3.189999999999999858e+01
2.960000000000000142e+01
3.080000000000000071e+01
3.130000000000000071e+01
5.650000000000000000e+01
