1.269999999999999929e+01
1.980000000000000071e+01
2.680000000000000071e+01
3.180000000000000071e+01
3.229999999999999716e+01
3.539999999999999858e+01
2.150000000000000000e+01
3.370000000000000284e+01
3.400000000000000000e+01
8.879999999999999716e+01
2.919999999999999929e+01
3.400000000000000000e+01
2.930000000000000071e+01
4.129999999999999716e+01
2.960000000000000142e+01
1.030000000000000071e+01
3.400000000000000000e+01
8.879999999999999716e+01
2.919999999999999929e+01
3.400000000000000000e+01
2.930000000000000071e+01
4.129999999999999716e+01
2.960000000000000142e+01
3.069999999999999929e+01
2.130000000000000071e+01
4.170000000000000284e+01
5.339999999999999858e+01
5.539999999999999858e+01
4.600000000000000000e+01
3.920000000000000284e+01
5.300000000000000000e+01
4.329999999999999716e+01
3.920000000000000284e+01
4.320000000000000284e+01
3.529999999999999716e+01
2.130000000000000071e+01
2.780000000000000071e+01
6.339999999999999858e+01
3.539999999999999858e+01
3.560000000000000142e+01
3.239999999999999858e+01
3.400000000000000000e+01
2.780000000000000071e+01
3.030000000000000071e+01
3.400000000000000000e+01
4.300000000000000000e+01
5.729999999999999716e+01
4.300000000000000000e+01
3.889999999999999858e+01
3.400000000000000000e+01
8.879999999999999716e+01
2.919999999999999929e+01
3.400000000000000000e+01
2.930000000000000071e+01
4.129999999999999716e+01
2.960000000000000142e+01
3.069999999999999929e+01
2.130000000000000071e+01
4.170000000000000284e+01
5.339999999999999858e+01
5.539999999999999858e+01
4.600000000000000000e+01
3.920000000000000284e+01
5.300000000000000000e+01
4.329999999999999716e+01
3.920000000000000284e+01
4.320000000000000284e+01
3.529999999999999716e+01
2.130000000000000071e+01
2.780000000000000071e+01
6.339999999999999858e+01
3.539999999999999858e+01
3.560000000000000142e+01
3.239999999999999858e+01
3.400000000000000000e+01
2.780000000000000071e+01
3.030000000000000071e+01
3.400000000000000000e+01
4.300000000000000000e+01
5.729999999999999716e+01
4.300000000000000000e+01
3.889999999999999858e+01
3.400000000000000000e+01
8.879999999999999716e+01
2.919999999999999929e+01
3.400000000000000000e+01
2.930000000000000071e+01
4.129999999999999716e+01
2.960000000000000142e+01
3.069999999999999929e+01
2.130000000000000071e+01
4.170000000000000284e+01
5.339999999999999858e+01
5.539999999999999858e+01
3.920000000000000284e+01
5.300000000000000000e+01
4.329999999999999716e+01
3.920000000000000284e+01
4.320000000000000284e+01
3.529999999999999716e+01
3.400000000000000000e+01
8.879999999999999716e+01
2.919999999999999929e+01
3.400000000000000000e+01
2.930000000000000071e+01
4.129999999999999716e+01
2.960000000000000142e+01
3.069999999999999929e+01
2.130000000000000071e+01
4.170000000000000284e+01
5.339999999999999858e+01
5.539999999999999858e+01
3.920000000000000284e+01
