4.150000000000000000e+01
2.519999999999999929e+01
2.969999999999999929e+01
3.050000000000000000e+01
1.169999999999999929e+01
3.119999999999999929e+01
6.970000000000000284e+01
6.970000000000000284e+01
2.839999999999999858e+01
3.600000000000000000e+01
3.779999999999999716e+01
3.979999999999999716e+01
5.729999999999999716e+01
4.970000000000000284e+01
3.379999999999999716e+01
3.729999999999999716e+01
5.339999999999999858e+01
3.169999999999999929e+01
3.289999999999999858e+01
4.200000000000000000e+01
2.950000000000000000e+01
4.450000000000000000e+01
3.379999999999999716e+01
3.620000000000000284e+01
3.420000000000000284e+01
3.839999999999999858e+01
0.000000000000000000e+00
3.119999999999999929e+01
0.000000000000000000e+00
0.000000000000000000e+00
0.000000000000000000e+00
0.000000000000000000e+00
0.000000000000000000e+00
0.000000000000000000e+00
3.320000000000000284e+01
0.000000000000000000e+00
3.650000000000000000e+01
5.729999999999999716e+01
0.000000000000000000e+00
5.999999999999999778e-01
2.869999999999999929e+01
4.800000000000000000e+01
2.310000000000000142e+01
0.000000000000000000e+00
6.970000000000000284e+01
2.839999999999999858e+01
3.600000000000000000e+01
3.779999999999999716e+01
3.979999999999999716e+01
5.729999999999999716e+01
4.970000000000000284e+01
3.379999999999999716e+01
3.729999999999999716e+01
5.339999999999999858e+01
3.169999999999999929e+01
3.289999999999999858e+01
4.200000000000000000e+01
2.950000000000000000e+01
4.450000000000000000e+01
3.379999999999999716e+01
3.620000000000000284e+01
3.420000000000000284e+01
6.970000000000000284e+01
2.839999999999999858e+01
3.600000000000000000e+01
3.779999999999999716e+01
3.979999999999999716e+01
5.729999999999999716e+01
4.970000000000000284e+01
3.379999999999999716e+01
3.729999999999999716e+01
5.339999999999999858e+01
3.169999999999999929e+01
3.289999999999999858e+01
4.200000000000000000e+01
