3.889999999999999858e+01
1.559999999999999964e+01
2.680000000000000071e+01
3.010000000000000142e+01
3.670000000000000284e+01
4.350000000000000000e+01
9.599999999999999645e+00
6.000000000000000000e+00
3.670000000000000284e+01
4.350000000000000000e+01
8.599999999999999645e+00
6.500000000000000000e+00
0.000000000000000000e+00
0.000000000000000000e+00
0.000000000000000000e+00
0.000000000000000000e+00
2.799999999999999822e+00
0.000000000000000000e+00
0.000000000000000000e+00
0.000000000000000000e+00
1.050000000000000000e+01
1.559999999999999964e+01
3.500000000000000000e+01
2.069999999999999929e+01
3.239999999999999858e+01
1.450000000000000000e+01
2.730000000000000071e+01
5.620000000000000284e+01
3.670000000000000284e+01
2.569999999999999929e+01
3.620000000000000284e+01
3.420000000000000284e+01
2.839999999999999858e+01
3.670000000000000284e+01
