4.300000000000000000e+01
1.040000000000000036e+01
3.600000000000000000e+01
2.939999999999999858e+01
2.919999999999999929e+01
5.300000000000000000e+01
4.170000000000000284e+01
1.009999999999999964e+01
2.500000000000000000e+01
2.660000000000000142e+01
2.660000000000000142e+01
3.550000000000000000e+01
7.170000000000000284e+01
2.480000000000000071e+01
2.630000000000000071e+01
2.939999999999999858e+01
2.810000000000000142e+01
2.030000000000000071e+01
2.910000000000000142e+01
2.680000000000000071e+01
3.189999999999999858e+01
4.339999999999999858e+01
2.939999999999999858e+01
3.779999999999999716e+01
4.329999999999999716e+01
2.889999999999999858e+01
2.080000000000000071e+01
3.910000000000000142e+01
4.179999999999999716e+01
2.900000000000000000e+01
3.350000000000000000e+01
2.660000000000000142e+01
3.550000000000000000e+01
7.170000000000000284e+01
2.480000000000000071e+01
2.630000000000000071e+01
2.939999999999999858e+01
2.810000000000000142e+01
2.030000000000000071e+01
2.910000000000000142e+01
2.680000000000000071e+01
3.189999999999999858e+01
4.339999999999999858e+01
2.939999999999999858e+01
3.779999999999999716e+01
4.329999999999999716e+01
2.889999999999999858e+01
2.080000000000000071e+01
3.910000000000000142e+01
4.179999999999999716e+01
2.900000000000000000e+01
3.350000000000000000e+01
2.660000000000000142e+01
3.550000000000000000e+01
7.170000000000000284e+01
2.480000000000000071e+01
2.630000000000000071e+01
2.939999999999999858e+01
2.030000000000000071e+01
2.910000000000000142e+01
2.680000000000000071e+01
4.339999999999999858e+01
2.939999999999999858e+01
3.779999999999999716e+01
2.660000000000000142e+01
3.550000000000000000e+01
7.170000000000000284e+01
2.480000000000000071e+01
2.630000000000000071e+01
2.939999999999999858e+01
2.030000000000000071e+01
