3.610000000000000142e+01
5.570000000000000284e+01
2.300000000000000000e+01
3.030000000000000071e+01
4.110000000000000142e+01
1.919999999999999929e+01
2.560000000000000142e+01
2.850000000000000000e+01
4.070000000000000284e+01
4.500000000000000000e+01
5.739999999999999858e+01
2.869999999999999929e+01
3.110000000000000142e+01
5.850000000000000000e+01
4.070000000000000284e+01
4.500000000000000000e+01
5.739999999999999858e+01
2.869999999999999929e+01
3.110000000000000142e+01
5.850000000000000000e+01
3.489999999999999858e+01
3.589999999999999858e+01
3.729999999999999716e+01
2.810000000000000142e+01
2.260000000000000142e+01
5.270000000000000284e+01
2.780000000000000071e+01
3.250000000000000000e+01
3.339999999999999858e+01
2.419999999999999929e+01
6.139999999999999858e+01
2.169999999999999929e+01
6.379999999999999716e+01
3.779999999999999716e+01
3.950000000000000000e+01
5.670000000000000284e+01
4.100000000000000000e+01
4.260000000000000142e+01
5.270000000000000284e+01
2.060000000000000142e+01
4.400000000000000000e+01
6.250000000000000000e+01
2.919999999999999929e+01
3.030000000000000071e+01
6.379999999999999716e+01
3.779999999999999716e+01
3.950000000000000000e+01
5.670000000000000284e+01
4.100000000000000000e+01
4.260000000000000142e+01
5.270000000000000284e+01
