1.040000000000000036e+01
1.430000000000000071e+01
3.570000000000000284e+01
3.400000000000000000e+01
5.139999999999999858e+01
1.200000000000000000e+01
3.679999999999999716e+01
4.560000000000000142e+01
4.589999999999999858e+01
5.310000000000000142e+01
1.490000000000000036e+01
2.680000000000000071e+01
2.519999999999999929e+01
3.610000000000000142e+01
4.120000000000000284e+01
3.610000000000000142e+01
4.120000000000000284e+01
2.210000000000000142e+01
2.230000000000000071e+01
3.379999999999999716e+01
2.310000000000000142e+01
3.169999999999999929e+01
3.810000000000000142e+01
3.889999999999999858e+01
3.310000000000000142e+01
3.019999999999999929e+01
3.479999999999999716e+01
2.519999999999999929e+01
2.519999999999999929e+01
3.110000000000000142e+01
2.960000000000000142e+01
4.279999999999999716e+01
0.000000000000000000e+00
0.000000000000000000e+00
0.000000000000000000e+00
0.000000000000000000e+00
0.000000000000000000e+00
0.000000000000000000e+00
0.000000000000000000e+00
0.000000000000000000e+00
3.779999999999999716e+01
3.450000000000000000e+01
0.000000000000000000e+00
2.269999999999999929e+01
3.610000000000000142e+01
4.120000000000000284e+01
2.210000000000000142e+01
2.230000000000000071e+01
3.379999999999999716e+01
2.310000000000000142e+01
3.169999999999999929e+01
3.810000000000000142e+01
3.310000000000000142e+01
3.479999999999999716e+01
2.519999999999999929e+01
2.519999999999999929e+01
3.110000000000000142e+01
3.610000000000000142e+01
4.120000000000000284e+01
2.210000000000000142e+01
2.230000000000000071e+01
3.379999999999999716e+01
2.310000000000000142e+01
3.169999999999999929e+01
3.810000000000000142e+01
3.310000000000000142e+01
