3.929999999999999716e+01
3.589999999999999858e+01
2.619999999999999929e+01
4.439999999999999858e+01
3.329999999999999716e+01
2.400000000000000000e+01
3.060000000000000142e+01
3.689999999999999858e+01
2.460000000000000142e+01
2.350000000000000000e+01
3.030000000000000071e+01
5.710000000000000142e+01
5.710000000000000142e+01
4.639999999999999858e+01
2.069999999999999929e+01
4.050000000000000000e+01
4.410000000000000142e+01
3.030000000000000071e+01
2.689999999999999858e+01
2.469999999999999929e+01
2.510000000000000142e+01
4.020000000000000284e+01
2.069999999999999929e+01
3.779999999999999716e+01
3.000000000000000000e+01
2.069999999999999929e+01
4.439999999999999858e+01
4.439999999999999858e+01
2.069999999999999929e+01
4.150000000000000000e+01
3.100000000000000000e+01
4.579999999999999716e+01
4.620000000000000284e+01
2.439999999999999858e+01
2.080000000000000071e+01
2.069999999999999929e+01
3.779999999999999716e+01
3.000000000000000000e+01
