2.060000000000000142e+01
6.540000000000000568e+01
3.039999999999999858e+01
4.170000000000000284e+01
3.080000000000000071e+01
3.789999999999999858e+01
2.839999999999999858e+01
3.510000000000000142e+01
2.330000000000000071e+01
4.589999999999999858e+01
3.050000000000000000e+01
4.160000000000000142e+01
3.470000000000000284e+01
3.639999999999999858e+01
3.650000000000000000e+01
3.600000000000000000e+01
3.600000000000000000e+01
3.679999999999999716e+01
7.599999999999999645e+00
7.799999999999999822e+00
9.900000000000000355e+00
7.799999999999999822e+00
6.400000000000000355e+00
7.000000000000000000e+00
8.099999999999999645e+00
3.600000000000000000e+01
3.600000000000000000e+01
3.679999999999999716e+01
3.800000000000000000e+01
3.489999999999999858e+01
3.879999999999999716e+01
3.860000000000000142e+01
1.409999999999999964e+01
0.000000000000000000e+00
0.000000000000000000e+00
0.000000000000000000e+00
4.500000000000000000e+00
0.000000000000000000e+00
0.000000000000000000e+00
0.000000000000000000e+00
0.000000000000000000e+00
0.000000000000000000e+00
0.000000000000000000e+00
1.399999999999999911e+00
0.000000000000000000e+00
0.000000000000000000e+00
0.000000000000000000e+00
0.000000000000000000e+00
1.889999999999999858e+01
1.050000000000000000e+01
3.550000000000000000e+01
3.950000000000000000e+01
3.600000000000000000e+01
4.629999999999999716e+01
4.060000000000000142e+01
3.019999999999999929e+01
3.500000000000000000e+01
1.380000000000000071e+01
2.850000000000000000e+01
3.180000000000000071e+01
1.469999999999999929e+01
3.800000000000000000e+01
1.240000000000000036e+01
1.009999999999999964e+01
4.160000000000000142e+01
3.470000000000000284e+01
