3.030000000000000071e+01
4.029999999999999716e+01
3.439999999999999858e+01
3.489999999999999858e+01
3.779999999999999716e+01
5.589999999999999858e+01
3.060000000000000142e+01
4.179999999999999716e+01
3.860000000000000142e+01
4.079999999999999716e+01
4.339999999999999858e+01
4.020000000000000284e+01
3.169999999999999929e+01
6.310000000000000142e+01
3.189999999999999858e+01
4.820000000000000284e+01
2.810000000000000142e+01
2.910000000000000142e+01
2.430000000000000071e+01
2.000000000000000000e+01
3.479999999999999716e+01
2.350000000000000000e+01
2.219999999999999929e+01
3.860000000000000142e+01
2.710000000000000142e+01
3.420000000000000284e+01
2.150000000000000000e+01
4.550000000000000000e+01
3.060000000000000142e+01
3.810000000000000142e+01
3.860000000000000142e+01
2.710000000000000142e+01
3.420000000000000284e+01
2.150000000000000000e+01
4.550000000000000000e+01
