3.950000000000000000e+01
5.860000000000000142e+01
3.760000000000000142e+01
2.050000000000000000e+01
4.550000000000000000e+01
4.089999999999999858e+01
5.270000000000000284e+01
2.280000000000000071e+01
3.779999999999999716e+01
3.520000000000000284e+01
2.639999999999999858e+01
3.220000000000000284e+01
3.689999999999999858e+01
3.220000000000000284e+01
3.689999999999999858e+01
2.710000000000000142e+01
4.970000000000000284e+01
2.450000000000000000e+01
2.189999999999999858e+01
4.129999999999999716e+01
2.130000000000000071e+01
2.410000000000000142e+01
2.410000000000000142e+01
3.210000000000000142e+01
6.320000000000000284e+01
6.420000000000000284e+01
2.930000000000000071e+01
4.539999999999999858e+01
3.750000000000000000e+01
6.260000000000000142e+01
2.289999999999999858e+01
5.310000000000000142e+01
5.710000000000000142e+01
5.620000000000000284e+01
2.910000000000000142e+01
3.889999999999999858e+01
2.289999999999999858e+01
5.700000000000000000e+01
3.879999999999999716e+01
3.750000000000000000e+01
6.260000000000000142e+01
2.289999999999999858e+01
5.310000000000000142e+01
5.710000000000000142e+01
5.620000000000000284e+01
2.910000000000000142e+01
