2.739999999999999858e+01
3.710000000000000142e+01
2.310000000000000142e+01
1.939999999999999858e+01
3.589999999999999858e+01
1.490000000000000036e+01
3.429999999999999716e+01
5.339999999999999858e+01
2.680000000000000071e+01
2.260000000000000142e+01
6.379999999999999716e+01
2.250000000000000000e+01
3.339999999999999858e+01
2.680000000000000071e+01
2.260000000000000142e+01
6.379999999999999716e+01
2.250000000000000000e+01
3.339999999999999858e+01
3.189999999999999858e+01
3.800000000000000000e+01
5.679999999999999716e+01
2.680000000000000071e+01
4.110000000000000142e+01
3.189999999999999858e+01
4.160000000000000142e+01
2.719999999999999929e+01
2.810000000000000142e+01
2.419999999999999929e+01
2.680000000000000071e+01
2.060000000000000142e+01
2.439999999999999858e+01
5.279999999999999716e+01
2.980000000000000071e+01
2.710000000000000142e+01
3.820000000000000284e+01
2.969999999999999929e+01
3.139999999999999858e+01
2.169999999999999929e+01
2.750000000000000000e+01
3.850000000000000000e+01
4.079999999999999716e+01
2.610000000000000142e+01
3.650000000000000000e+01
3.150000000000000000e+01
2.110000000000000142e+01
3.870000000000000284e+01
3.750000000000000000e+01
3.400000000000000000e+01
0.000000000000000000e+00
2.419999999999999929e+01
0.000000000000000000e+00
0.000000000000000000e+00
1.119999999999999929e+01
0.000000000000000000e+00
1.200000000000000000e+01
0.000000000000000000e+00
0.000000000000000000e+00
0.000000000000000000e+00
0.000000000000000000e+00
2.989999999999999858e+01
0.000000000000000000e+00
0.000000000000000000e+00
4.599999999999999645e+00
0.000000000000000000e+00
0.000000000000000000e+00
0.000000000000000000e+00
0.000000000000000000e+00
0.000000000000000000e+00
0.000000000000000000e+00
0.000000000000000000e+00
4.900000000000000355e+00
2.680000000000000071e+01
2.260000000000000142e+01
6.379999999999999716e+01
2.250000000000000000e+01
3.189999999999999858e+01
3.800000000000000000e+01
5.679999999999999716e+01
2.680000000000000071e+01
3.189999999999999858e+01
4.160000000000000142e+01
2.719999999999999929e+01
2.810000000000000142e+01
2.419999999999999929e+01
2.680000000000000071e+01
2.060000000000000142e+01
2.439999999999999858e+01
2.980000000000000071e+01
2.710000000000000142e+01
3.820000000000000284e+01
2.969999999999999929e+01
3.139999999999999858e+01
2.169999999999999929e+01
3.850000000000000000e+01
4.079999999999999716e+01
2.680000000000000071e+01
2.260000000000000142e+01
6.379999999999999716e+01
2.250000000000000000e+01
3.189999999999999858e+01
3.800000000000000000e+01
5.679999999999999716e+01
2.680000000000000071e+01
3.189999999999999858e+01
4.160000000000000142e+01
2.719999999999999929e+01
2.810000000000000142e+01
2.419999999999999929e+01
2.680000000000000071e+01
2.060000000000000142e+01
2.439999999999999858e+01
2.980000000000000071e+01
2.710000000000000142e+01
