3.019999999999999929e+01
4.460000000000000142e+01
1.009999999999999964e+01
1.960000000000000142e+01
4.600000000000000000e+01
3.810000000000000142e+01
3.810000000000000142e+01
3.039999999999999858e+01
8.900000000000000355e+00
9.900000000000000355e+00
8.300000000000000711e+00
8.000000000000000000e+00
7.200000000000000178e+00
3.810000000000000142e+01
2.389999999999999858e+01
3.420000000000000284e+01
3.520000000000000284e+01
3.520000000000000284e+01
3.189999999999999858e+01
4.089999999999999858e+01
3.050000000000000000e+01
6.859999999999999432e+01
3.670000000000000284e+01
3.019999999999999929e+01
2.410000000000000142e+01
5.450000000000000000e+01
3.010000000000000142e+01
3.960000000000000142e+01
3.010000000000000142e+01
3.839999999999999858e+01
2.300000000000000000e+01
3.160000000000000142e+01
5.710000000000000142e+01
3.839999999999999858e+01
3.570000000000000284e+01
2.789999999999999858e+01
4.529999999999999716e+01
3.080000000000000071e+01
4.379999999999999716e+01
4.589999999999999858e+01
1.200000000000000000e+01
1.030000000000000071e+01
2.300000000000000000e+01
3.160000000000000142e+01
5.710000000000000142e+01
3.839999999999999858e+01
3.570000000000000284e+01
2.789999999999999858e+01
1.119999999999999929e+01
4.529999999999999716e+01
3.080000000000000071e+01
4.379999999999999716e+01
4.589999999999999858e+01
2.330000000000000071e+01
3.089999999999999858e+01
4.460000000000000142e+01
5.750000000000000000e+01
3.710000000000000142e+01
6.470000000000000284e+01
2.789999999999999858e+01
