1.980000000000000071e+01
5.879999999999999716e+01
4.089999999999999858e+01
2.660000000000000142e+01
6.250000000000000000e+01
3.589999999999999858e+01
3.410000000000000142e+01
2.910000000000000142e+01
3.130000000000000071e+01
1.490000000000000036e+01
2.650000000000000000e+01
6.250000000000000000e+01
3.310000000000000142e+01
3.670000000000000284e+01
3.030000000000000071e+01
2.650000000000000000e+01
6.250000000000000000e+01
3.310000000000000142e+01
3.670000000000000284e+01
3.030000000000000071e+01
3.030000000000000071e+01
5.179999999999999716e+01
2.139999999999999858e+01
3.089999999999999858e+01
6.360000000000000142e+01
4.050000000000000000e+01
3.030000000000000071e+01
3.850000000000000000e+01
6.840000000000000568e+01
3.030000000000000071e+01
2.810000000000000142e+01
4.229999999999999716e+01
5.050000000000000000e+01
2.280000000000000071e+01
2.680000000000000071e+01
3.210000000000000142e+01
5.370000000000000284e+01
2.819999999999999929e+01
3.650000000000000000e+01
2.119999999999999929e+01
4.220000000000000284e+01
2.810000000000000142e+01
2.280000000000000071e+01
6.300000000000000000e+01
3.139999999999999858e+01
3.929999999999999716e+01
2.280000000000000071e+01
2.680000000000000071e+01
3.210000000000000142e+01
5.370000000000000284e+01
2.819999999999999929e+01
3.650000000000000000e+01
2.119999999999999929e+01
4.220000000000000284e+01
