3.039999999999999858e+01
3.629999999999999716e+01
4.729999999999999716e+01
4.539999999999999858e+01
3.970000000000000284e+01
3.610000000000000142e+01
3.970000000000000284e+01
3.610000000000000142e+01
4.850000000000000000e+01
3.739999999999999858e+01
0.000000000000000000e+00
0.000000000000000000e+00
0.000000000000000000e+00
0.000000000000000000e+00
0.000000000000000000e+00
0.000000000000000000e+00
0.000000000000000000e+00
0.000000000000000000e+00
0.000000000000000000e+00
0.000000000000000000e+00
0.000000000000000000e+00
0.000000000000000000e+00
1.600000000000000000e+01
2.060000000000000142e+01
4.689999999999999858e+01
3.610000000000000142e+01
3.080000000000000071e+01
4.870000000000000284e+01
4.370000000000000284e+01
3.139999999999999858e+01
