2.769999999999999929e+01
3.639999999999999858e+01
1.550000000000000000e+01
3.000000000000000000e+01
4.870000000000000284e+01
2.730000000000000071e+01
3.030000000000000071e+01
4.239999999999999858e+01
2.089999999999999858e+01
3.789999999999999858e+01
1.800000000000000000e+01
2.089999999999999858e+01
3.789999999999999858e+01
5.439999999999999858e+01
3.110000000000000142e+01
3.260000000000000142e+01
3.539999999999999858e+01
3.310000000000000142e+01
3.130000000000000071e+01
2.980000000000000071e+01
5.489999999999999858e+01
3.650000000000000000e+01
3.229999999999999716e+01
3.950000000000000000e+01
2.380000000000000071e+01
3.839999999999999858e+01
3.339999999999999858e+01
2.789999999999999858e+01
2.869999999999999929e+01
2.960000000000000142e+01
2.589999999999999858e+01
4.270000000000000284e+01
5.050000000000000000e+01
3.879999999999999716e+01
2.750000000000000000e+01
2.919999999999999929e+01
4.629999999999999716e+01
2.960000000000000142e+01
3.879999999999999716e+01
3.339999999999999858e+01
2.789999999999999858e+01
2.869999999999999929e+01
