3.600000000000000000e+01
2.189999999999999858e+01
3.250000000000000000e+01
8.270000000000000284e+01
1.540000000000000036e+01
2.569999999999999929e+01
3.760000000000000142e+01
1.710000000000000142e+01
4.679999999999999716e+01
2.319999999999999929e+01
2.800000000000000000e+01
5.410000000000000142e+01
2.819999999999999929e+01
5.539999999999999858e+01
3.370000000000000284e+01
3.529999999999999716e+01
6.820000000000000284e+01
4.420000000000000284e+01
2.589999999999999858e+01
3.139999999999999858e+01
6.820000000000000284e+01
4.420000000000000284e+01
2.589999999999999858e+01
3.139999999999999858e+01
3.650000000000000000e+01
2.380000000000000071e+01
7.009999999999999432e+01
4.089999999999999858e+01
2.660000000000000142e+01
2.339999999999999858e+01
3.080000000000000071e+01
2.750000000000000000e+01
4.200000000000000000e+01
2.230000000000000071e+01
6.840000000000000568e+01
9.650000000000000000e+01
4.020000000000000284e+01
3.510000000000000142e+01
5.620000000000000284e+01
3.060000000000000142e+01
2.519999999999999929e+01
5.979999999999999716e+01
3.810000000000000142e+01
5.339999999999999858e+01
3.879999999999999716e+01
4.610000000000000142e+01
3.329999999999999716e+01
3.010000000000000142e+01
3.810000000000000142e+01
2.100000000000000000e+01
3.870000000000000284e+01
6.270000000000000284e+01
2.889999999999999858e+01
3.189999999999999858e+01
6.370000000000000284e+01
6.260000000000000142e+01
2.469999999999999929e+01
2.919999999999999929e+01
5.620000000000000284e+01
3.060000000000000142e+01
2.519999999999999929e+01
5.979999999999999716e+01
3.810000000000000142e+01
5.339999999999999858e+01
4.610000000000000142e+01
3.329999999999999716e+01
3.010000000000000142e+01
3.810000000000000142e+01
2.100000000000000000e+01
3.870000000000000284e+01
6.270000000000000284e+01
