4.670000000000000284e+01
1.200000000000000000e+01
4.179999999999999716e+01
2.130000000000000071e+01
2.789999999999999858e+01
1.440000000000000036e+01
3.260000000000000142e+01
4.139999999999999858e+01
4.270000000000000284e+01
2.460000000000000142e+01
2.050000000000000000e+01
2.939999999999999858e+01
2.460000000000000142e+01
2.050000000000000000e+01
2.939999999999999858e+01
3.960000000000000142e+01
2.939999999999999858e+01
2.900000000000000000e+01
7.020000000000000284e+01
2.200000000000000000e+01
3.870000000000000284e+01
2.869999999999999929e+01
2.760000000000000142e+01
3.600000000000000000e+01
3.150000000000000000e+01
4.479999999999999716e+01
4.160000000000000142e+01
3.210000000000000142e+01
5.439999999999999858e+01
2.569999999999999929e+01
4.550000000000000000e+01
2.710000000000000142e+01
3.900000000000000000e+01
3.080000000000000071e+01
2.539999999999999858e+01
2.900000000000000000e+01
2.939999999999999858e+01
2.869999999999999929e+01
2.869999999999999929e+01
2.760000000000000142e+01
3.600000000000000000e+01
3.150000000000000000e+01
4.479999999999999716e+01
4.160000000000000142e+01
