3.539999999999999858e+01
1.900000000000000000e+01
2.539999999999999858e+01
2.069999999999999929e+01
2.969999999999999929e+01
4.279999999999999716e+01
1.610000000000000142e+01
3.700000000000000000e+01
3.460000000000000142e+01
3.169999999999999929e+01
2.660000000000000142e+01
3.700000000000000000e+01
3.460000000000000142e+01
3.169999999999999929e+01
2.660000000000000142e+01
3.820000000000000284e+01
3.960000000000000142e+01
4.220000000000000284e+01
3.220000000000000284e+01
2.619999999999999929e+01
3.030000000000000071e+01
5.429999999999999716e+01
2.660000000000000142e+01
4.760000000000000142e+01
5.429999999999999716e+01
6.239999999999999858e+01
3.660000000000000142e+01
6.239999999999999858e+01
2.660000000000000142e+01
2.789999999999999858e+01
3.620000000000000284e+01
3.670000000000000284e+01
2.880000000000000071e+01
3.150000000000000000e+01
6.239999999999999858e+01
2.719999999999999929e+01
3.800000000000000000e+01
6.200000000000000000e+01
4.760000000000000142e+01
5.429999999999999716e+01
6.239999999999999858e+01
3.660000000000000142e+01
6.239999999999999858e+01
2.660000000000000142e+01
2.789999999999999858e+01
3.620000000000000284e+01
3.670000000000000284e+01
2.880000000000000071e+01
