2.250000000000000000e+01
2.600000000000000000e+01
3.420000000000000284e+01
3.600000000000000000e+01
2.930000000000000071e+01
3.489999999999999858e+01
3.400000000000000000e+01
3.139999999999999858e+01
2.780000000000000071e+01
1.009999999999999964e+01
1.569999999999999929e+01
5.500000000000000000e+00
8.599999999999999645e+00
6.299999999999999822e+00
8.300000000000000711e+00
5.000000000000000000e+00
2.780000000000000071e+01
1.009999999999999964e+01
1.569999999999999929e+01
3.139999999999999858e+01
6.799999999999999822e+00
0.000000000000000000e+00
0.000000000000000000e+00
0.000000000000000000e+00
0.000000000000000000e+00
0.000000000000000000e+00
0.000000000000000000e+00
0.000000000000000000e+00
0.000000000000000000e+00
0.000000000000000000e+00
1.669999999999999929e+01
3.389999999999999858e+01
3.069999999999999929e+01
3.360000000000000142e+01
3.610000000000000142e+01
4.179999999999999716e+01
7.779999999999999716e+01
2.189999999999999858e+01
3.360000000000000142e+01
3.610000000000000142e+01
