3.760000000000000142e+01
2.850000000000000000e+01
2.750000000000000000e+01
4.289999999999999858e+01
3.889999999999999858e+01
6.300000000000000000e+01
3.030000000000000071e+01
1.569999999999999929e+01
2.900000000000000000e+01
6.239999999999999858e+01
5.560000000000000142e+01
5.750000000000000000e+01
4.589999999999999858e+01
2.819999999999999929e+01
3.220000000000000284e+01
3.850000000000000000e+01
2.310000000000000142e+01
2.819999999999999929e+01
3.220000000000000284e+01
3.850000000000000000e+01
2.310000000000000142e+01
2.930000000000000071e+01
3.039999999999999858e+01
3.470000000000000284e+01
3.679999999999999716e+01
5.660000000000000142e+01
3.030000000000000071e+01
4.360000000000000142e+01
3.030000000000000071e+01
4.729999999999999716e+01
6.260000000000000142e+01
2.439999999999999858e+01
5.200000000000000000e+01
3.750000000000000000e+01
6.350000000000000000e+01
3.579999999999999716e+01
2.639999999999999858e+01
3.030000000000000071e+01
2.200000000000000000e+01
3.860000000000000142e+01
4.539999999999999858e+01
5.260000000000000142e+01
5.179999999999999716e+01
2.269999999999999929e+01
3.600000000000000000e+01
4.060000000000000142e+01
3.030000000000000071e+01
4.189999999999999858e+01
3.900000000000000000e+01
2.360000000000000142e+01
6.350000000000000000e+01
3.579999999999999716e+01
2.639999999999999858e+01
3.030000000000000071e+01
2.200000000000000000e+01
3.860000000000000142e+01
4.539999999999999858e+01
3.750000000000000000e+01
