4.450000000000000000e+01
5.329999999999999716e+01
3.089999999999999858e+01
6.020000000000000284e+01
2.789999999999999858e+01
4.300000000000000000e+01
2.310000000000000142e+01
2.310000000000000142e+01
3.679999999999999716e+01
5.829999999999999716e+01
3.729999999999999716e+01
3.110000000000000142e+01
3.639999999999999858e+01
4.810000000000000142e+01
2.360000000000000142e+01
6.570000000000000284e+01
2.819999999999999929e+01
4.710000000000000142e+01
4.129999999999999716e+01
2.760000000000000142e+01
3.180000000000000071e+01
3.169999999999999929e+01
3.600000000000000000e+01
2.239999999999999858e+01
2.800000000000000000e+01
2.230000000000000071e+01
2.789999999999999858e+01
3.429999999999999716e+01
3.950000000000000000e+01
3.239999999999999858e+01
2.700000000000000000e+01
3.289999999999999858e+01
3.639999999999999858e+01
4.129999999999999716e+01
2.760000000000000142e+01
3.180000000000000071e+01
3.169999999999999929e+01
3.600000000000000000e+01
4.710000000000000142e+01
