4.210000000000000142e+01
3.850000000000000000e+01
6.200000000000000000e+01
3.520000000000000284e+01
5.860000000000000142e+01
4.160000000000000142e+01
6.239999999999999858e+01
2.650000000000000000e+01
2.369999999999999929e+01
2.369999999999999929e+01
1.869999999999999929e+01
2.500000000000000000e+01
2.369999999999999929e+01
2.500000000000000000e+01
5.389999999999999858e+01
5.260000000000000142e+01
3.189999999999999858e+01
5.479999999999999716e+01
2.310000000000000142e+01
2.900000000000000000e+01
3.560000000000000142e+01
3.539999999999999858e+01
5.789999999999999858e+01
2.339999999999999858e+01
2.950000000000000000e+01
3.770000000000000284e+01
4.089999999999999858e+01
3.150000000000000000e+01
3.379999999999999716e+01
3.979999999999999716e+01
4.000000000000000000e+01
3.229999999999999716e+01
3.529999999999999716e+01
6.609999999999999432e+01
3.539999999999999858e+01
5.789999999999999858e+01
2.339999999999999858e+01
2.950000000000000000e+01
