4.429999999999999716e+01
3.039999999999999858e+01
4.610000000000000142e+01
2.000000000000000000e+01
2.980000000000000071e+01
2.369999999999999929e+01
2.810000000000000142e+01
4.339999999999999858e+01
3.500000000000000000e+01
4.339999999999999858e+01
3.500000000000000000e+01
2.900000000000000000e+01
2.930000000000000071e+01
2.810000000000000142e+01
3.370000000000000284e+01
3.150000000000000000e+01
3.670000000000000284e+01
2.989999999999999858e+01
4.620000000000000284e+01
3.370000000000000284e+01
3.879999999999999716e+01
5.010000000000000142e+01
3.539999999999999858e+01
4.710000000000000142e+01
2.739999999999999858e+01
3.050000000000000000e+01
5.279999999999999716e+01
3.739999999999999858e+01
2.269999999999999929e+01
3.970000000000000284e+01
5.879999999999999716e+01
3.879999999999999716e+01
5.010000000000000142e+01
3.539999999999999858e+01
4.710000000000000142e+01
2.739999999999999858e+01
3.050000000000000000e+01
