3.920000000000000284e+01
1.409999999999999964e+01
3.260000000000000142e+01
4.189999999999999858e+01
2.760000000000000142e+01
2.930000000000000071e+01
3.700000000000000000e+01
3.589999999999999858e+01
1.040000000000000036e+01
1.150000000000000000e+01
3.130000000000000071e+01
3.389999999999999858e+01
4.450000000000000000e+01
1.200000000000000000e+01
3.950000000000000000e+01
2.360000000000000142e+01
3.950000000000000000e+01
2.360000000000000142e+01
4.620000000000000284e+01
4.050000000000000000e+01
3.839999999999999858e+01
3.370000000000000284e+01
3.700000000000000000e+01
3.220000000000000284e+01
2.669999999999999929e+01
2.950000000000000000e+01
3.389999999999999858e+01
2.100000000000000000e+01
2.080000000000000071e+01
4.329999999999999716e+01
4.529999999999999716e+01
3.260000000000000142e+01
3.400000000000000000e+01
4.329999999999999716e+01
4.289999999999999858e+01
2.769999999999999929e+01
2.950000000000000000e+01
4.110000000000000142e+01
3.000000000000000000e+01
2.000000000000000000e+01
2.380000000000000071e+01
3.870000000000000284e+01
2.000000000000000000e+01
3.360000000000000142e+01
4.079999999999999716e+01
3.479999999999999716e+01
3.950000000000000000e+01
2.360000000000000142e+01
4.620000000000000284e+01
4.050000000000000000e+01
3.839999999999999858e+01
3.370000000000000284e+01
3.700000000000000000e+01
3.220000000000000284e+01
2.669999999999999929e+01
2.950000000000000000e+01
3.389999999999999858e+01
2.100000000000000000e+01
2.080000000000000071e+01
4.329999999999999716e+01
4.529999999999999716e+01
3.260000000000000142e+01
3.400000000000000000e+01
4.329999999999999716e+01
4.289999999999999858e+01
2.769999999999999929e+01
2.950000000000000000e+01
4.110000000000000142e+01
3.000000000000000000e+01
2.000000000000000000e+01
2.380000000000000071e+01
3.870000000000000284e+01
2.000000000000000000e+01
3.360000000000000142e+01
4.079999999999999716e+01
3.479999999999999716e+01
3.950000000000000000e+01
2.360000000000000142e+01
4.620000000000000284e+01
4.050000000000000000e+01
3.839999999999999858e+01
3.370000000000000284e+01
3.700000000000000000e+01
3.220000000000000284e+01
2.669999999999999929e+01
2.950000000000000000e+01
2.100000000000000000e+01
3.950000000000000000e+01
2.360000000000000142e+01
4.620000000000000284e+01
4.050000000000000000e+01
3.839999999999999858e+01
3.370000000000000284e+01
3.700000000000000000e+01
3.220000000000000284e+01
2.669999999999999929e+01
