3.700000000000000000e+01
2.769999999999999929e+01
2.889999999999999858e+01
3.810000000000000142e+01
2.739999999999999858e+01
2.589999999999999858e+01
3.050000000000000000e+01
4.379999999999999716e+01
3.450000000000000000e+01
2.139999999999999858e+01
3.529999999999999716e+01
4.910000000000000142e+01
3.260000000000000142e+01
4.729999999999999716e+01
3.660000000000000142e+01
3.860000000000000142e+01
5.300000000000000000e+01
5.099999999999999645e+00
5.099999999999999645e+00
3.860000000000000142e+01
5.300000000000000000e+01
9.000000000000000000e+00
7.500000000000000000e+00
2.380000000000000071e+01
1.519999999999999929e+01
3.370000000000000284e+01
7.400000000000000355e+00
4.070000000000000284e+01
3.529999999999999716e+01
3.030000000000000071e+01
5.370000000000000284e+01
2.560000000000000142e+01
2.560000000000000142e+01
3.410000000000000142e+01
3.500000000000000000e+01
2.450000000000000000e+01
2.700000000000000000e+01
2.019999999999999929e+01
2.200000000000000000e+01
2.669999999999999929e+01
3.810000000000000142e+01
2.380000000000000071e+01
3.810000000000000142e+01
4.000000000000000000e+01
1.180000000000000071e+01
1.989999999999999858e+01
3.410000000000000142e+01
3.500000000000000000e+01
2.450000000000000000e+01
2.700000000000000000e+01
2.019999999999999929e+01
2.200000000000000000e+01
2.669999999999999929e+01
3.810000000000000142e+01
2.380000000000000071e+01
3.810000000000000142e+01
4.000000000000000000e+01
4.270000000000000284e+01
3.250000000000000000e+01
6.250000000000000000e+01
2.939999999999999858e+01
1.950000000000000000e+01
3.489999999999999858e+01
