1.069999999999999929e+01
3.200000000000000000e+01
3.030000000000000071e+01
2.769999999999999929e+01
3.960000000000000142e+01
2.200000000000000000e+01
2.819999999999999929e+01
2.110000000000000142e+01
2.630000000000000071e+01
2.169999999999999929e+01
2.660000000000000142e+01
1.259999999999999964e+01
2.750000000000000000e+01
1.910000000000000142e+01
2.150000000000000000e+01
2.750000000000000000e+01
2.150000000000000000e+01
3.210000000000000142e+01
2.130000000000000071e+01
2.050000000000000000e+01
3.300000000000000000e+01
3.400000000000000000e+01
2.910000000000000142e+01
4.270000000000000284e+01
2.010000000000000142e+01
2.069999999999999929e+01
5.520000000000000284e+01
2.880000000000000071e+01
2.760000000000000142e+01
5.379999999999999716e+01
4.260000000000000142e+01
2.239999999999999858e+01
3.429999999999999716e+01
2.900000000000000000e+01
2.760000000000000142e+01
2.769999999999999929e+01
3.950000000000000000e+01
2.069999999999999929e+01
2.589999999999999858e+01
2.739999999999999858e+01
2.069999999999999929e+01
5.520000000000000284e+01
2.880000000000000071e+01
2.760000000000000142e+01
5.379999999999999716e+01
4.260000000000000142e+01
2.239999999999999858e+01
3.429999999999999716e+01
2.900000000000000000e+01
2.760000000000000142e+01
2.769999999999999929e+01
3.950000000000000000e+01
