3.610000000000000142e+01
1.530000000000000071e+01
7.179999999999999716e+01
4.489999999999999858e+01
1.919999999999999929e+01
1.340000000000000036e+01
3.739999999999999858e+01
3.979999999999999716e+01
4.570000000000000284e+01
2.200000000000000000e+01
2.230000000000000071e+01
2.330000000000000071e+01
2.200000000000000000e+01
2.230000000000000071e+01
4.650000000000000000e+01
2.380000000000000071e+01
2.039999999999999858e+01
4.550000000000000000e+01
4.629999999999999716e+01
3.130000000000000071e+01
5.610000000000000142e+01
3.220000000000000284e+01
6.250000000000000000e+01
3.620000000000000284e+01
3.550000000000000000e+01
2.310000000000000142e+01
4.139999999999999858e+01
4.620000000000000284e+01
2.239999999999999858e+01
3.550000000000000000e+01
2.310000000000000142e+01
