3.960000000000000142e+01
2.730000000000000071e+01
2.139999999999999858e+01
2.169999999999999929e+01
2.800000000000000000e+01
5.429999999999999716e+01
4.450000000000000000e+01
3.000000000000000000e+01
2.539999999999999858e+01
4.860000000000000142e+01
3.000000000000000000e+01
3.689999999999999858e+01
1.090000000000000036e+01
3.000000000000000000e+01
2.539999999999999858e+01
4.860000000000000142e+01
3.000000000000000000e+01
3.689999999999999858e+01
3.069999999999999929e+01
3.289999999999999858e+01
5.320000000000000284e+01
4.379999999999999716e+01
5.489999999999999858e+01
3.160000000000000142e+01
3.250000000000000000e+01
4.450000000000000000e+01
3.260000000000000142e+01
3.279999999999999716e+01
3.000000000000000000e+01
5.229999999999999716e+01
3.000000000000000000e+01
4.789999999999999858e+01
3.000000000000000000e+01
4.029999999999999716e+01
6.459999999999999432e+01
3.000000000000000000e+01
3.389999999999999858e+01
3.000000000000000000e+01
3.870000000000000284e+01
0.000000000000000000e+00
0.000000000000000000e+00
0.000000000000000000e+00
2.639999999999999858e+01
3.320000000000000284e+01
0.000000000000000000e+00
0.000000000000000000e+00
5.360000000000000142e+01
1.719999999999999929e+01
0.000000000000000000e+00
0.000000000000000000e+00
6.000000000000000000e+00
3.000000000000000000e+01
2.539999999999999858e+01
4.860000000000000142e+01
3.000000000000000000e+01
3.689999999999999858e+01
3.069999999999999929e+01
3.289999999999999858e+01
5.320000000000000284e+01
4.379999999999999716e+01
5.489999999999999858e+01
3.160000000000000142e+01
3.250000000000000000e+01
4.450000000000000000e+01
3.260000000000000142e+01
3.279999999999999716e+01
3.000000000000000000e+01
5.229999999999999716e+01
3.000000000000000000e+01
4.789999999999999858e+01
3.000000000000000000e+01
4.029999999999999716e+01
6.459999999999999432e+01
3.000000000000000000e+01
3.389999999999999858e+01
3.000000000000000000e+01
3.870000000000000284e+01
3.000000000000000000e+01
2.539999999999999858e+01
4.860000000000000142e+01
3.000000000000000000e+01
3.689999999999999858e+01
3.069999999999999929e+01
3.289999999999999858e+01
5.320000000000000284e+01
4.379999999999999716e+01
5.489999999999999858e+01
3.160000000000000142e+01
3.250000000000000000e+01
4.450000000000000000e+01
3.260000000000000142e+01
3.279999999999999716e+01
