1.669999999999999929e+01
3.850000000000000000e+01
2.510000000000000142e+01
1.660000000000000142e+01
5.639999999999999858e+01
2.969999999999999929e+01
2.810000000000000142e+01
5.189999999999999858e+01
3.119999999999999929e+01
4.900000000000000000e+01
5.579999999999999716e+01
2.169999999999999929e+01
3.050000000000000000e+01
3.060000000000000142e+01
2.280000000000000071e+01
1.639999999999999858e+01
2.360000000000000142e+01
4.500000000000000000e+01
3.100000000000000000e+01
2.280000000000000071e+01
2.360000000000000142e+01
4.500000000000000000e+01
3.100000000000000000e+01
2.569999999999999929e+01
2.539999999999999858e+01
4.100000000000000000e+01
3.019999999999999929e+01
4.579999999999999716e+01
2.680000000000000071e+01
4.370000000000000284e+01
4.179999999999999716e+01
6.490000000000000568e+01
2.739999999999999858e+01
2.250000000000000000e+01
4.670000000000000284e+01
4.310000000000000142e+01
3.939999999999999858e+01
3.510000000000000142e+01
3.910000000000000142e+01
4.450000000000000000e+01
3.800000000000000000e+01
6.959999999999999432e+01
2.760000000000000142e+01
0.000000000000000000e+00
0.000000000000000000e+00
8.099999999999999645e+00
3.639999999999999858e+01
0.000000000000000000e+00
0.000000000000000000e+00
0.000000000000000000e+00
0.000000000000000000e+00
0.000000000000000000e+00
0.000000000000000000e+00
0.000000000000000000e+00
3.939999999999999858e+01
2.280000000000000071e+01
4.500000000000000000e+01
3.100000000000000000e+01
4.100000000000000000e+01
4.579999999999999716e+01
2.680000000000000071e+01
4.370000000000000284e+01
4.179999999999999716e+01
6.490000000000000568e+01
2.739999999999999858e+01
2.250000000000000000e+01
4.310000000000000142e+01
3.939999999999999858e+01
3.910000000000000142e+01
4.450000000000000000e+01
3.800000000000000000e+01
6.959999999999999432e+01
2.760000000000000142e+01
2.280000000000000071e+01
4.500000000000000000e+01
3.100000000000000000e+01
4.100000000000000000e+01
4.579999999999999716e+01
2.680000000000000071e+01
4.370000000000000284e+01
4.179999999999999716e+01
6.490000000000000568e+01
2.739999999999999858e+01
2.250000000000000000e+01
