1.309999999999999964e+01
3.350000000000000000e+01
4.429999999999999716e+01
6.350000000000000000e+01
4.460000000000000142e+01
1.860000000000000142e+01
3.950000000000000000e+01
4.470000000000000284e+01
8.800000000000000000e+01
3.829999999999999716e+01
3.829999999999999716e+01
5.260000000000000142e+01
3.510000000000000142e+01
2.789999999999999858e+01
2.210000000000000142e+01
5.260000000000000142e+01
4.100000000000000000e+01
2.889999999999999858e+01
6.239999999999999858e+01
5.260000000000000142e+01
3.370000000000000284e+01
2.350000000000000000e+01
4.620000000000000284e+01
5.260000000000000142e+01
3.189999999999999858e+01
4.379999999999999716e+01
3.370000000000000284e+01
