2.319999999999999929e+01
4.139999999999999858e+01
5.189999999999999858e+01
4.100000000000000000e+01
2.850000000000000000e+01
2.689999999999999858e+01
5.250000000000000000e+01
3.639999999999999858e+01
3.039999999999999858e+01
3.910000000000000142e+01
2.539999999999999858e+01
2.310000000000000142e+01
2.460000000000000142e+01
3.939999999999999858e+01
3.770000000000000284e+01
3.800000000000000000e+01
2.980000000000000071e+01
3.400000000000000000e+01
3.800000000000000000e+01
2.980000000000000071e+01
3.400000000000000000e+01
2.769999999999999929e+01
2.900000000000000000e+01
3.150000000000000000e+01
3.579999999999999716e+01
5.250000000000000000e+01
2.489999999999999858e+01
4.450000000000000000e+01
2.539999999999999858e+01
2.539999999999999858e+01
3.500000000000000000e+01
2.539999999999999858e+01
2.900000000000000000e+01
2.239999999999999858e+01
4.760000000000000142e+01
3.220000000000000284e+01
3.189999999999999858e+01
3.650000000000000000e+01
4.589999999999999858e+01
4.450000000000000000e+01
2.100000000000000000e+01
2.669999999999999929e+01
3.139999999999999858e+01
4.339999999999999858e+01
8.099999999999999645e+00
0.000000000000000000e+00
0.000000000000000000e+00
4.300000000000000000e+01
0.000000000000000000e+00
0.000000000000000000e+00
0.000000000000000000e+00
0.000000000000000000e+00
5.300000000000000000e+01
2.380000000000000071e+01
5.599999999999999645e+00
0.000000000000000000e+00
1.119999999999999929e+01
0.000000000000000000e+00
2.510000000000000142e+01
0.000000000000000000e+00
0.000000000000000000e+00
0.000000000000000000e+00
3.500000000000000000e+00
0.000000000000000000e+00
0.000000000000000000e+00
0.000000000000000000e+00
0.000000000000000000e+00
0.000000000000000000e+00
0.000000000000000000e+00
2.980000000000000071e+01
3.400000000000000000e+01
2.769999999999999929e+01
2.900000000000000000e+01
3.150000000000000000e+01
3.579999999999999716e+01
2.489999999999999858e+01
4.450000000000000000e+01
2.539999999999999858e+01
2.539999999999999858e+01
2.539999999999999858e+01
2.900000000000000000e+01
2.239999999999999858e+01
4.760000000000000142e+01
3.220000000000000284e+01
3.189999999999999858e+01
3.650000000000000000e+01
4.589999999999999858e+01
4.450000000000000000e+01
2.100000000000000000e+01
2.980000000000000071e+01
3.400000000000000000e+01
2.769999999999999929e+01
2.900000000000000000e+01
3.150000000000000000e+01
3.579999999999999716e+01
2.489999999999999858e+01
4.450000000000000000e+01
2.539999999999999858e+01
2.539999999999999858e+01
2.539999999999999858e+01
2.900000000000000000e+01
2.239999999999999858e+01
4.760000000000000142e+01
3.220000000000000284e+01
