4.029999999999999716e+01
3.779999999999999716e+01
2.430000000000000071e+01
3.100000000000000000e+01
1.359999999999999964e+01
2.339999999999999858e+01
2.760000000000000142e+01
2.469999999999999929e+01
4.310000000000000142e+01
4.600000000000000000e+01
3.239999999999999858e+01
2.800000000000000000e+01
3.410000000000000142e+01
4.150000000000000000e+01
6.570000000000000284e+01
3.060000000000000142e+01
3.410000000000000142e+01
4.150000000000000000e+01
6.570000000000000284e+01
3.060000000000000142e+01
3.750000000000000000e+01
4.620000000000000284e+01
3.050000000000000000e+01
3.229999999999999716e+01
4.439999999999999858e+01
3.639999999999999858e+01
3.789999999999999858e+01
3.679999999999999716e+01
2.589999999999999858e+01
3.689999999999999858e+01
2.830000000000000071e+01
4.150000000000000000e+01
2.830000000000000071e+01
3.660000000000000142e+01
2.210000000000000142e+01
2.350000000000000000e+01
4.479999999999999716e+01
2.360000000000000142e+01
3.870000000000000284e+01
2.589999999999999858e+01
2.660000000000000142e+01
3.479999999999999716e+01
4.060000000000000142e+01
3.119999999999999929e+01
2.780000000000000071e+01
2.810000000000000142e+01
4.920000000000000284e+01
3.050000000000000000e+01
3.679999999999999716e+01
2.589999999999999858e+01
3.689999999999999858e+01
2.830000000000000071e+01
4.150000000000000000e+01
2.830000000000000071e+01
3.660000000000000142e+01
2.210000000000000142e+01
2.350000000000000000e+01
4.479999999999999716e+01
2.360000000000000142e+01
