3.389999999999999858e+01
3.030000000000000071e+01
1.530000000000000071e+01
3.789999999999999858e+01
5.310000000000000142e+01
3.260000000000000142e+01
2.910000000000000142e+01
3.379999999999999716e+01
3.260000000000000142e+01
3.439999999999999858e+01
4.020000000000000284e+01
3.260000000000000142e+01
3.439999999999999858e+01
4.020000000000000284e+01
3.229999999999999716e+01
2.689999999999999858e+01
4.700000000000000000e+01
5.350000000000000000e+01
2.680000000000000071e+01
3.670000000000000284e+01
2.680000000000000071e+01
4.020000000000000284e+01
4.170000000000000284e+01
3.650000000000000000e+01
4.850000000000000000e+01
2.050000000000000000e+01
0.000000000000000000e+00
0.000000000000000000e+00
4.310000000000000142e+01
7.400000000000000355e+00
3.700000000000000178e+00
8.199999999999999289e+00
0.000000000000000000e+00
3.260000000000000142e+01
3.439999999999999858e+01
4.020000000000000284e+01
3.229999999999999716e+01
2.689999999999999858e+01
4.700000000000000000e+01
5.350000000000000000e+01
2.680000000000000071e+01
3.670000000000000284e+01
2.680000000000000071e+01
4.020000000000000284e+01
4.170000000000000284e+01
3.650000000000000000e+01
4.850000000000000000e+01
2.050000000000000000e+01
3.260000000000000142e+01
3.439999999999999858e+01
4.020000000000000284e+01
3.229999999999999716e+01
2.689999999999999858e+01
4.700000000000000000e+01
5.350000000000000000e+01
2.680000000000000071e+01
