2.539999999999999858e+01
6.239999999999999858e+01
4.379999999999999716e+01
1.810000000000000142e+01
4.010000000000000142e+01
5.570000000000000284e+01
4.570000000000000284e+01
2.300000000000000000e+01
2.930000000000000071e+01
4.439999999999999858e+01
4.170000000000000284e+01
6.279999999999999716e+01
3.339999999999999858e+01
6.600000000000000000e+01
6.279999999999999716e+01
3.339999999999999858e+01
6.600000000000000000e+01
4.110000000000000142e+01
6.279999999999999716e+01
5.270000000000000284e+01
6.260000000000000142e+01
6.260000000000000142e+01
6.260000000000000142e+01
5.000000000000000000e+01
3.810000000000000142e+01
4.620000000000000284e+01
2.269999999999999929e+01
5.560000000000000142e+01
5.229999999999999716e+01
3.220000000000000284e+01
4.070000000000000284e+01
6.260000000000000142e+01
4.089999999999999858e+01
2.219999999999999929e+01
4.370000000000000284e+01
2.589999999999999858e+01
6.289999999999999858e+01
4.420000000000000284e+01
6.260000000000000142e+01
3.650000000000000000e+01
3.039999999999999858e+01
4.489999999999999858e+01
3.180000000000000071e+01
2.269999999999999929e+01
5.560000000000000142e+01
5.229999999999999716e+01
3.220000000000000284e+01
4.070000000000000284e+01
6.260000000000000142e+01
4.089999999999999858e+01
2.219999999999999929e+01
4.370000000000000284e+01
2.589999999999999858e+01
