2.900000000000000000e+01
3.860000000000000142e+01
3.729999999999999716e+01
1.700000000000000000e+01
2.889999999999999858e+01
2.360000000000000142e+01
2.580000000000000071e+01
4.170000000000000284e+01
3.180000000000000071e+01
3.750000000000000000e+01
4.089999999999999858e+01
5.189999999999999858e+01
1.869999999999999929e+01
5.920000000000000284e+01
4.089999999999999858e+01
5.920000000000000284e+01
4.089999999999999858e+01
6.239999999999999858e+01
2.739999999999999858e+01
6.770000000000000284e+01
5.260000000000000142e+01
3.189999999999999858e+01
3.879999999999999716e+01
4.479999999999999716e+01
4.079999999999999716e+01
3.329999999999999716e+01
3.080000000000000071e+01
4.029999999999999716e+01
4.770000000000000284e+01
5.179999999999999716e+01
4.000000000000000000e+01
3.760000000000000142e+01
2.710000000000000142e+01
3.660000000000000142e+01
4.320000000000000284e+01
3.320000000000000284e+01
4.170000000000000284e+01
5.800000000000000000e+01
3.800000000000000000e+01
4.089999999999999858e+01
3.019999999999999929e+01
2.760000000000000142e+01
2.089999999999999858e+01
4.170000000000000284e+01
2.410000000000000142e+01
4.460000000000000142e+01
4.460000000000000142e+01
2.950000000000000000e+01
6.160000000000000142e+01
3.389999999999999858e+01
4.320000000000000284e+01
3.320000000000000284e+01
4.170000000000000284e+01
5.800000000000000000e+01
3.800000000000000000e+01
4.089999999999999858e+01
3.019999999999999929e+01
2.710000000000000142e+01
