1.680000000000000071e+01
3.119999999999999929e+01
2.530000000000000071e+01
1.760000000000000142e+01
2.989999999999999858e+01
1.319999999999999929e+01
5.950000000000000000e+01
5.489999999999999858e+01
2.510000000000000142e+01
3.189999999999999858e+01
7.070000000000000284e+01
2.869999999999999929e+01
3.800000000000000000e+01
2.050000000000000000e+01
3.000000000000000000e+01
2.050000000000000000e+01
3.000000000000000000e+01
2.069999999999999929e+01
4.560000000000000142e+01
2.730000000000000071e+01
3.489999999999999858e+01
2.450000000000000000e+01
6.110000000000000142e+01
3.100000000000000000e+01
4.439999999999999858e+01
4.229999999999999716e+01
4.360000000000000142e+01
3.639999999999999858e+01
4.439999999999999858e+01
2.889999999999999858e+01
2.819999999999999929e+01
2.730000000000000071e+01
3.710000000000000142e+01
2.880000000000000071e+01
3.870000000000000284e+01
3.019999999999999929e+01
3.060000000000000142e+01
3.239999999999999858e+01
3.870000000000000284e+01
6.010000000000000142e+01
3.510000000000000142e+01
3.010000000000000142e+01
3.470000000000000284e+01
4.439999999999999858e+01
2.889999999999999858e+01
2.819999999999999929e+01
2.730000000000000071e+01
3.710000000000000142e+01
2.880000000000000071e+01
3.870000000000000284e+01
3.019999999999999929e+01
3.060000000000000142e+01
3.239999999999999858e+01
