5.300000000000000000e+01
1.119999999999999929e+01
5.150000000000000000e+01
4.170000000000000284e+01
3.689999999999999858e+01
5.310000000000000142e+01
4.170000000000000284e+01
2.150000000000000000e+01
3.220000000000000284e+01
6.550000000000000000e+01
2.960000000000000142e+01
2.619999999999999929e+01
2.780000000000000071e+01
4.060000000000000142e+01
5.670000000000000284e+01
3.750000000000000000e+01
4.020000000000000284e+01
2.180000000000000071e+01
2.950000000000000000e+01
3.629999999999999716e+01
2.200000000000000000e+01
2.189999999999999858e+01
0.000000000000000000e+00
5.289999999999999858e+01
3.379999999999999716e+01
1.119999999999999929e+01
0.000000000000000000e+00
0.000000000000000000e+00
4.170000000000000284e+01
7.799999999999999822e+00
0.000000000000000000e+00
0.000000000000000000e+00
3.689999999999999858e+01
5.310000000000000142e+01
4.170000000000000284e+01
2.150000000000000000e+01
3.220000000000000284e+01
6.550000000000000000e+01
2.960000000000000142e+01
2.780000000000000071e+01
4.060000000000000142e+01
5.670000000000000284e+01
3.750000000000000000e+01
4.020000000000000284e+01
2.180000000000000071e+01
2.950000000000000000e+01
3.689999999999999858e+01
5.310000000000000142e+01
4.170000000000000284e+01
2.150000000000000000e+01
3.220000000000000284e+01
6.550000000000000000e+01
2.960000000000000142e+01
2.780000000000000071e+01
4.060000000000000142e+01
5.670000000000000284e+01
