3.080000000000000071e+01
1.380000000000000071e+01
3.760000000000000142e+01
5.889999999999999858e+01
1.130000000000000071e+01
2.130000000000000071e+01
4.470000000000000284e+01
4.260000000000000142e+01
3.030000000000000071e+01
3.820000000000000284e+01
6.709999999999999432e+01
6.979999999999999716e+01
3.820000000000000284e+01
6.709999999999999432e+01
6.979999999999999716e+01
2.110000000000000142e+01
3.180000000000000071e+01
3.130000000000000071e+01
6.250000000000000000e+01
6.250000000000000000e+01
2.130000000000000071e+01
3.639999999999999858e+01
3.510000000000000142e+01
6.829999999999999716e+01
2.669999999999999929e+01
4.489999999999999858e+01
6.250000000000000000e+01
3.030000000000000071e+01
4.139999999999999858e+01
4.539999999999999858e+01
3.489999999999999858e+01
2.530000000000000071e+01
3.510000000000000142e+01
3.839999999999999858e+01
3.400000000000000000e+01
3.000000000000000000e+01
3.960000000000000142e+01
5.479999999999999716e+01
2.310000000000000142e+01
4.450000000000000000e+01
2.750000000000000000e+01
4.620000000000000284e+01
4.629999999999999716e+01
2.860000000000000142e+01
4.539999999999999858e+01
3.489999999999999858e+01
2.530000000000000071e+01
3.510000000000000142e+01
3.839999999999999858e+01
3.400000000000000000e+01
3.000000000000000000e+01
3.960000000000000142e+01
