2.069999999999999929e+01
5.700000000000000000e+01
1.330000000000000071e+01
3.439999999999999858e+01
5.110000000000000142e+01
2.030000000000000071e+01
2.450000000000000000e+01
2.030000000000000071e+01
2.450000000000000000e+01
4.110000000000000142e+01
3.789999999999999858e+01
5.539999999999999858e+01
2.839999999999999858e+01
5.329999999999999716e+01
3.860000000000000142e+01
3.939999999999999858e+01
3.110000000000000142e+01
3.700000000000000000e+01
3.879999999999999716e+01
2.819999999999999929e+01
3.850000000000000000e+01
3.879999999999999716e+01
4.310000000000000142e+01
2.489999999999999858e+01
2.389999999999999858e+01
4.339999999999999858e+01
3.700000000000000000e+01
3.879999999999999716e+01
2.819999999999999929e+01
3.850000000000000000e+01
3.879999999999999716e+01
4.310000000000000142e+01
3.939999999999999858e+01
3.110000000000000142e+01
