2.019999999999999929e+01
5.560000000000000142e+01
3.039999999999999858e+01
3.500000000000000000e+01
4.000000000000000000e+01
4.460000000000000142e+01
3.060000000000000142e+01
2.519999999999999929e+01
3.169999999999999929e+01
1.130000000000000071e+01
3.160000000000000142e+01
3.160000000000000142e+01
2.539999999999999858e+01
2.860000000000000142e+01
3.239999999999999858e+01
3.710000000000000142e+01
2.860000000000000142e+01
5.310000000000000142e+01
3.019999999999999929e+01
3.789999999999999858e+01
7.220000000000000284e+01
2.969999999999999929e+01
3.429999999999999716e+01
3.789999999999999858e+01
4.039999999999999858e+01
3.429999999999999716e+01
3.050000000000000000e+01
2.139999999999999858e+01
2.800000000000000000e+01
3.660000000000000142e+01
2.230000000000000071e+01
4.889999999999999858e+01
4.439999999999999858e+01
3.710000000000000142e+01
3.069999999999999929e+01
3.379999999999999716e+01
2.769999999999999929e+01
4.450000000000000000e+01
2.269999999999999929e+01
3.210000000000000142e+01
3.180000000000000071e+01
2.969999999999999929e+01
4.100000000000000000e+01
3.610000000000000142e+01
1.109999999999999964e+01
3.399999999999999911e+00
0.000000000000000000e+00
0.000000000000000000e+00
3.180000000000000071e+01
0.000000000000000000e+00
0.000000000000000000e+00
2.369999999999999929e+01
0.000000000000000000e+00
6.400000000000000355e+00
0.000000000000000000e+00
3.400000000000000000e+01
0.000000000000000000e+00
0.000000000000000000e+00
0.000000000000000000e+00
0.000000000000000000e+00
2.839999999999999858e+01
0.000000000000000000e+00
3.379999999999999716e+01
0.000000000000000000e+00
0.000000000000000000e+00
0.000000000000000000e+00
1.150000000000000000e+01
6.799999999999999822e+00
3.160000000000000142e+01
2.539999999999999858e+01
2.860000000000000142e+01
3.239999999999999858e+01
3.710000000000000142e+01
2.860000000000000142e+01
5.310000000000000142e+01
3.019999999999999929e+01
7.220000000000000284e+01
2.969999999999999929e+01
3.429999999999999716e+01
3.789999999999999858e+01
4.039999999999999858e+01
3.429999999999999716e+01
3.050000000000000000e+01
2.800000000000000000e+01
3.660000000000000142e+01
2.230000000000000071e+01
4.889999999999999858e+01
4.439999999999999858e+01
3.710000000000000142e+01
3.379999999999999716e+01
2.769999999999999929e+01
4.450000000000000000e+01
3.160000000000000142e+01
2.539999999999999858e+01
2.860000000000000142e+01
3.239999999999999858e+01
3.710000000000000142e+01
2.860000000000000142e+01
5.310000000000000142e+01
3.019999999999999929e+01
7.220000000000000284e+01
2.969999999999999929e+01
3.429999999999999716e+01
3.789999999999999858e+01
4.039999999999999858e+01
3.429999999999999716e+01
3.050000000000000000e+01
2.800000000000000000e+01
3.660000000000000142e+01
2.230000000000000071e+01
4.889999999999999858e+01
