1.919999999999999929e+01
3.689999999999999858e+01
4.439999999999999858e+01
3.800000000000000000e+01
3.350000000000000000e+01
3.320000000000000284e+01
4.750000000000000000e+01
5.339999999999999858e+01
2.710000000000000142e+01
6.310000000000000142e+01
5.320000000000000284e+01
3.760000000000000142e+01
3.839999999999999858e+01
4.060000000000000142e+01
5.800000000000000000e+01
7.799999999999999822e+00
7.000000000000000000e+00
8.500000000000000000e+00
4.060000000000000142e+01
5.800000000000000000e+01
4.160000000000000142e+01
6.289999999999999858e+01
1.190000000000000036e+01
3.979999999999999716e+01
1.519999999999999929e+01
4.239999999999999858e+01
3.489999999999999858e+01
3.400000000000000000e+01
3.489999999999999858e+01
4.010000000000000142e+01
4.550000000000000000e+01
4.450000000000000000e+01
4.060000000000000142e+01
5.800000000000000000e+01
4.160000000000000142e+01
6.289999999999999858e+01
3.979999999999999716e+01
4.239999999999999858e+01
3.489999999999999858e+01
3.400000000000000000e+01
3.489999999999999858e+01
4.010000000000000142e+01
4.550000000000000000e+01
4.450000000000000000e+01
2.350000000000000000e+01
2.350000000000000000e+01
3.379999999999999716e+01
6.609999999999999432e+01
3.279999999999999716e+01
5.239999999999999858e+01
6.289999999999999858e+01
2.810000000000000142e+01
4.720000000000000284e+01
5.160000000000000142e+01
3.229999999999999716e+01
3.500000000000000000e+01
2.260000000000000142e+01
1.190000000000000036e+01
1.519999999999999929e+01
1.430000000000000071e+01
2.350000000000000000e+01
2.350000000000000000e+01
3.379999999999999716e+01
1.519999999999999929e+01
6.609999999999999432e+01
3.279999999999999716e+01
5.239999999999999858e+01
6.289999999999999858e+01
2.810000000000000142e+01
1.080000000000000071e+01
4.720000000000000284e+01
5.160000000000000142e+01
3.229999999999999716e+01
3.500000000000000000e+01
2.260000000000000142e+01
2.569999999999999929e+01
1.919999999999999929e+01
6.289999999999999858e+01
