4.000000000000000000e+01
3.060000000000000142e+01
3.670000000000000284e+01
4.870000000000000284e+01
3.389999999999999858e+01
2.010000000000000142e+01
3.910000000000000142e+01
3.389999999999999858e+01
2.010000000000000142e+01
3.910000000000000142e+01
5.000000000000000000e+01
3.420000000000000284e+01
3.220000000000000284e+01
6.929999999999999716e+01
4.020000000000000284e+01
2.219999999999999929e+01
2.810000000000000142e+01
4.479999999999999716e+01
3.150000000000000000e+01
3.639999999999999858e+01
5.329999999999999716e+01
2.300000000000000000e+01
3.200000000000000000e+01
2.250000000000000000e+01
5.410000000000000142e+01
2.869999999999999929e+01
5.739999999999999858e+01
4.400000000000000000e+01
2.400000000000000000e+01
4.679999999999999716e+01
3.810000000000000142e+01
4.239999999999999858e+01
3.429999999999999716e+01
4.220000000000000284e+01
4.810000000000000142e+01
2.250000000000000000e+01
5.410000000000000142e+01
2.869999999999999929e+01
5.739999999999999858e+01
4.400000000000000000e+01
2.400000000000000000e+01
