2.930000000000000071e+01
2.560000000000000142e+01
3.979999999999999716e+01
4.039999999999999858e+01
2.769999999999999929e+01
5.329999999999999716e+01
3.639999999999999858e+01
1.639999999999999858e+01
2.530000000000000071e+01
6.239999999999999858e+01
4.279999999999999716e+01
1.619999999999999929e+01
3.320000000000000284e+01
2.230000000000000071e+01
4.550000000000000000e+01
3.320000000000000284e+01
2.230000000000000071e+01
4.550000000000000000e+01
2.880000000000000071e+01
4.139999999999999858e+01
4.079999999999999716e+01
2.819999999999999929e+01
3.589999999999999858e+01
6.200000000000000000e+01
2.680000000000000071e+01
5.989999999999999858e+01
3.470000000000000284e+01
2.889999999999999858e+01
6.239999999999999858e+01
3.200000000000000000e+01
5.189999999999999858e+01
3.639999999999999858e+01
6.679999999999999716e+01
2.130000000000000071e+01
3.400000000000000000e+01
4.929999999999999716e+01
3.589999999999999858e+01
3.050000000000000000e+01
3.650000000000000000e+01
3.210000000000000142e+01
4.589999999999999858e+01
3.760000000000000142e+01
2.439999999999999858e+01
6.420000000000000284e+01
5.560000000000000142e+01
5.029999999999999716e+01
4.179999999999999716e+01
3.060000000000000142e+01
6.239999999999999858e+01
3.529999999999999716e+01
2.269999999999999929e+01
4.479999999999999716e+01
5.189999999999999858e+01
3.639999999999999858e+01
6.679999999999999716e+01
2.130000000000000071e+01
3.400000000000000000e+01
4.929999999999999716e+01
3.589999999999999858e+01
3.050000000000000000e+01
3.650000000000000000e+01
3.210000000000000142e+01
4.589999999999999858e+01
3.760000000000000142e+01
2.439999999999999858e+01
6.420000000000000284e+01
5.560000000000000142e+01
