3.370000000000000284e+01
6.370000000000000284e+01
6.239999999999999858e+01
4.650000000000000000e+01
2.139999999999999858e+01
3.800000000000000000e+01
1.350000000000000000e+01
2.369999999999999929e+01
2.389999999999999858e+01
3.539999999999999858e+01
3.030000000000000071e+01
4.289999999999999858e+01
3.910000000000000142e+01
3.670000000000000284e+01
3.800000000000000000e+01
2.789999999999999858e+01
3.289999999999999858e+01
4.089999999999999858e+01
3.160000000000000142e+01
3.529999999999999716e+01
4.170000000000000284e+01
3.050000000000000000e+01
2.889999999999999858e+01
3.510000000000000142e+01
4.160000000000000142e+01
4.439999999999999858e+01
4.270000000000000284e+01
6.239999999999999858e+01
4.320000000000000284e+01
2.430000000000000071e+01
6.150000000000000000e+01
3.620000000000000284e+01
2.239999999999999858e+01
4.170000000000000284e+01
3.050000000000000000e+01
2.889999999999999858e+01
3.510000000000000142e+01
4.160000000000000142e+01
4.439999999999999858e+01
4.270000000000000284e+01
6.239999999999999858e+01
4.089999999999999858e+01
3.160000000000000142e+01
