4.450000000000000000e+01
1.209999999999999964e+01
4.189999999999999858e+01
1.500000000000000000e+01
2.780000000000000071e+01
2.969999999999999929e+01
3.300000000000000000e+01
1.009999999999999964e+01
3.010000000000000142e+01
3.300000000000000000e+01
3.010000000000000142e+01
5.789999999999999858e+01
4.439999999999999858e+01
2.530000000000000071e+01
2.250000000000000000e+01
4.439999999999999858e+01
4.439999999999999858e+01
2.810000000000000142e+01
5.739999999999999858e+01
2.180000000000000071e+01
2.260000000000000142e+01
3.239999999999999858e+01
4.160000000000000142e+01
3.889999999999999858e+01
2.580000000000000071e+01
5.310000000000000142e+01
3.210000000000000142e+01
3.989999999999999858e+01
3.900000000000000000e+01
2.430000000000000071e+01
4.439999999999999858e+01
5.739999999999999858e+01
2.180000000000000071e+01
2.260000000000000142e+01
3.239999999999999858e+01
4.160000000000000142e+01
3.889999999999999858e+01
2.580000000000000071e+01
5.310000000000000142e+01
