2.830000000000000071e+01
2.689999999999999858e+01
3.510000000000000142e+01
2.680000000000000071e+01
4.539999999999999858e+01
3.810000000000000142e+01
1.319999999999999929e+01
4.539999999999999858e+01
3.810000000000000142e+01
3.239999999999999858e+01
5.310000000000000142e+01
2.410000000000000142e+01
2.689999999999999858e+01
2.300000000000000000e+01
2.110000000000000142e+01
3.180000000000000071e+01
5.129999999999999716e+01
2.569999999999999929e+01
4.710000000000000142e+01
2.750000000000000000e+01
2.360000000000000142e+01
4.439999999999999858e+01
5.560000000000000142e+01
2.069999999999999929e+01
2.119999999999999929e+01
2.110000000000000142e+01
3.180000000000000071e+01
5.129999999999999716e+01
2.569999999999999929e+01
4.710000000000000142e+01
