3.829999999999999716e+01
3.180000000000000071e+01
3.720000000000000284e+01
1.119999999999999929e+01
2.760000000000000142e+01
8.350000000000000000e+01
6.279999999999999716e+01
6.260000000000000142e+01
6.260000000000000142e+01
2.850000000000000000e+01
5.660000000000000142e+01
6.360000000000000142e+01
2.139999999999999858e+01
5.720000000000000284e+01
5.279999999999999716e+01
5.460000000000000142e+01
3.960000000000000142e+01
5.720000000000000284e+01
5.279999999999999716e+01
5.460000000000000142e+01
3.960000000000000142e+01
3.920000000000000284e+01
3.200000000000000000e+01
6.260000000000000142e+01
4.300000000000000000e+01
2.360000000000000142e+01
3.050000000000000000e+01
3.870000000000000284e+01
5.179999999999999716e+01
5.739999999999999858e+01
2.200000000000000000e+01
3.019999999999999929e+01
3.019999999999999929e+01
2.389999999999999858e+01
3.019999999999999929e+01
2.319999999999999929e+01
2.360000000000000142e+01
3.019999999999999929e+01
3.650000000000000000e+01
3.650000000000000000e+01
7.279999999999999716e+01
3.279999999999999716e+01
3.019999999999999929e+01
2.180000000000000071e+01
6.270000000000000284e+01
3.370000000000000284e+01
6.210000000000000142e+01
3.039999999999999858e+01
2.389999999999999858e+01
3.019999999999999929e+01
2.319999999999999929e+01
2.360000000000000142e+01
3.019999999999999929e+01
3.650000000000000000e+01
3.650000000000000000e+01
7.279999999999999716e+01
