1.800000000000000000e+01
4.979999999999999716e+01
3.470000000000000284e+01
2.089999999999999858e+01
1.280000000000000071e+01
3.770000000000000284e+01
1.419999999999999929e+01
3.260000000000000142e+01
3.260000000000000142e+01
3.260000000000000142e+01
3.260000000000000142e+01
4.439999999999999858e+01
4.439999999999999858e+01
4.239999999999999858e+01
4.589999999999999858e+01
3.960000000000000142e+01
3.210000000000000142e+01
3.260000000000000142e+01
3.089999999999999858e+01
4.439999999999999858e+01
3.260000000000000142e+01
3.420000000000000284e+01
2.600000000000000000e+01
4.170000000000000284e+01
4.929999999999999716e+01
4.879999999999999716e+01
3.600000000000000000e+01
2.410000000000000142e+01
3.989999999999999858e+01
2.780000000000000071e+01
4.079999999999999716e+01
4.029999999999999716e+01
3.080000000000000071e+01
3.080000000000000071e+01
3.860000000000000142e+01
3.510000000000000142e+01
3.639999999999999858e+01
3.579999999999999716e+01
4.720000000000000284e+01
3.889999999999999858e+01
4.439999999999999858e+01
3.879999999999999716e+01
2.610000000000000142e+01
3.929999999999999716e+01
3.239999999999999858e+01
3.929999999999999716e+01
5.550000000000000000e+01
3.060000000000000142e+01
3.700000000000000000e+01
3.920000000000000284e+01
7.429999999999999716e+01
4.979999999999999716e+01
3.260000000000000142e+01
3.260000000000000142e+01
4.439999999999999858e+01
4.439999999999999858e+01
4.239999999999999858e+01
4.589999999999999858e+01
3.960000000000000142e+01
3.210000000000000142e+01
3.260000000000000142e+01
3.089999999999999858e+01
4.439999999999999858e+01
3.260000000000000142e+01
3.420000000000000284e+01
2.600000000000000000e+01
4.170000000000000284e+01
4.929999999999999716e+01
4.879999999999999716e+01
3.600000000000000000e+01
2.410000000000000142e+01
3.989999999999999858e+01
2.780000000000000071e+01
4.079999999999999716e+01
4.029999999999999716e+01
3.080000000000000071e+01
3.080000000000000071e+01
3.860000000000000142e+01
3.510000000000000142e+01
3.639999999999999858e+01
3.579999999999999716e+01
4.720000000000000284e+01
3.889999999999999858e+01
4.439999999999999858e+01
3.879999999999999716e+01
2.610000000000000142e+01
3.929999999999999716e+01
3.239999999999999858e+01
3.929999999999999716e+01
5.550000000000000000e+01
3.060000000000000142e+01
3.700000000000000000e+01
3.920000000000000284e+01
7.429999999999999716e+01
4.979999999999999716e+01
3.260000000000000142e+01
3.260000000000000142e+01
4.439999999999999858e+01
4.439999999999999858e+01
4.239999999999999858e+01
4.589999999999999858e+01
3.960000000000000142e+01
3.210000000000000142e+01
3.260000000000000142e+01
3.089999999999999858e+01
4.439999999999999858e+01
3.260000000000000142e+01
2.600000000000000000e+01
4.170000000000000284e+01
4.929999999999999716e+01
4.879999999999999716e+01
3.600000000000000000e+01
2.410000000000000142e+01
3.989999999999999858e+01
2.780000000000000071e+01
4.029999999999999716e+01
3.080000000000000071e+01
3.080000000000000071e+01
3.860000000000000142e+01
3.510000000000000142e+01
3.260000000000000142e+01
3.260000000000000142e+01
4.439999999999999858e+01
4.439999999999999858e+01
4.239999999999999858e+01
4.589999999999999858e+01
3.960000000000000142e+01
3.210000000000000142e+01
3.260000000000000142e+01
3.089999999999999858e+01
4.439999999999999858e+01
3.260000000000000142e+01
2.600000000000000000e+01
4.170000000000000284e+01
4.929999999999999716e+01
4.879999999999999716e+01
3.600000000000000000e+01
2.410000000000000142e+01
