1.250000000000000000e+01
2.800000000000000000e+01
2.880000000000000071e+01
4.429999999999999716e+01
4.429999999999999716e+01
3.110000000000000142e+01
4.429999999999999716e+01
2.619999999999999929e+01
2.260000000000000142e+01
4.429999999999999716e+01
2.869999999999999929e+01
2.219999999999999929e+01
3.970000000000000284e+01
2.860000000000000142e+01
3.889999999999999858e+01
4.410000000000000142e+01
2.039999999999999858e+01
3.779999999999999716e+01
4.429999999999999716e+01
2.869999999999999929e+01
2.219999999999999929e+01
3.970000000000000284e+01
2.860000000000000142e+01
