1.860000000000000142e+01
2.939999999999999858e+01
4.070000000000000284e+01
4.539999999999999858e+01
2.360000000000000142e+01
3.410000000000000142e+01
6.239999999999999858e+01
1.569999999999999929e+01
4.479999999999999716e+01
5.800000000000000000e+01
1.889999999999999858e+01
4.679999999999999716e+01
1.059999999999999964e+01
2.860000000000000142e+01
5.800000000000000000e+01
4.679999999999999716e+01
2.860000000000000142e+01
5.550000000000000000e+01
4.220000000000000284e+01
2.889999999999999858e+01
2.469999999999999929e+01
4.160000000000000142e+01
4.129999999999999716e+01
5.900000000000000000e+01
2.269999999999999929e+01
4.470000000000000284e+01
3.130000000000000071e+01
4.470000000000000284e+01
6.429999999999999716e+01
3.639999999999999858e+01
3.689999999999999858e+01
2.100000000000000000e+01
4.470000000000000284e+01
4.689999999999999858e+01
3.870000000000000284e+01
6.429999999999999716e+01
3.639999999999999858e+01
