2.560000000000000142e+01
2.830000000000000071e+01
3.069999999999999929e+01
1.359999999999999964e+01
3.479999999999999716e+01
1.650000000000000000e+01
3.670000000000000284e+01
2.969999999999999929e+01
3.910000000000000142e+01
4.100000000000000000e+01
4.300000000000000000e+01
4.220000000000000284e+01
3.180000000000000071e+01
4.100000000000000000e+01
4.300000000000000000e+01
4.220000000000000284e+01
3.180000000000000071e+01
2.510000000000000142e+01
2.000000000000000000e+01
2.969999999999999929e+01
2.919999999999999929e+01
3.210000000000000142e+01
3.689999999999999858e+01
5.260000000000000142e+01
2.630000000000000071e+01
3.760000000000000142e+01
2.500000000000000000e+01
6.039999999999999858e+01
3.310000000000000142e+01
2.969999999999999929e+01
3.810000000000000142e+01
2.130000000000000071e+01
3.210000000000000142e+01
3.970000000000000284e+01
2.069999999999999929e+01
3.100000000000000000e+01
3.210000000000000142e+01
2.400000000000000000e+01
2.530000000000000071e+01
2.030000000000000071e+01
4.100000000000000000e+01
4.300000000000000000e+01
4.220000000000000284e+01
3.180000000000000071e+01
2.510000000000000142e+01
2.000000000000000000e+01
2.969999999999999929e+01
2.919999999999999929e+01
3.210000000000000142e+01
3.689999999999999858e+01
5.260000000000000142e+01
2.630000000000000071e+01
3.760000000000000142e+01
2.500000000000000000e+01
6.039999999999999858e+01
3.310000000000000142e+01
2.969999999999999929e+01
3.810000000000000142e+01
2.130000000000000071e+01
3.210000000000000142e+01
3.970000000000000284e+01
2.069999999999999929e+01
3.100000000000000000e+01
3.210000000000000142e+01
2.400000000000000000e+01
2.530000000000000071e+01
2.030000000000000071e+01
3.239999999999999858e+01
4.100000000000000000e+01
4.300000000000000000e+01
4.220000000000000284e+01
3.180000000000000071e+01
2.510000000000000142e+01
2.000000000000000000e+01
2.969999999999999929e+01
2.919999999999999929e+01
3.210000000000000142e+01
3.689999999999999858e+01
5.260000000000000142e+01
2.630000000000000071e+01
3.760000000000000142e+01
6.039999999999999858e+01
3.310000000000000142e+01
2.969999999999999929e+01
3.810000000000000142e+01
4.100000000000000000e+01
4.300000000000000000e+01
4.220000000000000284e+01
3.180000000000000071e+01
2.510000000000000142e+01
2.000000000000000000e+01
2.969999999999999929e+01
2.919999999999999929e+01
3.210000000000000142e+01
3.689999999999999858e+01
5.260000000000000142e+01
2.630000000000000071e+01
3.760000000000000142e+01
