2.669999999999999929e+01
3.829999999999999716e+01
4.810000000000000142e+01
4.350000000000000000e+01
1.019999999999999929e+01
4.420000000000000284e+01
2.950000000000000000e+01
2.680000000000000071e+01
4.420000000000000284e+01
2.950000000000000000e+01
2.680000000000000071e+01
3.169999999999999929e+01
3.839999999999999858e+01
4.010000000000000142e+01
2.469999999999999929e+01
4.260000000000000142e+01
3.879999999999999716e+01
2.160000000000000142e+01
4.329999999999999716e+01
2.510000000000000142e+01
2.689999999999999858e+01
3.320000000000000284e+01
2.880000000000000071e+01
2.789999999999999858e+01
3.500000000000000000e+01
3.200000000000000000e+01
6.900000000000000000e+01
3.910000000000000142e+01
5.170000000000000284e+01
5.850000000000000000e+01
5.739999999999999858e+01
2.430000000000000071e+01
4.420000000000000284e+01
2.950000000000000000e+01
2.680000000000000071e+01
3.169999999999999929e+01
3.839999999999999858e+01
4.010000000000000142e+01
2.469999999999999929e+01
4.260000000000000142e+01
3.879999999999999716e+01
2.160000000000000142e+01
4.329999999999999716e+01
2.510000000000000142e+01
2.689999999999999858e+01
3.320000000000000284e+01
2.880000000000000071e+01
2.789999999999999858e+01
3.500000000000000000e+01
3.200000000000000000e+01
6.900000000000000000e+01
3.910000000000000142e+01
5.170000000000000284e+01
5.850000000000000000e+01
5.739999999999999858e+01
2.430000000000000071e+01
2.130000000000000071e+01
4.420000000000000284e+01
2.950000000000000000e+01
3.169999999999999929e+01
3.839999999999999858e+01
4.010000000000000142e+01
2.469999999999999929e+01
4.260000000000000142e+01
3.879999999999999716e+01
2.160000000000000142e+01
4.329999999999999716e+01
2.510000000000000142e+01
2.689999999999999858e+01
3.320000000000000284e+01
2.880000000000000071e+01
2.789999999999999858e+01
4.420000000000000284e+01
2.950000000000000000e+01
3.169999999999999929e+01
3.839999999999999858e+01
4.010000000000000142e+01
2.469999999999999929e+01
4.260000000000000142e+01
3.879999999999999716e+01
2.160000000000000142e+01
4.329999999999999716e+01
