3.410000000000000142e+01
3.400000000000000000e+01
4.179999999999999716e+01
6.310000000000000142e+01
2.369999999999999929e+01
2.789999999999999858e+01
2.750000000000000000e+01
3.500000000000000000e+01
4.210000000000000142e+01
2.150000000000000000e+01
2.139999999999999858e+01
3.870000000000000284e+01
3.500000000000000000e+01
4.210000000000000142e+01
3.870000000000000284e+01
5.170000000000000284e+01
2.300000000000000000e+01
3.820000000000000284e+01
2.030000000000000071e+01
6.029999999999999716e+01
2.610000000000000142e+01
2.239999999999999858e+01
6.679999999999999716e+01
5.229999999999999716e+01
3.710000000000000142e+01
3.450000000000000000e+01
3.820000000000000284e+01
2.100000000000000000e+01
3.169999999999999929e+01
3.450000000000000000e+01
