6.640000000000000568e+01
2.450000000000000000e+01
1.040000000000000036e+01
3.620000000000000284e+01
1.730000000000000071e+01
2.839999999999999858e+01
1.419999999999999929e+01
2.630000000000000071e+01
2.939999999999999858e+01
3.939999999999999858e+01
3.080000000000000071e+01
2.789999999999999858e+01
3.820000000000000284e+01
2.760000000000000142e+01
3.820000000000000284e+01
2.760000000000000142e+01
3.900000000000000000e+01
3.169999999999999929e+01
3.560000000000000142e+01
2.960000000000000142e+01
2.880000000000000071e+01
2.180000000000000071e+01
2.180000000000000071e+01
2.810000000000000142e+01
5.170000000000000284e+01
4.339999999999999858e+01
2.910000000000000142e+01
3.979999999999999716e+01
2.069999999999999929e+01
4.660000000000000142e+01
2.000000000000000000e+01
2.060000000000000142e+01
4.670000000000000284e+01
4.929999999999999716e+01
2.839999999999999858e+01
2.530000000000000071e+01
3.820000000000000284e+01
2.839999999999999858e+01
3.979999999999999716e+01
2.069999999999999929e+01
4.660000000000000142e+01
2.000000000000000000e+01
2.060000000000000142e+01
4.670000000000000284e+01
4.929999999999999716e+01
