2.889999999999999858e+01
3.679999999999999716e+01
3.220000000000000284e+01
3.220000000000000284e+01
3.229999999999999716e+01
3.220000000000000284e+01
3.229999999999999716e+01
2.980000000000000071e+01
5.229999999999999716e+01
3.810000000000000142e+01
4.889999999999999858e+01
4.520000000000000284e+01
3.939999999999999858e+01
3.820000000000000284e+01
5.039999999999999858e+01
4.710000000000000142e+01
4.170000000000000284e+01
4.479999999999999716e+01
3.770000000000000284e+01
3.779999999999999716e+01
3.679999999999999716e+01
2.830000000000000071e+01
0.000000000000000000e+00
0.000000000000000000e+00
1.490000000000000036e+01
0.000000000000000000e+00
0.000000000000000000e+00
4.600000000000000000e+01
0.000000000000000000e+00
3.180000000000000071e+01
4.170000000000000284e+01
0.000000000000000000e+00
0.000000000000000000e+00
0.000000000000000000e+00
4.589999999999999858e+01
3.200000000000000178e+00
0.000000000000000000e+00
8.599999999999999645e+00
3.220000000000000284e+01
3.220000000000000284e+01
3.229999999999999716e+01
2.980000000000000071e+01
5.229999999999999716e+01
3.810000000000000142e+01
4.889999999999999858e+01
4.520000000000000284e+01
3.820000000000000284e+01
5.039999999999999858e+01
4.170000000000000284e+01
4.479999999999999716e+01
3.770000000000000284e+01
3.779999999999999716e+01
3.679999999999999716e+01
3.220000000000000284e+01
3.229999999999999716e+01
2.980000000000000071e+01
5.229999999999999716e+01
3.810000000000000142e+01
4.889999999999999858e+01
4.520000000000000284e+01
