3.410000000000000142e+01
2.300000000000000000e+01
4.179999999999999716e+01
4.620000000000000284e+01
3.979999999999999716e+01
3.030000000000000071e+01
6.179999999999999716e+01
2.819999999999999929e+01
3.060000000000000142e+01
2.210000000000000142e+01
4.310000000000000142e+01
3.760000000000000142e+01
2.960000000000000142e+01
3.189999999999999858e+01
2.960000000000000142e+01
3.189999999999999858e+01
3.350000000000000000e+01
4.360000000000000142e+01
7.900000000000000000e+01
2.900000000000000000e+01
3.600000000000000000e+01
3.910000000000000142e+01
3.660000000000000142e+01
4.420000000000000284e+01
4.170000000000000284e+01
2.089999999999999858e+01
3.239999999999999858e+01
2.760000000000000142e+01
4.650000000000000000e+01
4.200000000000000000e+01
3.900000000000000000e+01
3.370000000000000284e+01
2.800000000000000000e+01
4.600000000000000000e+01
3.189999999999999858e+01
2.969999999999999929e+01
2.550000000000000000e+01
3.210000000000000142e+01
2.260000000000000142e+01
3.789999999999999858e+01
0.000000000000000000e+00
0.000000000000000000e+00
4.720000000000000284e+01
0.000000000000000000e+00
0.000000000000000000e+00
0.000000000000000000e+00
4.150000000000000000e+01
0.000000000000000000e+00
0.000000000000000000e+00
5.079999999999999716e+01
3.770000000000000284e+01
0.000000000000000000e+00
9.800000000000000711e+00
4.800000000000000000e+01
0.000000000000000000e+00
3.050000000000000000e+01
0.000000000000000000e+00
0.000000000000000000e+00
0.000000000000000000e+00
3.189999999999999858e+01
2.960000000000000142e+01
3.189999999999999858e+01
3.350000000000000000e+01
4.360000000000000142e+01
7.900000000000000000e+01
2.900000000000000000e+01
3.600000000000000000e+01
3.910000000000000142e+01
4.170000000000000284e+01
2.089999999999999858e+01
3.239999999999999858e+01
2.760000000000000142e+01
4.650000000000000000e+01
4.200000000000000000e+01
3.900000000000000000e+01
3.370000000000000284e+01
2.800000000000000000e+01
4.600000000000000000e+01
3.189999999999999858e+01
2.969999999999999929e+01
2.550000000000000000e+01
3.210000000000000142e+01
2.260000000000000142e+01
2.960000000000000142e+01
3.189999999999999858e+01
3.350000000000000000e+01
4.360000000000000142e+01
7.900000000000000000e+01
2.900000000000000000e+01
3.600000000000000000e+01
3.910000000000000142e+01
4.170000000000000284e+01
2.089999999999999858e+01
3.239999999999999858e+01
2.760000000000000142e+01
4.650000000000000000e+01
4.200000000000000000e+01
3.900000000000000000e+01
3.370000000000000284e+01
2.800000000000000000e+01
