3.889999999999999858e+01
2.619999999999999929e+01
2.300000000000000000e+01
2.369999999999999929e+01
4.179999999999999716e+01
4.220000000000000284e+01
4.560000000000000142e+01
3.460000000000000142e+01
5.310000000000000142e+01
4.450000000000000000e+01
3.150000000000000000e+01
1.850000000000000000e+01
6.100000000000000000e+01
1.169999999999999929e+01
1.650000000000000000e+01
3.729999999999999716e+01
2.650000000000000000e+01
6.200000000000000178e+00
8.400000000000000355e+00
7.000000000000000000e+00
1.650000000000000000e+01
3.729999999999999716e+01
2.650000000000000000e+01
6.700000000000000178e+00
4.160000000000000142e+01
5.599999999999999645e+00
2.700000000000000000e+01
3.750000000000000000e+01
3.729999999999999716e+01
2.060000000000000142e+01
1.219999999999999929e+01
2.080000000000000071e+01
3.069999999999999929e+01
2.410000000000000142e+01
2.060000000000000142e+01
3.189999999999999858e+01
2.560000000000000142e+01
3.989999999999999858e+01
9.099999999999999645e+00
3.639999999999999858e+01
9.800000000000000711e+00
2.980000000000000071e+01
3.229999999999999716e+01
3.729999999999999716e+01
2.650000000000000000e+01
4.160000000000000142e+01
2.700000000000000000e+01
3.750000000000000000e+01
3.729999999999999716e+01
2.060000000000000142e+01
2.080000000000000071e+01
3.069999999999999929e+01
2.410000000000000142e+01
2.060000000000000142e+01
3.189999999999999858e+01
2.560000000000000142e+01
3.989999999999999858e+01
3.639999999999999858e+01
2.980000000000000071e+01
3.229999999999999716e+01
2.850000000000000000e+01
4.270000000000000284e+01
3.870000000000000284e+01
2.680000000000000071e+01
2.680000000000000071e+01
2.410000000000000142e+01
3.350000000000000000e+01
1.650000000000000000e+01
1.219999999999999929e+01
1.559999999999999964e+01
1.090000000000000036e+01
3.870000000000000284e+01
2.680000000000000071e+01
2.680000000000000071e+01
2.410000000000000142e+01
3.350000000000000000e+01
4.300000000000000000e+01
3.910000000000000142e+01
3.460000000000000142e+01
3.839999999999999858e+01
1.430000000000000071e+01
3.800000000000000000e+01
6.479999999999999716e+01
3.350000000000000000e+01
