2.180000000000000071e+01
4.150000000000000000e+01
3.080000000000000071e+01
2.960000000000000142e+01
2.780000000000000071e+01
1.040000000000000036e+01
2.850000000000000000e+01
2.850000000000000000e+01
2.969999999999999929e+01
4.360000000000000142e+01
3.039999999999999858e+01
4.329999999999999716e+01
4.060000000000000142e+01
2.189999999999999858e+01
4.279999999999999716e+01
2.950000000000000000e+01
3.689999999999999858e+01
4.150000000000000000e+01
4.270000000000000284e+01
3.130000000000000071e+01
3.119999999999999929e+01
4.600000000000000000e+01
4.439999999999999858e+01
2.939999999999999858e+01
3.139999999999999858e+01
3.389999999999999858e+01
3.189999999999999858e+01
3.389999999999999858e+01
4.179999999999999716e+01
3.779999999999999716e+01
3.720000000000000284e+01
2.850000000000000000e+01
2.969999999999999929e+01
4.360000000000000142e+01
3.039999999999999858e+01
4.329999999999999716e+01
4.060000000000000142e+01
2.189999999999999858e+01
4.279999999999999716e+01
2.950000000000000000e+01
3.689999999999999858e+01
4.150000000000000000e+01
4.270000000000000284e+01
3.130000000000000071e+01
4.600000000000000000e+01
4.439999999999999858e+01
2.939999999999999858e+01
3.139999999999999858e+01
3.389999999999999858e+01
3.189999999999999858e+01
3.389999999999999858e+01
4.179999999999999716e+01
3.779999999999999716e+01
3.720000000000000284e+01
2.860000000000000142e+01
2.850000000000000000e+01
2.969999999999999929e+01
4.360000000000000142e+01
3.039999999999999858e+01
4.329999999999999716e+01
4.060000000000000142e+01
2.189999999999999858e+01
2.950000000000000000e+01
3.689999999999999858e+01
4.270000000000000284e+01
3.130000000000000071e+01
2.850000000000000000e+01
2.969999999999999929e+01
4.360000000000000142e+01
3.039999999999999858e+01
4.329999999999999716e+01
4.060000000000000142e+01
2.189999999999999858e+01
2.950000000000000000e+01
3.689999999999999858e+01
4.270000000000000284e+01
