3.850000000000000000e+01
2.519999999999999929e+01
3.019999999999999929e+01
2.900000000000000000e+01
4.429999999999999716e+01
3.250000000000000000e+01
3.370000000000000284e+01
3.510000000000000142e+01
1.810000000000000142e+01
2.200000000000000000e+01
3.479999999999999716e+01
2.989999999999999858e+01
1.889999999999999858e+01
3.789999999999999858e+01
4.050000000000000000e+01
7.599999999999999645e+00
8.000000000000000000e+00
7.200000000000000178e+00
7.099999999999999645e+00
7.099999999999999645e+00
2.989999999999999858e+01
1.889999999999999858e+01
3.789999999999999858e+01
4.050000000000000000e+01
2.550000000000000000e+01
3.439999999999999858e+01
3.479999999999999716e+01
3.870000000000000284e+01
4.160000000000000142e+01
2.539999999999999858e+01
3.320000000000000284e+01
3.370000000000000284e+01
2.930000000000000071e+01
2.200000000000000000e+01
3.739999999999999858e+01
4.160000000000000142e+01
3.000000000000000000e+01
2.350000000000000000e+01
3.370000000000000284e+01
3.379999999999999716e+01
7.529999999999999716e+01
2.360000000000000142e+01
5.339999999999999858e+01
3.550000000000000000e+01
1.280000000000000071e+01
1.150000000000000000e+01
3.379999999999999716e+01
7.529999999999999716e+01
1.689999999999999858e+01
2.360000000000000142e+01
1.119999999999999929e+01
5.339999999999999858e+01
3.550000000000000000e+01
3.650000000000000000e+01
3.810000000000000142e+01
2.950000000000000000e+01
1.960000000000000142e+01
3.870000000000000284e+01
5.339999999999999858e+01
