1.719999999999999929e+01
5.879999999999999716e+01
2.719999999999999929e+01
6.289999999999999858e+01
6.310000000000000142e+01
3.210000000000000142e+01
6.310000000000000142e+01
3.210000000000000142e+01
6.310000000000000142e+01
6.659999999999999432e+01
3.339999999999999858e+01
6.490000000000000568e+01
2.080000000000000071e+01
4.489999999999999858e+01
5.039999999999999858e+01
5.370000000000000284e+01
2.800000000000000000e+01
4.460000000000000142e+01
6.250000000000000000e+01
3.910000000000000142e+01
2.080000000000000071e+01
4.489999999999999858e+01
5.039999999999999858e+01
