2.239999999999999858e+01
3.529999999999999716e+01
3.429999999999999716e+01
4.060000000000000142e+01
6.250000000000000000e+01
2.919999999999999929e+01
3.620000000000000284e+01
2.960000000000000142e+01
3.039999999999999858e+01
2.610000000000000142e+01
6.250000000000000000e+01
1.109999999999999964e+01
4.620000000000000284e+01
4.620000000000000284e+01
2.819999999999999929e+01
4.460000000000000142e+01
2.619999999999999929e+01
4.220000000000000284e+01
3.030000000000000071e+01
2.869999999999999929e+01
5.029999999999999716e+01
2.200000000000000000e+01
3.650000000000000000e+01
3.850000000000000000e+01
3.739999999999999858e+01
2.389999999999999858e+01
5.420000000000000284e+01
5.260000000000000142e+01
3.629999999999999716e+01
3.030000000000000071e+01
3.660000000000000142e+01
4.270000000000000284e+01
3.850000000000000000e+01
3.739999999999999858e+01
2.389999999999999858e+01
5.420000000000000284e+01
5.260000000000000142e+01
3.629999999999999716e+01
