3.379999999999999716e+01
4.320000000000000284e+01
2.330000000000000071e+01
1.359999999999999964e+01
1.050000000000000000e+01
3.410000000000000142e+01
1.180000000000000071e+01
3.639999999999999858e+01
2.169999999999999929e+01
2.680000000000000071e+01
3.039999999999999858e+01
4.060000000000000142e+01
3.660000000000000142e+01
3.410000000000000142e+01
1.180000000000000071e+01
2.800000000000000000e+01
2.619999999999999929e+01
1.680000000000000071e+01
3.770000000000000284e+01
2.369999999999999929e+01
3.250000000000000000e+01
2.800000000000000000e+01
2.619999999999999929e+01
3.770000000000000284e+01
2.369999999999999929e+01
3.250000000000000000e+01
6.289999999999999858e+01
3.770000000000000284e+01
2.630000000000000071e+01
4.020000000000000284e+01
2.080000000000000071e+01
2.589999999999999858e+01
3.650000000000000000e+01
2.860000000000000142e+01
2.919999999999999929e+01
2.830000000000000071e+01
4.439999999999999858e+01
2.810000000000000142e+01
3.379999999999999716e+01
2.450000000000000000e+01
2.200000000000000000e+01
3.539999999999999858e+01
6.929999999999999716e+01
3.850000000000000000e+01
2.889999999999999858e+01
3.229999999999999716e+01
5.179999999999999716e+01
4.160000000000000142e+01
3.239999999999999858e+01
2.500000000000000000e+01
2.630000000000000071e+01
2.680000000000000071e+01
3.979999999999999716e+01
2.910000000000000142e+01
4.000000000000000000e+01
3.820000000000000284e+01
2.939999999999999858e+01
2.019999999999999929e+01
2.550000000000000000e+01
2.710000000000000142e+01
2.919999999999999929e+01
5.610000000000000142e+01
2.780000000000000071e+01
4.620000000000000284e+01
2.130000000000000071e+01
3.850000000000000000e+01
2.889999999999999858e+01
3.229999999999999716e+01
5.179999999999999716e+01
4.160000000000000142e+01
3.239999999999999858e+01
2.500000000000000000e+01
2.630000000000000071e+01
2.680000000000000071e+01
3.979999999999999716e+01
2.910000000000000142e+01
4.000000000000000000e+01
2.200000000000000000e+01
