1.950000000000000000e+01
2.019999999999999929e+01
1.109999999999999964e+01
3.560000000000000142e+01
4.600000000000000000e+01
3.350000000000000000e+01
3.360000000000000142e+01
2.589999999999999858e+01
1.559999999999999964e+01
2.819999999999999929e+01
9.099999999999999645e+00
9.500000000000000000e+00
7.700000000000000178e+00
8.099999999999999645e+00
5.400000000000000355e+00
5.700000000000000178e+00
6.200000000000000178e+00
3.360000000000000142e+01
9.099999999999999645e+00
2.589999999999999858e+01
1.559999999999999964e+01
2.819999999999999929e+01
4.170000000000000284e+01
3.810000000000000142e+01
4.450000000000000000e+01
3.060000000000000142e+01
2.539999999999999858e+01
4.110000000000000142e+01
1.669999999999999929e+01
3.710000000000000142e+01
3.600000000000000000e+01
1.830000000000000071e+01
8.300000000000000711e+00
4.039999999999999858e+01
4.220000000000000284e+01
3.360000000000000142e+01
2.589999999999999858e+01
2.819999999999999929e+01
4.170000000000000284e+01
3.810000000000000142e+01
4.450000000000000000e+01
3.060000000000000142e+01
2.539999999999999858e+01
4.110000000000000142e+01
3.710000000000000142e+01
3.600000000000000000e+01
4.039999999999999858e+01
4.220000000000000284e+01
2.619999999999999929e+01
3.450000000000000000e+01
3.820000000000000284e+01
2.969999999999999929e+01
4.510000000000000142e+01
3.950000000000000000e+01
2.169999999999999929e+01
3.839999999999999858e+01
4.450000000000000000e+01
5.389999999999999858e+01
3.629999999999999716e+01
3.360000000000000142e+01
2.589999999999999858e+01
2.819999999999999929e+01
4.170000000000000284e+01
3.810000000000000142e+01
4.450000000000000000e+01
2.539999999999999858e+01
4.110000000000000142e+01
3.710000000000000142e+01
3.600000000000000000e+01
4.039999999999999858e+01
4.220000000000000284e+01
2.619999999999999929e+01
3.450000000000000000e+01
3.820000000000000284e+01
4.510000000000000142e+01
3.950000000000000000e+01
3.839999999999999858e+01
3.360000000000000142e+01
2.589999999999999858e+01
2.819999999999999929e+01
4.170000000000000284e+01
3.810000000000000142e+01
4.450000000000000000e+01
2.539999999999999858e+01
4.110000000000000142e+01
3.710000000000000142e+01
3.600000000000000000e+01
4.039999999999999858e+01
4.220000000000000284e+01
