2.610000000000000142e+01
3.030000000000000071e+01
4.379999999999999716e+01
3.239999999999999858e+01
3.650000000000000000e+01
2.869999999999999929e+01
5.539999999999999858e+01
2.880000000000000071e+01
3.779999999999999716e+01
3.779999999999999716e+01
4.029999999999999716e+01
3.239999999999999858e+01
3.920000000000000284e+01
3.700000000000000000e+01
2.260000000000000142e+01
3.739999999999999858e+01
2.810000000000000142e+01
9.520000000000000284e+01
3.189999999999999858e+01
4.339999999999999858e+01
3.679999999999999716e+01
6.129999999999999716e+01
3.820000000000000284e+01
3.500000000000000000e+01
3.030000000000000071e+01
6.050000000000000000e+01
2.410000000000000142e+01
4.170000000000000284e+01
2.910000000000000142e+01
2.930000000000000071e+01
3.900000000000000000e+01
2.880000000000000071e+01
4.770000000000000284e+01
2.839999999999999858e+01
3.500000000000000000e+01
3.030000000000000071e+01
6.050000000000000000e+01
2.410000000000000142e+01
4.170000000000000284e+01
2.910000000000000142e+01
2.930000000000000071e+01
3.900000000000000000e+01
2.880000000000000071e+01
6.129999999999999716e+01
3.820000000000000284e+01
