3.210000000000000142e+01
2.839999999999999858e+01
4.379999999999999716e+01
2.810000000000000142e+01
2.810000000000000142e+01
1.700000000000000000e+01
1.069999999999999929e+01
2.619999999999999929e+01
2.050000000000000000e+01
2.169999999999999929e+01
2.960000000000000142e+01
2.969999999999999929e+01
4.600000000000000000e+01
3.839999999999999858e+01
4.200000000000000000e+01
1.700000000000000000e+01
4.600000000000000000e+01
3.839999999999999858e+01
2.289999999999999858e+01
2.919999999999999929e+01
3.870000000000000284e+01
4.339999999999999858e+01
3.229999999999999716e+01
5.089999999999999858e+01
3.510000000000000142e+01
3.429999999999999716e+01
4.439999999999999858e+01
3.739999999999999858e+01
4.689999999999999858e+01
4.729999999999999716e+01
4.310000000000000142e+01
3.270000000000000284e+01
2.060000000000000142e+01
3.639999999999999858e+01
3.439999999999999858e+01
2.650000000000000000e+01
2.880000000000000071e+01
2.669999999999999929e+01
4.439999999999999858e+01
4.020000000000000284e+01
4.410000000000000142e+01
3.069999999999999929e+01
4.589999999999999858e+01
3.350000000000000000e+01
4.210000000000000142e+01
3.600000000000000000e+01
5.000000000000000000e+01
4.439999999999999858e+01
3.529999999999999716e+01
3.750000000000000000e+01
2.969999999999999929e+01
4.560000000000000142e+01
2.060000000000000142e+01
3.639999999999999858e+01
3.439999999999999858e+01
2.650000000000000000e+01
2.880000000000000071e+01
2.669999999999999929e+01
4.439999999999999858e+01
4.020000000000000284e+01
4.410000000000000142e+01
3.069999999999999929e+01
3.270000000000000284e+01
