2.069999999999999929e+01
5.139999999999999858e+01
2.700000000000000000e+01
1.430000000000000071e+01
2.239999999999999858e+01
3.879999999999999716e+01
2.850000000000000000e+01
5.710000000000000142e+01
4.650000000000000000e+01
4.520000000000000284e+01
1.810000000000000142e+01
3.050000000000000000e+01
3.929999999999999716e+01
3.050000000000000000e+01
3.929999999999999716e+01
2.550000000000000000e+01
3.600000000000000000e+01
2.169999999999999929e+01
3.989999999999999858e+01
4.170000000000000284e+01
7.290000000000000568e+01
2.169999999999999929e+01
2.010000000000000142e+01
3.829999999999999716e+01
3.879999999999999716e+01
4.329999999999999716e+01
3.110000000000000142e+01
2.350000000000000000e+01
3.600000000000000000e+01
2.519999999999999929e+01
3.929999999999999716e+01
3.150000000000000000e+01
2.519999999999999929e+01
2.080000000000000071e+01
3.479999999999999716e+01
5.020000000000000284e+01
2.560000000000000142e+01
3.110000000000000142e+01
3.139999999999999858e+01
2.539999999999999858e+01
0.000000000000000000e+00
2.919999999999999929e+01
2.319999999999999929e+01
0.000000000000000000e+00
0.000000000000000000e+00
0.000000000000000000e+00
0.000000000000000000e+00
0.000000000000000000e+00
1.490000000000000036e+01
0.000000000000000000e+00
0.000000000000000000e+00
0.000000000000000000e+00
2.889999999999999858e+01
0.000000000000000000e+00
2.360000000000000142e+01
3.239999999999999858e+01
3.050000000000000000e+01
3.929999999999999716e+01
2.550000000000000000e+01
3.600000000000000000e+01
2.169999999999999929e+01
3.989999999999999858e+01
7.290000000000000568e+01
2.169999999999999929e+01
2.010000000000000142e+01
3.829999999999999716e+01
3.879999999999999716e+01
4.329999999999999716e+01
3.110000000000000142e+01
2.350000000000000000e+01
2.519999999999999929e+01
3.929999999999999716e+01
3.150000000000000000e+01
2.519999999999999929e+01
2.080000000000000071e+01
3.479999999999999716e+01
5.020000000000000284e+01
2.560000000000000142e+01
3.110000000000000142e+01
3.239999999999999858e+01
3.050000000000000000e+01
3.929999999999999716e+01
2.550000000000000000e+01
3.600000000000000000e+01
2.169999999999999929e+01
3.989999999999999858e+01
7.290000000000000568e+01
2.169999999999999929e+01
2.010000000000000142e+01
3.829999999999999716e+01
3.879999999999999716e+01
4.329999999999999716e+01
3.110000000000000142e+01
2.350000000000000000e+01
