4.170000000000000284e+01
5.489999999999999858e+01
2.050000000000000000e+01
6.239999999999999858e+01
4.170000000000000284e+01
1.600000000000000000e+01
2.630000000000000071e+01
3.710000000000000142e+01
5.379999999999999716e+01
1.330000000000000071e+01
3.030000000000000071e+01
1.490000000000000036e+01
3.160000000000000142e+01
2.700000000000000000e+01
3.460000000000000142e+01
3.879999999999999716e+01
1.209999999999999964e+01
3.710000000000000142e+01
5.379999999999999716e+01
3.030000000000000071e+01
3.160000000000000142e+01
3.460000000000000142e+01
3.879999999999999716e+01
3.169999999999999929e+01
2.419999999999999929e+01
3.030000000000000071e+01
2.700000000000000000e+01
3.030000000000000071e+01
3.030000000000000071e+01
2.610000000000000142e+01
3.870000000000000284e+01
3.160000000000000142e+01
2.289999999999999858e+01
4.210000000000000142e+01
2.480000000000000071e+01
5.029999999999999716e+01
3.030000000000000071e+01
2.560000000000000142e+01
3.030000000000000071e+01
3.910000000000000142e+01
3.829999999999999716e+01
5.179999999999999716e+01
2.930000000000000071e+01
3.829999999999999716e+01
2.450000000000000000e+01
6.609999999999999432e+01
3.820000000000000284e+01
6.239999999999999858e+01
3.850000000000000000e+01
3.030000000000000071e+01
2.560000000000000142e+01
3.030000000000000071e+01
3.910000000000000142e+01
3.829999999999999716e+01
5.179999999999999716e+01
2.930000000000000071e+01
3.829999999999999716e+01
2.450000000000000000e+01
