3.139999999999999858e+01
3.910000000000000142e+01
1.059999999999999964e+01
3.529999999999999716e+01
4.439999999999999858e+01
3.960000000000000142e+01
2.089999999999999858e+01
5.120000000000000284e+01
4.660000000000000142e+01
1.650000000000000000e+01
3.600000000000000000e+01
2.710000000000000142e+01
3.350000000000000000e+01
3.600000000000000000e+01
2.710000000000000142e+01
3.350000000000000000e+01
3.060000000000000142e+01
2.939999999999999858e+01
3.069999999999999929e+01
2.080000000000000071e+01
2.910000000000000142e+01
4.379999999999999716e+01
4.320000000000000284e+01
3.910000000000000142e+01
3.570000000000000284e+01
2.719999999999999929e+01
3.910000000000000142e+01
3.510000000000000142e+01
3.260000000000000142e+01
3.989999999999999858e+01
5.250000000000000000e+01
4.550000000000000000e+01
4.410000000000000142e+01
3.779999999999999716e+01
2.339999999999999858e+01
4.270000000000000284e+01
3.679999999999999716e+01
6.250000000000000000e+01
2.010000000000000142e+01
3.360000000000000142e+01
2.100000000000000000e+01
2.300000000000000000e+01
3.870000000000000284e+01
3.739999999999999858e+01
3.389999999999999858e+01
2.769999999999999929e+01
3.239999999999999858e+01
2.560000000000000142e+01
4.450000000000000000e+01
3.989999999999999858e+01
4.329999999999999716e+01
3.030000000000000071e+01
6.629999999999999716e+01
2.789999999999999858e+01
5.329999999999999716e+01
5.139999999999999858e+01
2.100000000000000000e+01
3.600000000000000000e+01
2.710000000000000142e+01
3.350000000000000000e+01
3.060000000000000142e+01
2.939999999999999858e+01
3.069999999999999929e+01
2.080000000000000071e+01
2.910000000000000142e+01
4.379999999999999716e+01
4.320000000000000284e+01
3.910000000000000142e+01
3.570000000000000284e+01
2.719999999999999929e+01
3.910000000000000142e+01
3.510000000000000142e+01
3.260000000000000142e+01
3.989999999999999858e+01
5.250000000000000000e+01
4.550000000000000000e+01
4.410000000000000142e+01
3.779999999999999716e+01
2.339999999999999858e+01
4.270000000000000284e+01
3.679999999999999716e+01
6.250000000000000000e+01
2.010000000000000142e+01
3.360000000000000142e+01
2.100000000000000000e+01
2.300000000000000000e+01
3.870000000000000284e+01
3.739999999999999858e+01
3.389999999999999858e+01
2.769999999999999929e+01
3.239999999999999858e+01
2.560000000000000142e+01
4.450000000000000000e+01
3.989999999999999858e+01
4.329999999999999716e+01
3.030000000000000071e+01
6.629999999999999716e+01
2.789999999999999858e+01
5.329999999999999716e+01
5.139999999999999858e+01
2.100000000000000000e+01
3.600000000000000000e+01
2.710000000000000142e+01
3.350000000000000000e+01
3.060000000000000142e+01
2.939999999999999858e+01
3.069999999999999929e+01
2.910000000000000142e+01
4.379999999999999716e+01
4.320000000000000284e+01
3.910000000000000142e+01
3.570000000000000284e+01
2.719999999999999929e+01
3.910000000000000142e+01
3.510000000000000142e+01
3.260000000000000142e+01
3.989999999999999858e+01
5.250000000000000000e+01
4.550000000000000000e+01
4.410000000000000142e+01
3.779999999999999716e+01
2.339999999999999858e+01
4.270000000000000284e+01
3.679999999999999716e+01
6.250000000000000000e+01
2.010000000000000142e+01
2.100000000000000000e+01
2.300000000000000000e+01
3.870000000000000284e+01
3.739999999999999858e+01
3.600000000000000000e+01
2.710000000000000142e+01
3.350000000000000000e+01
3.060000000000000142e+01
2.939999999999999858e+01
3.069999999999999929e+01
2.910000000000000142e+01
4.379999999999999716e+01
4.320000000000000284e+01
3.910000000000000142e+01
3.570000000000000284e+01
2.719999999999999929e+01
3.910000000000000142e+01
3.510000000000000142e+01
3.260000000000000142e+01
3.989999999999999858e+01
5.250000000000000000e+01
4.550000000000000000e+01
