4.450000000000000000e+01
2.619999999999999929e+01
4.279999999999999716e+01
2.469999999999999929e+01
1.190000000000000036e+01
3.420000000000000284e+01
4.150000000000000000e+01
2.789999999999999858e+01
4.370000000000000284e+01
2.410000000000000142e+01
4.139999999999999858e+01
4.379999999999999716e+01
3.560000000000000142e+01
5.010000000000000142e+01
5.599999999999999645e+00
5.400000000000000355e+00
7.200000000000000178e+00
3.560000000000000142e+01
5.010000000000000142e+01
8.000000000000000000e+00
2.500000000000000000e+01
3.080000000000000071e+01
3.960000000000000142e+01
3.710000000000000142e+01
4.160000000000000142e+01
3.080000000000000071e+01
3.960000000000000142e+01
3.710000000000000142e+01
4.160000000000000142e+01
2.100000000000000000e+01
3.579999999999999716e+01
3.520000000000000284e+01
5.529999999999999716e+01
2.850000000000000000e+01
2.680000000000000071e+01
4.160000000000000142e+01
4.329999999999999716e+01
2.339999999999999858e+01
3.250000000000000000e+01
4.539999999999999858e+01
3.600000000000000000e+01
4.160000000000000142e+01
4.629999999999999716e+01
3.779999999999999716e+01
6.659999999999999432e+01
3.600000000000000000e+01
4.160000000000000142e+01
4.629999999999999716e+01
3.779999999999999716e+01
6.659999999999999432e+01
3.420000000000000284e+01
2.430000000000000071e+01
2.650000000000000000e+01
1.300000000000000000e+01
5.979999999999999716e+01
3.600000000000000000e+01
