4.329999999999999716e+01
3.729999999999999716e+01
3.850000000000000000e+01
8.140000000000000568e+01
1.119999999999999929e+01
1.390000000000000036e+01
2.869999999999999929e+01
5.179999999999999716e+01
2.569999999999999929e+01
2.869999999999999929e+01
5.179999999999999716e+01
2.569999999999999929e+01
4.570000000000000284e+01
3.779999999999999716e+01
4.179999999999999716e+01
3.879999999999999716e+01
2.489999999999999858e+01
3.810000000000000142e+01
3.450000000000000000e+01
3.570000000000000284e+01
3.989999999999999858e+01
2.830000000000000071e+01
3.639999999999999858e+01
3.989999999999999858e+01
4.129999999999999716e+01
3.360000000000000142e+01
4.329999999999999716e+01
2.130000000000000071e+01
4.879999999999999716e+01
2.889999999999999858e+01
3.989999999999999858e+01
4.129999999999999716e+01
3.360000000000000142e+01
4.329999999999999716e+01
2.130000000000000071e+01
2.830000000000000071e+01
