2.180000000000000071e+01
6.729999999999999716e+01
3.189999999999999858e+01
3.139999999999999858e+01
2.830000000000000071e+01
3.229999999999999716e+01
3.150000000000000000e+01
2.189999999999999858e+01
2.969999999999999929e+01
2.839999999999999858e+01
4.429999999999999716e+01
2.839999999999999858e+01
4.429999999999999716e+01
3.810000000000000142e+01
2.830000000000000071e+01
3.660000000000000142e+01
3.850000000000000000e+01
2.000000000000000000e+01
3.279999999999999716e+01
2.069999999999999929e+01
5.829999999999999716e+01
3.039999999999999858e+01
3.989999999999999858e+01
4.429999999999999716e+01
3.000000000000000000e+01
3.439999999999999858e+01
3.439999999999999858e+01
2.460000000000000142e+01
2.330000000000000071e+01
2.560000000000000142e+01
3.039999999999999858e+01
3.989999999999999858e+01
4.429999999999999716e+01
3.000000000000000000e+01
5.829999999999999716e+01
