2.000000000000000000e+01
3.770000000000000284e+01
2.410000000000000142e+01
3.800000000000000000e+01
3.760000000000000142e+01
2.810000000000000142e+01
3.150000000000000000e+01
1.910000000000000142e+01
2.339999999999999858e+01
1.950000000000000000e+01
3.479999999999999716e+01
1.850000000000000000e+01
4.429999999999999716e+01
2.000000000000000000e+01
4.579999999999999716e+01
3.479999999999999716e+01
4.429999999999999716e+01
2.000000000000000000e+01
4.579999999999999716e+01
3.119999999999999929e+01
4.339999999999999858e+01
2.769999999999999929e+01
3.829999999999999716e+01
3.310000000000000142e+01
3.180000000000000071e+01
4.489999999999999858e+01
3.610000000000000142e+01
2.110000000000000142e+01
3.739999999999999858e+01
4.139999999999999858e+01
3.710000000000000142e+01
3.610000000000000142e+01
3.189999999999999858e+01
2.110000000000000142e+01
3.739999999999999858e+01
4.139999999999999858e+01
3.710000000000000142e+01
3.610000000000000142e+01
