2.230000000000000071e+01
2.950000000000000000e+01
3.019999999999999929e+01
1.810000000000000142e+01
1.490000000000000036e+01
2.900000000000000000e+01
5.920000000000000284e+01
2.650000000000000000e+01
3.379999999999999716e+01
3.589999999999999858e+01
1.739999999999999858e+01
3.379999999999999716e+01
3.589999999999999858e+01
3.150000000000000000e+01
2.000000000000000000e+01
3.200000000000000000e+01
2.950000000000000000e+01
3.050000000000000000e+01
2.119999999999999929e+01
3.860000000000000142e+01
2.950000000000000000e+01
4.679999999999999716e+01
4.029999999999999716e+01
3.689999999999999858e+01
4.029999999999999716e+01
2.110000000000000142e+01
3.779999999999999716e+01
3.089999999999999858e+01
3.639999999999999858e+01
4.450000000000000000e+01
4.310000000000000142e+01
3.600000000000000000e+01
4.250000000000000000e+01
0.000000000000000000e+00
2.910000000000000142e+01
0.000000000000000000e+00
0.000000000000000000e+00
8.500000000000000000e+00
3.570000000000000284e+01
0.000000000000000000e+00
0.000000000000000000e+00
0.000000000000000000e+00
3.310000000000000142e+01
0.000000000000000000e+00
0.000000000000000000e+00
1.800000000000000044e+00
3.500000000000000000e+01
2.089999999999999858e+01
0.000000000000000000e+00
3.379999999999999716e+01
3.150000000000000000e+01
2.000000000000000000e+01
2.950000000000000000e+01
3.050000000000000000e+01
2.119999999999999929e+01
3.860000000000000142e+01
2.950000000000000000e+01
4.679999999999999716e+01
4.029999999999999716e+01
3.689999999999999858e+01
4.029999999999999716e+01
2.110000000000000142e+01
3.779999999999999716e+01
3.089999999999999858e+01
3.639999999999999858e+01
3.379999999999999716e+01
3.150000000000000000e+01
2.000000000000000000e+01
2.950000000000000000e+01
3.050000000000000000e+01
2.119999999999999929e+01
3.860000000000000142e+01
