3.939999999999999858e+01
2.600000000000000000e+01
2.750000000000000000e+01
2.739999999999999858e+01
2.439999999999999858e+01
4.939999999999999858e+01
2.610000000000000142e+01
2.339999999999999858e+01
3.030000000000000071e+01
3.860000000000000142e+01
3.529999999999999716e+01
4.339999999999999858e+01
2.339999999999999858e+01
3.030000000000000071e+01
3.860000000000000142e+01
3.529999999999999716e+01
4.339999999999999858e+01
3.210000000000000142e+01
2.069999999999999929e+01
5.350000000000000000e+01
2.739999999999999858e+01
4.089999999999999858e+01
3.810000000000000142e+01
3.000000000000000000e+01
4.439999999999999858e+01
2.580000000000000071e+01
3.989999999999999858e+01
3.000000000000000000e+01
3.160000000000000142e+01
4.000000000000000000e+01
2.410000000000000142e+01
3.119999999999999929e+01
3.160000000000000142e+01
4.929999999999999716e+01
3.289999999999999858e+01
3.989999999999999858e+01
3.000000000000000000e+01
3.160000000000000142e+01
4.000000000000000000e+01
