4.710000000000000142e+01
2.039999999999999858e+01
4.100000000000000000e+01
2.139999999999999858e+01
1.440000000000000036e+01
2.150000000000000000e+01
4.410000000000000142e+01
2.150000000000000000e+01
4.029999999999999716e+01
4.210000000000000142e+01
4.050000000000000000e+01
3.870000000000000284e+01
2.780000000000000071e+01
4.210000000000000142e+01
3.870000000000000284e+01
2.780000000000000071e+01
4.200000000000000000e+01
3.229999999999999716e+01
3.239999999999999858e+01
4.179999999999999716e+01
4.960000000000000142e+01
2.280000000000000071e+01
2.789999999999999858e+01
2.830000000000000071e+01
3.139999999999999858e+01
3.410000000000000142e+01
4.639999999999999858e+01
4.039999999999999858e+01
2.819999999999999929e+01
2.380000000000000071e+01
3.800000000000000000e+01
2.830000000000000071e+01
3.139999999999999858e+01
2.789999999999999858e+01
