8.509999999999999432e+01
4.450000000000000000e+01
2.869999999999999929e+01
2.219999999999999929e+01
2.680000000000000071e+01
2.180000000000000071e+01
1.390000000000000036e+01
3.089999999999999858e+01
3.610000000000000142e+01
1.559999999999999964e+01
6.379999999999999716e+01
4.139999999999999858e+01
6.379999999999999716e+01
4.139999999999999858e+01
4.029999999999999716e+01
4.689999999999999858e+01
2.980000000000000071e+01
3.700000000000000000e+01
4.989999999999999858e+01
3.069999999999999929e+01
2.950000000000000000e+01
3.539999999999999858e+01
4.450000000000000000e+01
3.600000000000000000e+01
2.680000000000000071e+01
4.110000000000000142e+01
5.579999999999999716e+01
2.860000000000000142e+01
2.539999999999999858e+01
2.960000000000000142e+01
5.410000000000000142e+01
3.870000000000000284e+01
2.719999999999999929e+01
3.539999999999999858e+01
2.760000000000000142e+01
3.200000000000000000e+01
0.000000000000000000e+00
0.000000000000000000e+00
0.000000000000000000e+00
4.799999999999999822e+00
0.000000000000000000e+00
0.000000000000000000e+00
0.000000000000000000e+00
4.579999999999999716e+01
7.799999999999999822e+00
2.719999999999999929e+01
3.000000000000000000e+01
0.000000000000000000e+00
6.379999999999999716e+01
4.139999999999999858e+01
4.029999999999999716e+01
4.689999999999999858e+01
2.980000000000000071e+01
4.989999999999999858e+01
2.950000000000000000e+01
3.539999999999999858e+01
4.450000000000000000e+01
3.600000000000000000e+01
2.680000000000000071e+01
4.110000000000000142e+01
5.579999999999999716e+01
2.860000000000000142e+01
2.539999999999999858e+01
2.960000000000000142e+01
5.410000000000000142e+01
3.870000000000000284e+01
6.379999999999999716e+01
4.139999999999999858e+01
4.029999999999999716e+01
4.689999999999999858e+01
2.980000000000000071e+01
4.989999999999999858e+01
2.950000000000000000e+01
3.539999999999999858e+01
4.450000000000000000e+01
3.600000000000000000e+01
2.680000000000000071e+01
4.110000000000000142e+01
5.579999999999999716e+01
