2.989999999999999858e+01
5.939999999999999858e+01
6.239999999999999858e+01
1.650000000000000000e+01
6.239999999999999858e+01
3.420000000000000284e+01
3.720000000000000284e+01
2.969999999999999929e+01
3.770000000000000284e+01
2.110000000000000142e+01
5.929999999999999716e+01
3.210000000000000142e+01
6.979999999999999716e+01
5.260000000000000142e+01
2.110000000000000142e+01
5.929999999999999716e+01
3.210000000000000142e+01
6.979999999999999716e+01
5.260000000000000142e+01
8.359999999999999432e+01
5.260000000000000142e+01
3.620000000000000284e+01
5.179999999999999716e+01
4.079999999999999716e+01
3.460000000000000142e+01
3.729999999999999716e+01
2.980000000000000071e+01
2.360000000000000142e+01
3.750000000000000000e+01
2.760000000000000142e+01
2.280000000000000071e+01
5.550000000000000000e+01
4.220000000000000284e+01
2.219999999999999929e+01
5.560000000000000142e+01
5.260000000000000142e+01
3.820000000000000284e+01
6.260000000000000142e+01
3.750000000000000000e+01
3.030000000000000071e+01
6.239999999999999858e+01
6.370000000000000284e+01
5.179999999999999716e+01
4.070000000000000284e+01
2.500000000000000000e+01
5.260000000000000142e+01
3.139999999999999858e+01
4.320000000000000284e+01
6.239999999999999858e+01
3.729999999999999716e+01
3.620000000000000284e+01
3.820000000000000284e+01
6.260000000000000142e+01
3.750000000000000000e+01
3.030000000000000071e+01
6.239999999999999858e+01
6.370000000000000284e+01
5.179999999999999716e+01
4.070000000000000284e+01
2.500000000000000000e+01
