3.350000000000000000e+01
2.719999999999999929e+01
3.239999999999999858e+01
3.779999999999999716e+01
3.529999999999999716e+01
2.910000000000000142e+01
3.829999999999999716e+01
2.350000000000000000e+01
5.200000000000000000e+01
3.610000000000000142e+01
4.710000000000000142e+01
4.489999999999999858e+01
4.300000000000000000e+01
4.710000000000000142e+01
4.489999999999999858e+01
4.300000000000000000e+01
3.520000000000000284e+01
3.900000000000000000e+01
4.600000000000000000e+01
4.239999999999999858e+01
2.689999999999999858e+01
2.939999999999999858e+01
2.910000000000000142e+01
3.900000000000000000e+01
2.289999999999999858e+01
3.870000000000000284e+01
2.860000000000000142e+01
3.500000000000000000e+01
5.739999999999999858e+01
4.239999999999999858e+01
2.689999999999999858e+01
2.939999999999999858e+01
2.910000000000000142e+01
3.900000000000000000e+01
