5.510000000000000142e+01
1.430000000000000071e+01
2.200000000000000000e+01
3.439999999999999858e+01
2.939999999999999858e+01
2.010000000000000142e+01
3.030000000000000071e+01
6.500000000000000000e+00
6.400000000000000355e+00
9.699999999999999289e+00
7.400000000000000355e+00
6.000000000000000000e+00
2.010000000000000142e+01
3.030000000000000071e+01
8.099999999999999645e+00
3.110000000000000142e+01
5.900000000000000355e+00
3.810000000000000142e+01
3.810000000000000142e+01
4.439999999999999858e+01
1.000000000000000056e-01
0.000000000000000000e+00
0.000000000000000000e+00
0.000000000000000000e+00
0.000000000000000000e+00
0.000000000000000000e+00
0.000000000000000000e+00
0.000000000000000000e+00
3.030000000000000071e+01
3.420000000000000284e+01
3.429999999999999716e+01
4.120000000000000284e+01
4.529999999999999716e+01
1.350000000000000000e+01
2.900000000000000000e+01
2.739999999999999858e+01
4.020000000000000284e+01
4.000000000000000000e+01
2.410000000000000142e+01
5.510000000000000142e+01
