2.750000000000000000e+01
3.220000000000000284e+01
4.689999999999999858e+01
3.169999999999999929e+01
2.789999999999999858e+01
3.850000000000000000e+01
2.689999999999999858e+01
6.260000000000000142e+01
2.430000000000000071e+01
3.570000000000000284e+01
2.200000000000000000e+01
2.750000000000000000e+01
6.250000000000000000e+01
2.200000000000000000e+01
2.750000000000000000e+01
6.250000000000000000e+01
3.189999999999999858e+01
6.250000000000000000e+01
5.179999999999999716e+01
5.270000000000000284e+01
2.280000000000000071e+01
3.220000000000000284e+01
3.520000000000000284e+01
5.270000000000000284e+01
2.889999999999999858e+01
2.119999999999999929e+01
5.270000000000000284e+01
2.289999999999999858e+01
4.810000000000000142e+01
4.420000000000000284e+01
3.729999999999999716e+01
3.789999999999999858e+01
5.720000000000000284e+01
2.089999999999999858e+01
2.280000000000000071e+01
4.360000000000000142e+01
5.179999999999999716e+01
4.489999999999999858e+01
2.600000000000000000e+01
7.820000000000000284e+01
5.389999999999999858e+01
2.960000000000000142e+01
3.019999999999999929e+01
4.489999999999999858e+01
5.729999999999999716e+01
3.650000000000000000e+01
4.310000000000000142e+01
5.270000000000000284e+01
5.679999999999999716e+01
4.360000000000000142e+01
5.179999999999999716e+01
4.489999999999999858e+01
2.600000000000000000e+01
7.820000000000000284e+01
5.389999999999999858e+01
2.089999999999999858e+01
