4.079999999999999716e+01
4.229999999999999716e+01
3.039999999999999858e+01
3.839999999999999858e+01
2.810000000000000142e+01
3.689999999999999858e+01
3.770000000000000284e+01
2.150000000000000000e+01
5.910000000000000142e+01
3.560000000000000142e+01
1.009999999999999964e+01
3.239999999999999858e+01
2.219999999999999929e+01
3.479999999999999716e+01
4.439999999999999858e+01
2.219999999999999929e+01
3.479999999999999716e+01
4.439999999999999858e+01
4.950000000000000000e+01
3.770000000000000284e+01
4.289999999999999858e+01
3.589999999999999858e+01
2.869999999999999929e+01
3.689999999999999858e+01
3.220000000000000284e+01
5.679999999999999716e+01
2.239999999999999858e+01
3.610000000000000142e+01
3.289999999999999858e+01
7.320000000000000284e+01
2.600000000000000000e+01
2.669999999999999929e+01
5.350000000000000000e+01
3.100000000000000000e+01
5.300000000000000000e+01
3.310000000000000142e+01
3.929999999999999716e+01
4.650000000000000000e+01
2.089999999999999858e+01
3.910000000000000142e+01
2.419999999999999929e+01
3.920000000000000284e+01
2.980000000000000071e+01
2.780000000000000071e+01
4.710000000000000142e+01
3.589999999999999858e+01
3.920000000000000284e+01
2.789999999999999858e+01
2.219999999999999929e+01
3.479999999999999716e+01
4.439999999999999858e+01
4.950000000000000000e+01
3.770000000000000284e+01
4.289999999999999858e+01
3.589999999999999858e+01
2.869999999999999929e+01
3.689999999999999858e+01
3.220000000000000284e+01
5.679999999999999716e+01
2.239999999999999858e+01
3.610000000000000142e+01
3.289999999999999858e+01
7.320000000000000284e+01
2.600000000000000000e+01
2.669999999999999929e+01
5.350000000000000000e+01
3.100000000000000000e+01
5.300000000000000000e+01
3.310000000000000142e+01
3.929999999999999716e+01
4.650000000000000000e+01
2.089999999999999858e+01
3.910000000000000142e+01
2.419999999999999929e+01
3.920000000000000284e+01
2.980000000000000071e+01
2.780000000000000071e+01
4.710000000000000142e+01
3.589999999999999858e+01
3.920000000000000284e+01
2.789999999999999858e+01
3.479999999999999716e+01
4.439999999999999858e+01
4.950000000000000000e+01
3.770000000000000284e+01
4.289999999999999858e+01
3.589999999999999858e+01
2.869999999999999929e+01
3.689999999999999858e+01
3.220000000000000284e+01
5.679999999999999716e+01
2.239999999999999858e+01
3.610000000000000142e+01
3.289999999999999858e+01
2.600000000000000000e+01
2.669999999999999929e+01
5.350000000000000000e+01
3.100000000000000000e+01
5.300000000000000000e+01
3.310000000000000142e+01
4.650000000000000000e+01
3.479999999999999716e+01
4.439999999999999858e+01
4.950000000000000000e+01
3.770000000000000284e+01
4.289999999999999858e+01
3.589999999999999858e+01
2.869999999999999929e+01
3.689999999999999858e+01
3.220000000000000284e+01
5.679999999999999716e+01
2.239999999999999858e+01
3.610000000000000142e+01
3.289999999999999858e+01
2.600000000000000000e+01
2.669999999999999929e+01
