3.689999999999999858e+01
4.070000000000000284e+01
2.219999999999999929e+01
3.620000000000000284e+01
3.470000000000000284e+01
3.360000000000000142e+01
2.610000000000000142e+01
3.350000000000000000e+01
2.830000000000000071e+01
3.450000000000000000e+01
1.590000000000000036e+01
4.379999999999999716e+01
1.950000000000000000e+01
4.089999999999999858e+01
4.160000000000000142e+01
1.590000000000000036e+01
9.000000000000000000e+00
8.400000000000000355e+00
7.000000000000000000e+00
6.299999999999999822e+00
8.699999999999999289e+00
3.960000000000000142e+01
3.010000000000000142e+01
4.210000000000000142e+01
3.550000000000000000e+01
3.180000000000000071e+01
7.500000000000000000e+00
3.210000000000000142e+01
3.550000000000000000e+01
2.850000000000000000e+01
2.750000000000000000e+01
3.550000000000000000e+01
3.779999999999999716e+01
2.419999999999999929e+01
3.089999999999999858e+01
3.960000000000000142e+01
2.869999999999999929e+01
4.560000000000000142e+01
1.500000000000000000e+01
2.750000000000000000e+01
3.550000000000000000e+01
1.980000000000000071e+01
3.779999999999999716e+01
1.519999999999999929e+01
2.419999999999999929e+01
3.089999999999999858e+01
3.960000000000000142e+01
2.869999999999999929e+01
4.560000000000000142e+01
1.989999999999999858e+01
2.150000000000000000e+01
3.039999999999999858e+01
2.889999999999999858e+01
2.819999999999999929e+01
3.450000000000000000e+01
2.719999999999999929e+01
2.150000000000000000e+01
3.550000000000000000e+01
