5.229999999999999716e+01
2.939999999999999858e+01
3.779999999999999716e+01
4.210000000000000142e+01
6.260000000000000142e+01
2.069999999999999929e+01
6.300000000000000000e+01
4.039999999999999858e+01
5.250000000000000000e+01
4.170000000000000284e+01
5.689999999999999858e+01
4.129999999999999716e+01
1.780000000000000071e+01
4.170000000000000284e+01
4.129999999999999716e+01
5.429999999999999716e+01
3.050000000000000000e+01
5.770000000000000284e+01
6.920000000000000284e+01
3.679999999999999716e+01
4.310000000000000142e+01
2.310000000000000142e+01
3.760000000000000142e+01
3.639999999999999858e+01
4.070000000000000284e+01
2.739999999999999858e+01
3.720000000000000284e+01
5.079999999999999716e+01
3.169999999999999929e+01
3.060000000000000142e+01
5.260000000000000142e+01
3.030000000000000071e+01
3.610000000000000142e+01
4.100000000000000000e+01
4.720000000000000284e+01
3.570000000000000284e+01
2.019999999999999929e+01
6.550000000000000000e+01
2.110000000000000142e+01
2.489999999999999858e+01
3.210000000000000142e+01
4.110000000000000142e+01
4.489999999999999858e+01
2.200000000000000000e+01
2.319999999999999929e+01
6.540000000000000568e+01
5.260000000000000142e+01
3.030000000000000071e+01
3.610000000000000142e+01
4.100000000000000000e+01
4.720000000000000284e+01
3.570000000000000284e+01
2.019999999999999929e+01
3.060000000000000142e+01
