6.200000000000000000e+01
6.250000000000000000e+01
5.410000000000000142e+01
3.539999999999999858e+01
3.030000000000000071e+01
3.030000000000000071e+01
4.450000000000000000e+01
4.450000000000000000e+01
2.210000000000000142e+01
4.860000000000000142e+01
2.500000000000000000e+01
6.239999999999999858e+01
2.300000000000000000e+01
2.310000000000000142e+01
2.889999999999999858e+01
6.239999999999999858e+01
3.350000000000000000e+01
4.289999999999999858e+01
3.030000000000000071e+01
6.279999999999999716e+01
2.969999999999999929e+01
3.470000000000000284e+01
6.239999999999999858e+01
6.859999999999999432e+01
2.030000000000000071e+01
3.160000000000000142e+01
3.069999999999999929e+01
2.889999999999999858e+01
6.239999999999999858e+01
3.350000000000000000e+01
4.289999999999999858e+01
3.030000000000000071e+01
6.279999999999999716e+01
2.969999999999999929e+01
3.470000000000000284e+01
6.239999999999999858e+01
6.859999999999999432e+01
2.030000000000000071e+01
2.310000000000000142e+01
