2.700000000000000000e+01
2.989999999999999858e+01
3.939999999999999858e+01
1.200000000000000000e+01
4.450000000000000000e+01
3.560000000000000142e+01
4.329999999999999716e+01
2.860000000000000142e+01
4.450000000000000000e+01
2.180000000000000071e+01
4.570000000000000284e+01
3.160000000000000142e+01
3.479999999999999716e+01
2.850000000000000000e+01
3.160000000000000142e+01
4.460000000000000142e+01
3.110000000000000142e+01
3.189999999999999858e+01
3.629999999999999716e+01
2.560000000000000142e+01
2.150000000000000000e+01
2.030000000000000071e+01
2.539999999999999858e+01
3.839999999999999858e+01
4.450000000000000000e+01
3.750000000000000000e+01
0.000000000000000000e+00
0.000000000000000000e+00
3.629999999999999716e+01
2.950000000000000000e+01
3.250000000000000000e+01
0.000000000000000000e+00
0.000000000000000000e+00
0.000000000000000000e+00
0.000000000000000000e+00
3.679999999999999716e+01
0.000000000000000000e+00
0.000000000000000000e+00
0.000000000000000000e+00
2.419999999999999929e+01
3.810000000000000142e+01
2.239999999999999858e+01
0.000000000000000000e+00
4.329999999999999716e+01
2.860000000000000142e+01
4.450000000000000000e+01
2.180000000000000071e+01
4.570000000000000284e+01
3.160000000000000142e+01
3.479999999999999716e+01
2.850000000000000000e+01
3.160000000000000142e+01
4.460000000000000142e+01
3.110000000000000142e+01
3.189999999999999858e+01
3.629999999999999716e+01
2.560000000000000142e+01
2.150000000000000000e+01
2.030000000000000071e+01
2.539999999999999858e+01
4.329999999999999716e+01
2.860000000000000142e+01
4.450000000000000000e+01
2.180000000000000071e+01
4.570000000000000284e+01
3.160000000000000142e+01
3.479999999999999716e+01
2.850000000000000000e+01
3.160000000000000142e+01
4.460000000000000142e+01
3.110000000000000142e+01
3.189999999999999858e+01
3.629999999999999716e+01
