6.459999999999999432e+01
1.519999999999999929e+01
3.030000000000000071e+01
2.710000000000000142e+01
1.100000000000000000e+01
4.250000000000000000e+01
2.769999999999999929e+01
3.119999999999999929e+01
3.970000000000000284e+01
3.620000000000000284e+01
3.410000000000000142e+01
3.620000000000000284e+01
3.410000000000000142e+01
2.819999999999999929e+01
2.780000000000000071e+01
3.960000000000000142e+01
5.789999999999999858e+01
3.879999999999999716e+01
2.139999999999999858e+01
3.429999999999999716e+01
3.939999999999999858e+01
2.439999999999999858e+01
4.189999999999999858e+01
2.160000000000000142e+01
3.850000000000000000e+01
3.539999999999999858e+01
2.100000000000000000e+01
2.569999999999999929e+01
3.820000000000000284e+01
2.089999999999999858e+01
3.960000000000000142e+01
2.189999999999999858e+01
4.589999999999999858e+01
4.700000000000000000e+01
5.350000000000000000e+01
3.539999999999999858e+01
2.100000000000000000e+01
2.569999999999999929e+01
3.820000000000000284e+01
