2.189999999999999858e+01
4.179999999999999716e+01
3.410000000000000142e+01
4.000000000000000000e+01
1.730000000000000071e+01
2.210000000000000142e+01
3.710000000000000142e+01
3.529999999999999716e+01
2.019999999999999929e+01
2.760000000000000142e+01
5.050000000000000000e+01
1.639999999999999858e+01
3.739999999999999858e+01
2.969999999999999929e+01
4.420000000000000284e+01
2.669999999999999929e+01
2.069999999999999929e+01
3.739999999999999858e+01
2.969999999999999929e+01
4.420000000000000284e+01
2.669999999999999929e+01
2.069999999999999929e+01
3.300000000000000000e+01
3.019999999999999929e+01
3.229999999999999716e+01
2.919999999999999929e+01
6.310000000000000142e+01
2.760000000000000142e+01
3.189999999999999858e+01
2.089999999999999858e+01
2.510000000000000142e+01
3.100000000000000000e+01
2.589999999999999858e+01
3.410000000000000142e+01
2.989999999999999858e+01
5.229999999999999716e+01
2.850000000000000000e+01
2.680000000000000071e+01
3.689999999999999858e+01
7.720000000000000284e+01
4.800000000000000000e+01
5.079999999999999716e+01
2.089999999999999858e+01
2.510000000000000142e+01
3.100000000000000000e+01
2.589999999999999858e+01
3.410000000000000142e+01
2.989999999999999858e+01
5.229999999999999716e+01
2.850000000000000000e+01
2.680000000000000071e+01
3.189999999999999858e+01
