8.520000000000000284e+01
1.409999999999999964e+01
8.520000000000000284e+01
8.520000000000000284e+01
1.800000000000000000e+01
2.019999999999999929e+01
2.430000000000000071e+01
2.589999999999999858e+01
5.470000000000000284e+01
3.089999999999999858e+01
3.920000000000000284e+01
3.250000000000000000e+01
2.339999999999999858e+01
4.629999999999999716e+01
2.430000000000000071e+01
2.589999999999999858e+01
5.470000000000000284e+01
3.089999999999999858e+01
3.920000000000000284e+01
3.250000000000000000e+01
2.339999999999999858e+01
4.629999999999999716e+01
2.430000000000000071e+01
2.589999999999999858e+01
5.470000000000000284e+01
3.089999999999999858e+01
3.920000000000000284e+01
3.250000000000000000e+01
2.430000000000000071e+01
2.589999999999999858e+01
5.470000000000000284e+01
3.089999999999999858e+01
