8.520000000000000284e+01
1.150000000000000000e+01
2.619999999999999929e+01
3.500000000000000000e+01
1.600000000000000000e+01
3.010000000000000142e+01
8.000000000000000000e+00
5.799999999999999822e+00
6.099999999999999645e+00
9.400000000000000355e+00
1.600000000000000000e+01
3.010000000000000142e+01
2.010000000000000142e+01
3.239999999999999858e+01
7.400000000000000355e+00
5.279999999999999716e+01
1.939999999999999858e+01
6.599999999999999645e+00
9.400000000000000355e+00
9.099999999999999645e+00
1.319999999999999929e+01
3.010000000000000142e+01
2.010000000000000142e+01
3.239999999999999858e+01
5.279999999999999716e+01
3.939999999999999858e+01
3.010000000000000142e+01
2.010000000000000142e+01
5.279999999999999716e+01
3.939999999999999858e+01
3.010000000000000142e+01
2.010000000000000142e+01
5.279999999999999716e+01
