2.750000000000000000e+01
5.579999999999999716e+01
8.570000000000000284e+01
8.520000000000000284e+01
8.520000000000000284e+01
8.520000000000000284e+01
7.420000000000000284e+01
1.000000000000000000e+01
3.350000000000000000e+01
3.520000000000000284e+01
3.350000000000000000e+01
3.520000000000000284e+01
3.739999999999999858e+01
3.060000000000000142e+01
6.000000000000000000e+01
2.700000000000000000e+01
2.380000000000000071e+01
3.210000000000000142e+01
2.800000000000000000e+01
2.500000000000000000e+01
2.789999999999999858e+01
2.680000000000000071e+01
4.879999999999999716e+01
3.210000000000000142e+01
2.800000000000000000e+01
2.500000000000000000e+01
2.789999999999999858e+01
2.380000000000000071e+01
