3.839999999999999858e+01
2.210000000000000142e+01
2.510000000000000142e+01
3.260000000000000142e+01
2.069999999999999929e+01
2.510000000000000142e+01
3.260000000000000142e+01
2.069999999999999929e+01
2.089999999999999858e+01
2.730000000000000071e+01
3.710000000000000142e+01
4.260000000000000142e+01
3.310000000000000142e+01
5.529999999999999716e+01
2.060000000000000142e+01
2.830000000000000071e+01
3.260000000000000142e+01
4.939999999999999858e+01
2.030000000000000071e+01
3.629999999999999716e+01
2.510000000000000142e+01
3.260000000000000142e+01
2.069999999999999929e+01
2.089999999999999858e+01
2.730000000000000071e+01
3.710000000000000142e+01
4.260000000000000142e+01
3.310000000000000142e+01
5.529999999999999716e+01
2.060000000000000142e+01
2.830000000000000071e+01
3.260000000000000142e+01
4.939999999999999858e+01
2.030000000000000071e+01
3.629999999999999716e+01
2.510000000000000142e+01
3.260000000000000142e+01
2.069999999999999929e+01
2.089999999999999858e+01
2.730000000000000071e+01
4.260000000000000142e+01
2.510000000000000142e+01
3.260000000000000142e+01
2.069999999999999929e+01
