2.239999999999999858e+01
8.570000000000000284e+01
3.339999999999999858e+01
7.420000000000000284e+01
8.520000000000000284e+01
3.620000000000000284e+01
2.010000000000000142e+01
8.020000000000000284e+01
2.330000000000000071e+01
2.700000000000000000e+01
4.300000000000000000e+01
3.770000000000000284e+01
2.589999999999999858e+01
3.929999999999999716e+01
2.510000000000000142e+01
4.110000000000000142e+01
4.439999999999999858e+01
2.330000000000000071e+01
2.700000000000000000e+01
4.300000000000000000e+01
3.770000000000000284e+01
2.589999999999999858e+01
3.929999999999999716e+01
2.510000000000000142e+01
4.110000000000000142e+01
4.439999999999999858e+01
2.330000000000000071e+01
4.300000000000000000e+01
3.770000000000000284e+01
2.589999999999999858e+01
3.929999999999999716e+01
2.330000000000000071e+01
4.300000000000000000e+01
3.770000000000000284e+01
