3.470000000000000284e+01
8.920000000000000284e+01
8.520000000000000284e+01
8.520000000000000284e+01
8.520000000000000284e+01
8.570000000000000284e+01
1.639999999999999858e+01
2.680000000000000071e+01
2.269999999999999929e+01
1.050000000000000000e+01
1.850000000000000000e+01
3.410000000000000142e+01
3.350000000000000000e+01
2.689999999999999858e+01
2.730000000000000071e+01
1.150000000000000000e+01
3.119999999999999929e+01
2.730000000000000071e+01
3.119999999999999929e+01
2.530000000000000071e+01
4.039999999999999858e+01
4.660000000000000142e+01
3.289999999999999858e+01
4.600000000000000000e+01
4.229999999999999716e+01
3.650000000000000000e+01
3.169999999999999929e+01
3.039999999999999858e+01
4.160000000000000142e+01
3.100000000000000000e+01
3.039999999999999858e+01
3.770000000000000284e+01
2.830000000000000071e+01
2.150000000000000000e+01
3.100000000000000000e+01
3.360000000000000142e+01
3.510000000000000142e+01
3.050000000000000000e+01
2.869999999999999929e+01
2.930000000000000071e+01
3.679999999999999716e+01
5.139999999999999858e+01
2.780000000000000071e+01
2.730000000000000071e+01
3.119999999999999929e+01
2.530000000000000071e+01
4.039999999999999858e+01
4.660000000000000142e+01
3.289999999999999858e+01
4.600000000000000000e+01
4.229999999999999716e+01
3.650000000000000000e+01
3.169999999999999929e+01
3.039999999999999858e+01
4.160000000000000142e+01
3.100000000000000000e+01
3.039999999999999858e+01
3.770000000000000284e+01
2.830000000000000071e+01
2.150000000000000000e+01
3.100000000000000000e+01
3.360000000000000142e+01
3.510000000000000142e+01
3.050000000000000000e+01
2.869999999999999929e+01
2.930000000000000071e+01
3.679999999999999716e+01
5.139999999999999858e+01
2.780000000000000071e+01
2.730000000000000071e+01
3.119999999999999929e+01
4.039999999999999858e+01
4.600000000000000000e+01
4.229999999999999716e+01
3.650000000000000000e+01
3.169999999999999929e+01
4.160000000000000142e+01
2.730000000000000071e+01
3.119999999999999929e+01
4.039999999999999858e+01
4.600000000000000000e+01
4.229999999999999716e+01
