8.359999999999999432e+01
8.520000000000000284e+01
2.910000000000000142e+01
8.570000000000000284e+01
2.300000000000000000e+01
2.010000000000000142e+01
3.350000000000000000e+01
2.789999999999999858e+01
3.180000000000000071e+01
2.610000000000000142e+01
4.179999999999999716e+01
1.810000000000000142e+01
4.179999999999999716e+01
5.410000000000000142e+01
6.129999999999999716e+01
2.780000000000000071e+01
2.360000000000000142e+01
5.739999999999999858e+01
7.420000000000000284e+01
7.640000000000000568e+01
7.629999999999999716e+01
7.420000000000000284e+01
7.640000000000000568e+01
