8.570000000000000284e+01
8.520000000000000284e+01
8.520000000000000284e+01
8.520000000000000284e+01
8.520000000000000284e+01
8.520000000000000284e+01
2.610000000000000142e+01
1.590000000000000036e+01
3.920000000000000284e+01
2.869999999999999929e+01
2.239999999999999858e+01
3.920000000000000284e+01
2.869999999999999929e+01
2.239999999999999858e+01
2.689999999999999858e+01
3.779999999999999716e+01
4.579999999999999716e+01
2.800000000000000000e+01
3.500000000000000000e+01
3.370000000000000284e+01
2.189999999999999858e+01
3.300000000000000000e+01
4.029999999999999716e+01
2.310000000000000142e+01
3.920000000000000284e+01
2.869999999999999929e+01
2.239999999999999858e+01
2.689999999999999858e+01
3.779999999999999716e+01
4.579999999999999716e+01
2.800000000000000000e+01
3.500000000000000000e+01
3.370000000000000284e+01
2.189999999999999858e+01
3.300000000000000000e+01
4.029999999999999716e+01
2.310000000000000142e+01
3.920000000000000284e+01
2.869999999999999929e+01
2.239999999999999858e+01
2.689999999999999858e+01
3.779999999999999716e+01
4.579999999999999716e+01
2.800000000000000000e+01
3.500000000000000000e+01
3.920000000000000284e+01
2.869999999999999929e+01
2.239999999999999858e+01
2.689999999999999858e+01
3.779999999999999716e+01
4.579999999999999716e+01
2.800000000000000000e+01
