8.520000000000000284e+01
2.989999999999999858e+01
1.830000000000000071e+01
3.570000000000000284e+01
6.700000000000000178e+00
9.800000000000000711e+00
5.599999999999999645e+00
2.260000000000000142e+01
1.830000000000000071e+01
3.570000000000000284e+01
6.599999999999999645e+00
1.830000000000000071e+01
1.040000000000000036e+01
3.180000000000000071e+01
0.000000000000000000e+00
0.000000000000000000e+00
0.000000000000000000e+00
0.000000000000000000e+00
0.000000000000000000e+00
0.000000000000000000e+00
0.000000000000000000e+00
0.000000000000000000e+00
1.850000000000000000e+01
2.380000000000000071e+01
2.750000000000000000e+01
1.819999999999999929e+01
2.060000000000000142e+01
1.810000000000000142e+01
1.950000000000000000e+01
6.179999999999999716e+01
3.250000000000000000e+01
1.269999999999999929e+01
3.270000000000000284e+01
2.360000000000000142e+01
3.030000000000000071e+01
6.179999999999999716e+01
