8.520000000000000284e+01
8.520000000000000284e+01
8.520000000000000284e+01
2.160000000000000142e+01
2.000000000000000000e+01
1.150000000000000000e+01
4.629999999999999716e+01
1.340000000000000036e+01
2.560000000000000142e+01
2.560000000000000142e+01
2.200000000000000000e+01
4.250000000000000000e+01
4.589999999999999858e+01
5.329999999999999716e+01
3.300000000000000000e+01
2.780000000000000071e+01
0.000000000000000000e+00
0.000000000000000000e+00
0.000000000000000000e+00
2.560000000000000142e+01
2.200000000000000000e+01
4.250000000000000000e+01
4.589999999999999858e+01
3.300000000000000000e+01
2.560000000000000142e+01
2.200000000000000000e+01
4.250000000000000000e+01
4.589999999999999858e+01
