3.239999999999999858e+01
8.570000000000000284e+01
8.570000000000000284e+01
8.520000000000000284e+01
8.520000000000000284e+01
2.150000000000000000e+01
1.730000000000000071e+01
2.730000000000000071e+01
3.250000000000000000e+01
2.730000000000000071e+01
3.250000000000000000e+01
2.810000000000000142e+01
2.719999999999999929e+01
2.069999999999999929e+01
3.760000000000000142e+01
3.789999999999999858e+01
3.300000000000000000e+01
2.010000000000000142e+01
2.100000000000000000e+01
2.750000000000000000e+01
2.730000000000000071e+01
3.250000000000000000e+01
2.810000000000000142e+01
2.719999999999999929e+01
2.069999999999999929e+01
3.760000000000000142e+01
3.789999999999999858e+01
3.300000000000000000e+01
2.010000000000000142e+01
2.100000000000000000e+01
2.750000000000000000e+01
2.730000000000000071e+01
3.250000000000000000e+01
2.810000000000000142e+01
2.719999999999999929e+01
2.069999999999999929e+01
3.760000000000000142e+01
3.789999999999999858e+01
3.300000000000000000e+01
2.730000000000000071e+01
3.250000000000000000e+01
2.810000000000000142e+01
2.719999999999999929e+01
2.069999999999999929e+01
3.760000000000000142e+01
3.789999999999999858e+01
