8.520000000000000284e+01
3.979999999999999716e+01
3.879999999999999716e+01
3.180000000000000071e+01
2.580000000000000071e+01
4.160000000000000142e+01
2.760000000000000142e+01
3.900000000000000000e+01
3.920000000000000284e+01
3.979999999999999716e+01
3.879999999999999716e+01
3.180000000000000071e+01
2.580000000000000071e+01
4.160000000000000142e+01
2.760000000000000142e+01
3.900000000000000000e+01
3.920000000000000284e+01
3.979999999999999716e+01
3.879999999999999716e+01
3.180000000000000071e+01
2.580000000000000071e+01
3.979999999999999716e+01
