2.760000000000000142e+01
8.520000000000000284e+01
8.520000000000000284e+01
8.520000000000000284e+01
1.669999999999999929e+01
3.239999999999999858e+01
3.470000000000000284e+01
3.489999999999999858e+01
3.479999999999999716e+01
3.710000000000000142e+01
2.850000000000000000e+01
2.300000000000000000e+01
1.169999999999999929e+01
3.939999999999999858e+01
2.580000000000000071e+01
2.160000000000000142e+01
4.729999999999999716e+01
1.250000000000000000e+01
1.000000000000000000e+01
1.119999999999999929e+01
3.629999999999999716e+01
3.789999999999999858e+01
1.369999999999999929e+01
2.230000000000000071e+01
1.509999999999999964e+01
2.150000000000000000e+01
6.299999999999999822e+00
8.500000000000000000e+00
6.500000000000000000e+00
9.500000000000000000e+00
6.099999999999999645e+00
7.599999999999999645e+00
3.789999999999999858e+01
1.369999999999999929e+01
2.230000000000000071e+01
7.500000000000000000e+00
6.299999999999999822e+00
8.099999999999999645e+00
1.509999999999999964e+01
7.500000000000000000e+00
2.150000000000000000e+01
2.260000000000000142e+01
2.750000000000000000e+01
1.919999999999999929e+01
1.069999999999999929e+01
1.480000000000000071e+01
2.410000000000000142e+01
2.630000000000000071e+01
3.450000000000000000e+01
3.320000000000000284e+01
3.239999999999999858e+01
2.669999999999999929e+01
2.150000000000000000e+01
2.730000000000000071e+01
2.739999999999999858e+01
3.810000000000000142e+01
4.500000000000000000e+01
2.930000000000000071e+01
4.070000000000000284e+01
2.810000000000000142e+01
3.239999999999999858e+01
5.450000000000000000e+01
3.420000000000000284e+01
3.450000000000000000e+01
2.050000000000000000e+01
2.550000000000000000e+01
3.239999999999999858e+01
2.510000000000000142e+01
3.019999999999999929e+01
2.680000000000000071e+01
3.729999999999999716e+01
3.910000000000000142e+01
1.080000000000000071e+01
1.550000000000000000e+01
1.930000000000000071e+01
1.869999999999999929e+01
1.980000000000000071e+01
3.239999999999999858e+01
5.450000000000000000e+01
3.420000000000000284e+01
3.450000000000000000e+01
2.050000000000000000e+01
2.550000000000000000e+01
3.239999999999999858e+01
2.510000000000000142e+01
3.019999999999999929e+01
2.680000000000000071e+01
1.319999999999999929e+01
3.729999999999999716e+01
3.910000000000000142e+01
3.950000000000000000e+01
4.179999999999999716e+01
3.889999999999999858e+01
2.460000000000000142e+01
4.410000000000000142e+01
4.070000000000000284e+01
