8.570000000000000284e+01
8.520000000000000284e+01
8.520000000000000284e+01
2.210000000000000142e+01
3.510000000000000142e+01
3.579999999999999716e+01
7.400000000000000355e+00
8.199999999999999289e+00
6.200000000000000178e+00
3.510000000000000142e+01
3.579999999999999716e+01
5.779999999999999716e+01
3.050000000000000000e+01
3.910000000000000142e+01
1.490000000000000036e+01
4.170000000000000284e+01
3.510000000000000142e+01
3.579999999999999716e+01
5.779999999999999716e+01
3.050000000000000000e+01
3.910000000000000142e+01
4.170000000000000284e+01
3.470000000000000284e+01
5.829999999999999716e+01
3.910000000000000142e+01
1.490000000000000036e+01
5.829999999999999716e+01
3.910000000000000142e+01
1.869999999999999929e+01
3.910000000000000142e+01
