8.570000000000000284e+01
8.520000000000000284e+01
1.810000000000000142e+01
1.660000000000000142e+01
4.120000000000000284e+01
2.569999999999999929e+01
3.860000000000000142e+01
3.860000000000000142e+01
5.089999999999999858e+01
2.560000000000000142e+01
2.069999999999999929e+01
3.160000000000000142e+01
0.000000000000000000e+00
0.000000000000000000e+00
0.000000000000000000e+00
0.000000000000000000e+00
0.000000000000000000e+00
0.000000000000000000e+00
0.000000000000000000e+00
0.000000000000000000e+00
3.860000000000000142e+01
5.089999999999999858e+01
2.560000000000000142e+01
2.069999999999999929e+01
3.160000000000000142e+01
3.860000000000000142e+01
5.089999999999999858e+01
2.560000000000000142e+01
2.069999999999999929e+01
