1.390000000000000036e+01
3.850000000000000000e+01
3.119999999999999929e+01
3.850000000000000000e+01
2.510000000000000142e+01
2.830000000000000071e+01
1.689999999999999858e+01
2.510000000000000142e+01
2.830000000000000071e+01
4.379999999999999716e+01
6.659999999999999432e+01
3.770000000000000284e+01
3.379999999999999716e+01
3.900000000000000000e+01
2.200000000000000000e+01
0.000000000000000000e+00
2.969999999999999929e+01
0.000000000000000000e+00
0.000000000000000000e+00
0.000000000000000000e+00
5.099999999999999645e+00
2.510000000000000142e+01
2.830000000000000071e+01
4.379999999999999716e+01
6.659999999999999432e+01
3.770000000000000284e+01
3.900000000000000000e+01
2.200000000000000000e+01
2.510000000000000142e+01
2.830000000000000071e+01
4.379999999999999716e+01
6.659999999999999432e+01
3.770000000000000284e+01
3.900000000000000000e+01
2.200000000000000000e+01
