1.090000000000000036e+01
8.520000000000000284e+01
8.570000000000000284e+01
1.119999999999999929e+01
2.460000000000000142e+01
1.600000000000000000e+01
2.460000000000000142e+01
4.239999999999999858e+01
3.239999999999999858e+01
3.929999999999999716e+01
4.350000000000000000e+01
2.210000000000000142e+01
3.639999999999999858e+01
3.939999999999999858e+01
0.000000000000000000e+00
0.000000000000000000e+00
4.350000000000000000e+01
0.000000000000000000e+00
0.000000000000000000e+00
0.000000000000000000e+00
0.000000000000000000e+00
0.000000000000000000e+00
0.000000000000000000e+00
0.000000000000000000e+00
0.000000000000000000e+00
4.239999999999999858e+01
3.239999999999999858e+01
3.929999999999999716e+01
4.350000000000000000e+01
2.210000000000000142e+01
3.639999999999999858e+01
3.939999999999999858e+01
4.239999999999999858e+01
3.239999999999999858e+01
3.929999999999999716e+01
4.350000000000000000e+01
2.210000000000000142e+01
