8.520000000000000284e+01
1.509999999999999964e+01
3.100000000000000000e+01
8.359999999999999432e+01
2.910000000000000142e+01
2.839999999999999858e+01
2.050000000000000000e+01
1.569999999999999929e+01
2.500000000000000000e+01
5.599999999999999645e+00
7.400000000000000355e+00
9.400000000000000355e+00
5.099999999999999645e+00
1.569999999999999929e+01
2.500000000000000000e+01
2.519999999999999929e+01
1.769999999999999929e+01
3.610000000000000142e+01
8.540000000000000568e+01
2.339999999999999858e+01
9.629999999999999716e+01
4.129999999999999716e+01
2.730000000000000071e+01
6.440000000000000568e+01
2.110000000000000142e+01
2.600000000000000000e+01
4.239999999999999858e+01
4.420000000000000284e+01
4.460000000000000142e+01
3.410000000000000142e+01
3.150000000000000000e+01
1.930000000000000071e+01
2.730000000000000071e+01
6.440000000000000568e+01
2.110000000000000142e+01
2.600000000000000000e+01
4.239999999999999858e+01
4.420000000000000284e+01
4.460000000000000142e+01
3.410000000000000142e+01
3.150000000000000000e+01
3.829999999999999716e+01
1.190000000000000036e+01
5.220000000000000284e+01
2.430000000000000071e+01
3.089999999999999858e+01
4.460000000000000142e+01
