8.359999999999999432e+01
3.500000000000000000e+01
3.379999999999999716e+01
3.660000000000000142e+01
2.300000000000000000e+01
2.300000000000000000e+01
4.589999999999999858e+01
3.760000000000000142e+01
2.300000000000000000e+01
2.169999999999999929e+01
2.250000000000000000e+01
3.710000000000000142e+01
2.450000000000000000e+01
2.369999999999999929e+01
4.389999999999999858e+01
7.759999999999999432e+01
6.529999999999999716e+01
2.450000000000000000e+01
2.369999999999999929e+01
4.389999999999999858e+01
