8.520000000000000284e+01
4.900000000000000000e+01
8.520000000000000284e+01
1.090000000000000036e+01
4.379999999999999716e+01
2.130000000000000071e+01
2.410000000000000142e+01
2.130000000000000071e+01
2.410000000000000142e+01
3.470000000000000284e+01
3.760000000000000142e+01
7.859999999999999432e+01
3.439999999999999858e+01
3.570000000000000284e+01
2.660000000000000142e+01
2.119999999999999929e+01
4.239999999999999858e+01
2.480000000000000071e+01
0.000000000000000000e+00
0.000000000000000000e+00
0.000000000000000000e+00
0.000000000000000000e+00
3.389999999999999858e+01
1.300000000000000044e+00
0.000000000000000000e+00
2.130000000000000071e+01
2.410000000000000142e+01
3.470000000000000284e+01
3.760000000000000142e+01
7.859999999999999432e+01
3.439999999999999858e+01
3.570000000000000284e+01
2.660000000000000142e+01
2.119999999999999929e+01
4.239999999999999858e+01
2.480000000000000071e+01
2.130000000000000071e+01
2.410000000000000142e+01
3.470000000000000284e+01
3.760000000000000142e+01
7.859999999999999432e+01
3.439999999999999858e+01
3.570000000000000284e+01
