8.359999999999999432e+01
3.139999999999999858e+01
1.700000000000000000e+01
4.079999999999999716e+01
1.769999999999999929e+01
2.269999999999999929e+01
3.039999999999999858e+01
4.010000000000000142e+01
5.799999999999999822e+00
2.269999999999999929e+01
3.039999999999999858e+01
4.010000000000000142e+01
4.579999999999999716e+01
1.080000000000000071e+01
1.450000000000000000e+01
9.529999999999999716e+01
3.670000000000000284e+01
2.269999999999999929e+01
3.039999999999999858e+01
4.010000000000000142e+01
4.579999999999999716e+01
9.529999999999999716e+01
3.670000000000000284e+01
2.710000000000000142e+01
1.080000000000000071e+01
1.450000000000000000e+01
2.710000000000000142e+01
1.059999999999999964e+01
1.960000000000000142e+01
3.579999999999999716e+01
2.089999999999999858e+01
