8.359999999999999432e+01
7.429999999999999716e+01
8.520000000000000284e+01
8.520000000000000284e+01
1.250000000000000000e+01
7.300000000000000000e+01
4.100000000000000000e+01
2.080000000000000071e+01
5.229999999999999716e+01
3.879999999999999716e+01
2.960000000000000142e+01
3.610000000000000142e+01
1.230000000000000071e+01
3.150000000000000000e+01
3.879999999999999716e+01
2.960000000000000142e+01
3.610000000000000142e+01
3.150000000000000000e+01
2.610000000000000142e+01
2.119999999999999929e+01
3.610000000000000142e+01
3.379999999999999716e+01
2.419999999999999929e+01
2.539999999999999858e+01
2.930000000000000071e+01
3.929999999999999716e+01
5.679999999999999716e+01
2.469999999999999929e+01
2.350000000000000000e+01
3.500000000000000000e+01
2.069999999999999929e+01
2.110000000000000142e+01
2.930000000000000071e+01
5.460000000000000142e+01
3.429999999999999716e+01
0.000000000000000000e+00
0.000000000000000000e+00
0.000000000000000000e+00
0.000000000000000000e+00
0.000000000000000000e+00
0.000000000000000000e+00
0.000000000000000000e+00
2.999999999999999889e-01
0.000000000000000000e+00
0.000000000000000000e+00
0.000000000000000000e+00
0.000000000000000000e+00
0.000000000000000000e+00
6.909999999999999432e+01
0.000000000000000000e+00
6.350000000000000000e+01
0.000000000000000000e+00
0.000000000000000000e+00
0.000000000000000000e+00
1.259999999999999964e+01
0.000000000000000000e+00
3.879999999999999716e+01
2.960000000000000142e+01
3.610000000000000142e+01
3.150000000000000000e+01
2.610000000000000142e+01
2.119999999999999929e+01
3.610000000000000142e+01
3.379999999999999716e+01
2.419999999999999929e+01
2.539999999999999858e+01
2.930000000000000071e+01
3.929999999999999716e+01
5.679999999999999716e+01
2.469999999999999929e+01
2.350000000000000000e+01
3.500000000000000000e+01
2.069999999999999929e+01
2.110000000000000142e+01
3.879999999999999716e+01
2.960000000000000142e+01
3.610000000000000142e+01
3.150000000000000000e+01
2.610000000000000142e+01
2.119999999999999929e+01
3.610000000000000142e+01
3.379999999999999716e+01
2.419999999999999929e+01
2.539999999999999858e+01
2.930000000000000071e+01
3.929999999999999716e+01
5.679999999999999716e+01
