8.520000000000000284e+01
8.570000000000000284e+01
1.739999999999999858e+01
5.989999999999999858e+01
2.469999999999999929e+01
2.000000000000000000e+01
3.060000000000000142e+01
3.779999999999999716e+01
3.720000000000000284e+01
3.310000000000000142e+01
2.889999999999999858e+01
2.250000000000000000e+01
2.000000000000000000e+01
3.060000000000000142e+01
3.779999999999999716e+01
3.720000000000000284e+01
3.310000000000000142e+01
2.889999999999999858e+01
2.250000000000000000e+01
2.000000000000000000e+01
3.060000000000000142e+01
3.779999999999999716e+01
3.720000000000000284e+01
3.310000000000000142e+01
2.889999999999999858e+01
2.000000000000000000e+01
3.060000000000000142e+01
3.779999999999999716e+01
3.720000000000000284e+01
