8.520000000000000284e+01
8.520000000000000284e+01
2.250000000000000000e+01
8.520000000000000284e+01
8.550000000000000000e+01
8.520000000000000284e+01
8.570000000000000284e+01
8.570000000000000284e+01
8.359999999999999432e+01
8.570000000000000284e+01
8.359999999999999432e+01
5.470000000000000284e+01
5.589999999999999858e+01
6.000000000000000000e+01
5.589999999999999858e+01
6.000000000000000000e+01
6.350000000000000000e+01
4.920000000000000284e+01
4.010000000000000142e+01
2.000000000000000000e+01
2.930000000000000071e+01
0.000000000000000000e+00
0.000000000000000000e+00
0.000000000000000000e+00
0.000000000000000000e+00
7.000000000000000000e+00
0.000000000000000000e+00
0.000000000000000000e+00
3.800000000000000000e+01
2.680000000000000071e+01
0.000000000000000000e+00
0.000000000000000000e+00
0.000000000000000000e+00
4.029999999999999716e+01
0.000000000000000000e+00
5.589999999999999858e+01
6.000000000000000000e+01
6.350000000000000000e+01
4.920000000000000284e+01
4.010000000000000142e+01
2.000000000000000000e+01
2.930000000000000071e+01
6.000000000000000000e+01
6.350000000000000000e+01
4.920000000000000284e+01
4.010000000000000142e+01
