2.650000000000000000e+01
3.339999999999999858e+01
8.520000000000000284e+01
8.520000000000000284e+01
1.140000000000000036e+01
8.570000000000000284e+01
3.539999999999999858e+01
4.070000000000000284e+01
4.070000000000000284e+01
3.729999999999999716e+01
2.910000000000000142e+01
4.070000000000000284e+01
3.729999999999999716e+01
2.910000000000000142e+01
4.070000000000000284e+01
3.729999999999999716e+01
2.910000000000000142e+01
4.070000000000000284e+01
3.729999999999999716e+01
2.910000000000000142e+01
