8.520000000000000284e+01
8.520000000000000284e+01
8.520000000000000284e+01
3.039999999999999858e+01
8.520000000000000284e+01
8.520000000000000284e+01
8.570000000000000284e+01
2.200000000000000000e+01
1.290000000000000036e+01
6.779999999999999716e+01
6.110000000000000142e+01
6.110000000000000142e+01
1.919999999999999929e+01
6.110000000000000142e+01
4.160000000000000142e+01
6.210000000000000142e+01
2.139999999999999858e+01
4.960000000000000142e+01
3.069999999999999929e+01
8.690000000000000568e+01
3.900000000000000000e+01
4.189999999999999858e+01
3.139999999999999858e+01
4.260000000000000142e+01
4.310000000000000142e+01
6.650000000000000000e+01
6.709999999999999432e+01
5.750000000000000000e+01
3.900000000000000000e+01
4.220000000000000284e+01
5.610000000000000142e+01
2.500000000000000000e+01
5.489999999999999858e+01
3.229999999999999716e+01
3.139999999999999858e+01
4.260000000000000142e+01
4.310000000000000142e+01
6.650000000000000000e+01
6.709999999999999432e+01
5.750000000000000000e+01
3.900000000000000000e+01
4.220000000000000284e+01
4.189999999999999858e+01
