8.570000000000000284e+01
8.520000000000000284e+01
8.520000000000000284e+01
8.359999999999999432e+01
2.569999999999999929e+01
2.069999999999999929e+01
1.750000000000000000e+01
7.299999999999999822e+00
7.700000000000000178e+00
9.800000000000000711e+00
8.599999999999999645e+00
1.009999999999999964e+01
1.200000000000000000e+01
2.639999999999999858e+01
3.119999999999999929e+01
2.600000000000000000e+01
3.539999999999999858e+01
3.489999999999999858e+01
3.139999999999999858e+01
2.480000000000000071e+01
1.200000000000000000e+01
1.590000000000000036e+01
1.519999999999999929e+01
1.780000000000000071e+01
3.139999999999999858e+01
1.080000000000000071e+01
1.100000000000000000e+01
1.459999999999999964e+01
