8.359999999999999432e+01
8.520000000000000284e+01
8.570000000000000284e+01
2.830000000000000071e+01
3.339999999999999858e+01
1.989999999999999858e+01
2.419999999999999929e+01
2.130000000000000071e+01
3.030000000000000071e+01
2.439999999999999858e+01
7.250000000000000000e+01
3.739999999999999858e+01
0.000000000000000000e+00
0.000000000000000000e+00
8.699999999999999289e+00
0.000000000000000000e+00
0.000000000000000000e+00
0.000000000000000000e+00
4.400000000000000355e+00
0.000000000000000000e+00
2.419999999999999929e+01
2.130000000000000071e+01
3.030000000000000071e+01
2.439999999999999858e+01
7.250000000000000000e+01
2.419999999999999929e+01
2.130000000000000071e+01
3.030000000000000071e+01
2.439999999999999858e+01
