8.520000000000000284e+01
1.150000000000000000e+01
8.520000000000000284e+01
3.610000000000000142e+01
3.610000000000000142e+01
3.479999999999999716e+01
8.300000000000000711e+00
8.199999999999999289e+00
6.700000000000000178e+00
9.599999999999999645e+00
7.799999999999999822e+00
3.479999999999999716e+01
4.660000000000000142e+01
1.860000000000000142e+01
0.000000000000000000e+00
0.000000000000000000e+00
0.000000000000000000e+00
4.299999999999999822e+00
0.000000000000000000e+00
2.399999999999999911e+00
0.000000000000000000e+00
0.000000000000000000e+00
1.760000000000000142e+01
2.369999999999999929e+01
2.619999999999999929e+01
3.850000000000000000e+01
3.239999999999999858e+01
3.300000000000000000e+01
2.119999999999999929e+01
8.020000000000000284e+01
2.200000000000000000e+01
