3.160000000000000142e+01
8.520000000000000284e+01
3.529999999999999716e+01
8.520000000000000284e+01
8.570000000000000284e+01
8.570000000000000284e+01
3.979999999999999716e+01
2.700000000000000000e+01
5.700000000000000000e+01
1.040000000000000036e+01
2.630000000000000071e+01
6.099999999999999645e+00
5.500000000000000000e+00
5.900000000000000355e+00
2.630000000000000071e+01
3.050000000000000000e+01
1.530000000000000071e+01
2.180000000000000071e+01
2.800000000000000000e+01
3.450000000000000000e+01
2.630000000000000071e+01
3.050000000000000000e+01
2.180000000000000071e+01
2.800000000000000000e+01
3.450000000000000000e+01
2.010000000000000142e+01
3.039999999999999858e+01
1.530000000000000071e+01
3.039999999999999858e+01
4.670000000000000284e+01
2.119999999999999929e+01
