8.520000000000000284e+01
8.520000000000000284e+01
1.109999999999999964e+01
4.029999999999999716e+01
3.970000000000000284e+01
6.339999999999999858e+01
4.129999999999999716e+01
3.300000000000000000e+01
6.339999999999999858e+01
3.010000000000000142e+01
2.980000000000000071e+01
2.689999999999999858e+01
2.300000000000000000e+01
6.479999999999999716e+01
7.420000000000000284e+01
5.550000000000000000e+01
2.219999999999999929e+01
5.810000000000000142e+01
6.070000000000000284e+01
4.000000000000000000e+01
2.419999999999999929e+01
2.889999999999999858e+01
7.420000000000000284e+01
6.239999999999999858e+01
3.939999999999999858e+01
3.479999999999999716e+01
3.150000000000000000e+01
5.810000000000000142e+01
6.070000000000000284e+01
4.000000000000000000e+01
2.419999999999999929e+01
2.889999999999999858e+01
7.420000000000000284e+01
