8.570000000000000284e+01
1.019999999999999929e+01
8.520000000000000284e+01
8.520000000000000284e+01
2.489999999999999858e+01
5.870000000000000284e+01
5.870000000000000284e+01
3.489999999999999858e+01
2.060000000000000142e+01
7.420000000000000284e+01
4.510000000000000142e+01
2.350000000000000000e+01
4.020000000000000284e+01
3.510000000000000142e+01
2.980000000000000071e+01
4.760000000000000142e+01
3.670000000000000284e+01
2.369999999999999929e+01
3.069999999999999929e+01
7.420000000000000284e+01
2.800000000000000000e+01
6.089999999999999858e+01
3.510000000000000142e+01
2.980000000000000071e+01
4.760000000000000142e+01
3.670000000000000284e+01
2.369999999999999929e+01
