8.520000000000000284e+01
8.520000000000000284e+01
8.520000000000000284e+01
8.520000000000000284e+01
8.520000000000000284e+01
1.340000000000000036e+01
1.450000000000000000e+01
1.330000000000000071e+01
1.350000000000000000e+01
7.500000000000000000e+00
8.599999999999999645e+00
7.000000000000000000e+00
1.350000000000000000e+01
9.500000000000000000e+00
3.460000000000000142e+01
2.089999999999999858e+01
1.180000000000000071e+01
1.509999999999999964e+01
3.560000000000000142e+01
3.460000000000000142e+01
2.089999999999999858e+01
3.560000000000000142e+01
3.639999999999999858e+01
2.480000000000000071e+01
3.529999999999999716e+01
2.089999999999999858e+01
3.560000000000000142e+01
3.639999999999999858e+01
2.480000000000000071e+01
3.529999999999999716e+01
2.089999999999999858e+01
3.560000000000000142e+01
