8.520000000000000284e+01
3.420000000000000284e+01
8.520000000000000284e+01
3.879999999999999716e+01
8.520000000000000284e+01
1.639999999999999858e+01
3.370000000000000284e+01
1.080000000000000071e+01
1.509999999999999964e+01
2.469999999999999929e+01
3.439999999999999858e+01
2.469999999999999929e+01
3.439999999999999858e+01
3.300000000000000000e+01
2.139999999999999858e+01
3.389999999999999858e+01
3.660000000000000142e+01
3.260000000000000142e+01
3.180000000000000071e+01
3.660000000000000142e+01
3.260000000000000142e+01
