8.570000000000000284e+01
8.520000000000000284e+01
8.359999999999999432e+01
8.520000000000000284e+01
1.880000000000000071e+01
8.520000000000000284e+01
3.339999999999999858e+01
8.520000000000000284e+01
8.520000000000000284e+01
2.689999999999999858e+01
3.810000000000000142e+01
2.689999999999999858e+01
8.520000000000000284e+01
4.139999999999999858e+01
6.900000000000000355e+00
9.000000000000000000e+00
5.400000000000000355e+00
1.259999999999999964e+01
2.480000000000000071e+01
4.129999999999999716e+01
1.880000000000000071e+01
5.439999999999999858e+01
5.000000000000000000e+00
6.609999999999999432e+01
4.120000000000000284e+01
2.480000000000000071e+01
4.129999999999999716e+01
5.439999999999999858e+01
6.609999999999999432e+01
4.120000000000000284e+01
3.100000000000000000e+01
3.010000000000000142e+01
3.320000000000000284e+01
1.259999999999999964e+01
1.880000000000000071e+01
1.960000000000000142e+01
3.100000000000000000e+01
3.010000000000000142e+01
3.320000000000000284e+01
1.450000000000000000e+01
