8.520000000000000284e+01
8.520000000000000284e+01
3.460000000000000142e+01
8.520000000000000284e+01
2.010000000000000142e+01
1.509999999999999964e+01
2.830000000000000071e+01
8.199999999999999289e+00
6.200000000000000178e+00
8.099999999999999645e+00
8.000000000000000000e+00
8.599999999999999645e+00
6.500000000000000000e+00
2.369999999999999929e+01
3.539999999999999858e+01
3.379999999999999716e+01
1.839999999999999858e+01
1.989999999999999858e+01
8.199999999999999289e+00
4.110000000000000142e+01
1.290000000000000036e+01
3.229999999999999716e+01
2.369999999999999929e+01
3.539999999999999858e+01
3.379999999999999716e+01
4.110000000000000142e+01
3.229999999999999716e+01
5.720000000000000284e+01
3.250000000000000000e+01
2.230000000000000071e+01
4.860000000000000142e+01
1.839999999999999858e+01
1.989999999999999858e+01
1.290000000000000036e+01
3.250000000000000000e+01
2.230000000000000071e+01
4.860000000000000142e+01
