4.289999999999999858e+01
8.520000000000000284e+01
8.520000000000000284e+01
1.380000000000000071e+01
1.860000000000000142e+01
1.259999999999999964e+01
1.800000000000000000e+01
2.469999999999999929e+01
2.510000000000000142e+01
2.469999999999999929e+01
2.510000000000000142e+01
4.720000000000000284e+01
3.189999999999999858e+01
4.400000000000000000e+01
2.139999999999999858e+01
2.389999999999999858e+01
3.839999999999999858e+01
6.239999999999999858e+01
2.400000000000000000e+01
4.610000000000000142e+01
2.260000000000000142e+01
0.000000000000000000e+00
0.000000000000000000e+00
2.930000000000000071e+01
0.000000000000000000e+00
0.000000000000000000e+00
0.000000000000000000e+00
2.350000000000000000e+01
0.000000000000000000e+00
0.000000000000000000e+00
7.400000000000000355e+00
0.000000000000000000e+00
2.539999999999999858e+01
2.469999999999999929e+01
2.510000000000000142e+01
4.720000000000000284e+01
3.189999999999999858e+01
4.400000000000000000e+01
2.139999999999999858e+01
3.839999999999999858e+01
6.239999999999999858e+01
2.260000000000000142e+01
2.469999999999999929e+01
2.510000000000000142e+01
3.189999999999999858e+01
4.400000000000000000e+01
2.139999999999999858e+01
3.839999999999999858e+01
6.239999999999999858e+01
