8.520000000000000284e+01
1.919999999999999929e+01
5.479999999999999716e+01
2.219999999999999929e+01
3.860000000000000142e+01
1.800000000000000000e+01
3.389999999999999858e+01
2.110000000000000142e+01
3.650000000000000000e+01
1.819999999999999929e+01
7.650000000000000000e+01
1.190000000000000036e+01
8.900000000000000355e+00
6.099999999999999645e+00
8.199999999999999289e+00
8.599999999999999645e+00
3.650000000000000000e+01
1.819999999999999929e+01
7.650000000000000000e+01
1.190000000000000036e+01
7.240000000000000568e+01
6.400000000000000355e+00
0.000000000000000000e+00
0.000000000000000000e+00
0.000000000000000000e+00
0.000000000000000000e+00
0.000000000000000000e+00
0.000000000000000000e+00
0.000000000000000000e+00
0.000000000000000000e+00
0.000000000000000000e+00
1.830000000000000071e+01
1.200000000000000000e+01
1.209999999999999964e+01
1.910000000000000142e+01
1.150000000000000000e+01
1.080000000000000071e+01
3.239999999999999858e+01
1.750000000000000000e+01
3.260000000000000142e+01
3.960000000000000142e+01
2.469999999999999929e+01
4.029999999999999716e+01
3.700000000000000000e+01
