3.270000000000000284e+01
8.570000000000000284e+01
8.520000000000000284e+01
3.739999999999999858e+01
8.520000000000000284e+01
8.520000000000000284e+01
6.659999999999999432e+01
3.550000000000000000e+01
1.200000000000000000e+01
2.360000000000000142e+01
3.200000000000000000e+01
4.529999999999999716e+01
8.109999999999999432e+01
9.809999999999999432e+01
2.319999999999999929e+01
7.979999999999999716e+01
9.809999999999999432e+01
2.050000000000000000e+01
2.050000000000000000e+01
2.030000000000000071e+01
3.870000000000000284e+01
4.089999999999999858e+01
5.970000000000000284e+01
3.960000000000000142e+01
4.010000000000000142e+01
3.229999999999999716e+01
3.100000000000000000e+01
4.100000000000000000e+01
3.310000000000000142e+01
3.089999999999999858e+01
4.010000000000000142e+01
3.229999999999999716e+01
3.100000000000000000e+01
