8.520000000000000284e+01
2.000000000000000000e+01
8.520000000000000284e+01
1.340000000000000036e+01
4.420000000000000284e+01
4.420000000000000284e+01
2.560000000000000142e+01
3.110000000000000142e+01
3.479999999999999716e+01
2.819999999999999929e+01
4.100000000000000000e+01
2.389999999999999858e+01
4.420000000000000284e+01
2.560000000000000142e+01
3.110000000000000142e+01
3.479999999999999716e+01
2.819999999999999929e+01
4.100000000000000000e+01
2.389999999999999858e+01
4.420000000000000284e+01
2.560000000000000142e+01
3.110000000000000142e+01
3.479999999999999716e+01
4.420000000000000284e+01
2.560000000000000142e+01
3.110000000000000142e+01
