1.409999999999999964e+01
2.680000000000000071e+01
1.430000000000000071e+01
1.850000000000000000e+01
2.689999999999999858e+01
2.730000000000000071e+01
2.319999999999999929e+01
2.680000000000000071e+01
4.029999999999999716e+01
2.380000000000000071e+01
4.000000000000000000e+01
5.900000000000000355e+00
6.000000000000000000e+00
6.700000000000000178e+00
5.299999999999999822e+00
5.099999999999999645e+00
8.300000000000000711e+00
4.000000000000000000e+01
3.220000000000000284e+01
1.639999999999999858e+01
6.050000000000000000e+01
2.030000000000000071e+01
1.430000000000000071e+01
2.010000000000000142e+01
2.619999999999999929e+01
2.439999999999999858e+01
4.139999999999999858e+01
2.050000000000000000e+01
4.000000000000000000e+01
3.220000000000000284e+01
6.050000000000000000e+01
2.030000000000000071e+01
2.010000000000000142e+01
2.619999999999999929e+01
2.439999999999999858e+01
4.139999999999999858e+01
2.050000000000000000e+01
4.279999999999999716e+01
2.980000000000000071e+01
2.719999999999999929e+01
4.410000000000000142e+01
2.710000000000000142e+01
3.260000000000000142e+01
3.500000000000000000e+01
4.070000000000000284e+01
4.729999999999999716e+01
2.860000000000000142e+01
2.030000000000000071e+01
1.639999999999999858e+01
1.430000000000000071e+01
2.719999999999999929e+01
4.410000000000000142e+01
2.710000000000000142e+01
3.260000000000000142e+01
3.500000000000000000e+01
4.070000000000000284e+01
4.729999999999999716e+01
2.860000000000000142e+01
2.030000000000000071e+01
1.469999999999999929e+01
