2.419999999999999929e+01
2.000000000000000000e+01
3.279999999999999716e+01
3.300000000000000000e+01
7.729999999999999716e+01
7.770000000000000284e+01
7.159999999999999432e+01
3.160000000000000142e+01
5.300000000000000000e+01
4.070000000000000284e+01
3.220000000000000284e+01
7.720000000000000284e+01
3.220000000000000284e+01
7.720000000000000284e+01
3.910000000000000142e+01
7.659999999999999432e+01
3.050000000000000000e+01
7.420000000000000284e+01
8.079999999999999716e+01
8.020000000000000284e+01
3.760000000000000142e+01
7.309999999999999432e+01
2.719999999999999929e+01
6.609999999999999432e+01
4.420000000000000284e+01
7.659999999999999432e+01
4.570000000000000284e+01
7.709999999999999432e+01
3.660000000000000142e+01
4.460000000000000142e+01
4.800000000000000000e+01
7.690000000000000568e+01
3.050000000000000000e+01
7.709999999999999432e+01
3.660000000000000142e+01
4.460000000000000142e+01
