1.590000000000000036e+01
3.160000000000000142e+01
4.779999999999999716e+01
3.510000000000000142e+01
2.680000000000000071e+01
4.779999999999999716e+01
3.510000000000000142e+01
2.680000000000000071e+01
4.160000000000000142e+01
3.180000000000000071e+01
3.879999999999999716e+01
3.239999999999999858e+01
2.730000000000000071e+01
2.080000000000000071e+01
2.989999999999999858e+01
4.129999999999999716e+01
4.720000000000000284e+01
2.710000000000000142e+01
3.189999999999999858e+01
3.189999999999999858e+01
2.989999999999999858e+01
3.489999999999999858e+01
3.700000000000000000e+01
4.779999999999999716e+01
3.510000000000000142e+01
2.680000000000000071e+01
4.160000000000000142e+01
3.180000000000000071e+01
3.879999999999999716e+01
3.239999999999999858e+01
2.730000000000000071e+01
2.080000000000000071e+01
2.989999999999999858e+01
4.129999999999999716e+01
4.720000000000000284e+01
2.710000000000000142e+01
3.189999999999999858e+01
3.189999999999999858e+01
2.989999999999999858e+01
3.489999999999999858e+01
3.700000000000000000e+01
4.779999999999999716e+01
3.510000000000000142e+01
2.680000000000000071e+01
4.160000000000000142e+01
3.180000000000000071e+01
3.879999999999999716e+01
3.239999999999999858e+01
2.730000000000000071e+01
2.080000000000000071e+01
2.989999999999999858e+01
4.129999999999999716e+01
4.720000000000000284e+01
2.710000000000000142e+01
4.779999999999999716e+01
3.510000000000000142e+01
2.680000000000000071e+01
4.160000000000000142e+01
3.180000000000000071e+01
3.879999999999999716e+01
3.239999999999999858e+01
