3.189999999999999858e+01
2.830000000000000071e+01
4.179999999999999716e+01
3.239999999999999858e+01
1.989999999999999858e+01
2.189999999999999858e+01
2.189999999999999858e+01
4.560000000000000142e+01
3.870000000000000284e+01
4.360000000000000142e+01
3.500000000000000000e+01
3.629999999999999716e+01
2.189999999999999858e+01
3.270000000000000284e+01
3.600000000000000000e+01
3.520000000000000284e+01
3.060000000000000142e+01
2.810000000000000142e+01
3.189999999999999858e+01
4.560000000000000142e+01
2.380000000000000071e+01
2.619999999999999929e+01
3.829999999999999716e+01
0.000000000000000000e+00
0.000000000000000000e+00
0.000000000000000000e+00
0.000000000000000000e+00
0.000000000000000000e+00
0.000000000000000000e+00
0.000000000000000000e+00
2.999999999999999889e-01
0.000000000000000000e+00
0.000000000000000000e+00
0.000000000000000000e+00
0.000000000000000000e+00
2.950000000000000000e+01
0.000000000000000000e+00
5.900000000000000355e+00
0.000000000000000000e+00
0.000000000000000000e+00
2.189999999999999858e+01
3.870000000000000284e+01
3.500000000000000000e+01
2.189999999999999858e+01
3.600000000000000000e+01
3.520000000000000284e+01
3.060000000000000142e+01
2.810000000000000142e+01
3.189999999999999858e+01
4.560000000000000142e+01
2.619999999999999929e+01
2.189999999999999858e+01
3.870000000000000284e+01
3.500000000000000000e+01
3.600000000000000000e+01
3.520000000000000284e+01
