5.550000000000000000e+01
3.169999999999999929e+01
2.500000000000000000e+01
4.189999999999999858e+01
4.000000000000000000e+01
5.770000000000000284e+01
1.230000000000000071e+01
1.169999999999999929e+01
3.139999999999999858e+01
6.799999999999999822e+00
5.700000000000000178e+00
7.799999999999999822e+00
6.799999999999999822e+00
5.770000000000000284e+01
1.230000000000000071e+01
1.169999999999999929e+01
3.139999999999999858e+01
1.350000000000000000e+01
2.860000000000000142e+01
1.440000000000000036e+01
7.940000000000000568e+01
9.400000000000000355e+00
3.210000000000000142e+01
1.600000000000000089e+00
0.000000000000000000e+00
0.000000000000000000e+00
0.000000000000000000e+00
1.199999999999999956e+00
0.000000000000000000e+00
0.000000000000000000e+00
0.000000000000000000e+00
0.000000000000000000e+00
0.000000000000000000e+00
0.000000000000000000e+00
0.000000000000000000e+00
0.000000000000000000e+00
0.000000000000000000e+00
0.000000000000000000e+00
0.000000000000000000e+00
5.000000000000000000e-01
1.769999999999999929e+01
1.860000000000000142e+01
3.119999999999999929e+01
1.830000000000000071e+01
2.719999999999999929e+01
3.089999999999999858e+01
4.089999999999999858e+01
3.019999999999999929e+01
6.120000000000000284e+01
2.400000000000000000e+01
