4.570000000000000284e+01
3.839999999999999858e+01
2.269999999999999929e+01
2.550000000000000000e+01
1.960000000000000142e+01
2.619999999999999929e+01
1.369999999999999929e+01
3.180000000000000071e+01
4.689999999999999858e+01
3.420000000000000284e+01
2.589999999999999858e+01
2.969999999999999929e+01
2.250000000000000000e+01
4.660000000000000142e+01
3.729999999999999716e+01
5.079999999999999716e+01
3.710000000000000142e+01
2.269999999999999929e+01
2.560000000000000142e+01
3.810000000000000142e+01
4.060000000000000142e+01
3.289999999999999858e+01
2.239999999999999858e+01
3.420000000000000284e+01
2.839999999999999858e+01
0.000000000000000000e+00
0.000000000000000000e+00
0.000000000000000000e+00
2.500000000000000000e+00
2.339999999999999858e+01
4.439999999999999858e+01
0.000000000000000000e+00
2.450000000000000000e+01
4.610000000000000142e+01
0.000000000000000000e+00
7.400000000000000355e+00
0.000000000000000000e+00
0.000000000000000000e+00
0.000000000000000000e+00
0.000000000000000000e+00
0.000000000000000000e+00
0.000000000000000000e+00
8.500000000000000000e+00
4.689999999999999858e+01
2.589999999999999858e+01
2.969999999999999929e+01
2.250000000000000000e+01
4.660000000000000142e+01
3.729999999999999716e+01
5.079999999999999716e+01
3.710000000000000142e+01
4.060000000000000142e+01
3.289999999999999858e+01
2.239999999999999858e+01
4.689999999999999858e+01
2.589999999999999858e+01
2.969999999999999929e+01
2.250000000000000000e+01
4.660000000000000142e+01
3.729999999999999716e+01
5.079999999999999716e+01
3.710000000000000142e+01
