3.429999999999999716e+01
4.450000000000000000e+01
3.610000000000000142e+01
2.660000000000000142e+01
2.260000000000000142e+01
3.660000000000000142e+01
1.769999999999999929e+01
3.729999999999999716e+01
1.140000000000000036e+01
3.229999999999999716e+01
1.540000000000000036e+01
1.319999999999999929e+01
3.229999999999999716e+01
4.120000000000000284e+01
2.869999999999999929e+01
3.720000000000000284e+01
2.869999999999999929e+01
2.619999999999999929e+01
2.439999999999999858e+01
4.050000000000000000e+01
2.750000000000000000e+01
2.730000000000000071e+01
2.280000000000000071e+01
4.270000000000000284e+01
2.210000000000000142e+01
2.410000000000000142e+01
3.010000000000000142e+01
5.160000000000000142e+01
3.660000000000000142e+01
4.139999999999999858e+01
3.010000000000000142e+01
2.889999999999999858e+01
4.460000000000000142e+01
2.089999999999999858e+01
3.050000000000000000e+01
4.020000000000000284e+01
2.089999999999999858e+01
2.980000000000000071e+01
3.460000000000000142e+01
3.660000000000000142e+01
4.139999999999999858e+01
3.010000000000000142e+01
2.889999999999999858e+01
4.460000000000000142e+01
2.089999999999999858e+01
