4.939999999999999858e+01
4.350000000000000000e+01
1.969999999999999929e+01
1.509999999999999964e+01
1.590000000000000036e+01
3.960000000000000142e+01
3.960000000000000142e+01
4.620000000000000284e+01
4.560000000000000142e+01
2.900000000000000000e+01
3.150000000000000000e+01
3.710000000000000142e+01
3.460000000000000142e+01
0.000000000000000000e+00
2.380000000000000071e+01
3.960000000000000142e+01
4.560000000000000142e+01
2.900000000000000000e+01
3.150000000000000000e+01
3.710000000000000142e+01
3.460000000000000142e+01
3.960000000000000142e+01
4.560000000000000142e+01
2.900000000000000000e+01
