2.569999999999999929e+01
1.660000000000000142e+01
2.410000000000000142e+01
1.919999999999999929e+01
4.660000000000000142e+01
1.789999999999999858e+01
4.820000000000000284e+01
4.850000000000000000e+01
1.930000000000000071e+01
3.860000000000000142e+01
4.810000000000000142e+01
3.510000000000000142e+01
3.060000000000000142e+01
2.900000000000000000e+01
1.750000000000000000e+01
3.570000000000000284e+01
3.060000000000000142e+01
4.210000000000000142e+01
4.160000000000000142e+01
3.710000000000000142e+01
2.669999999999999929e+01
3.039999999999999858e+01
2.810000000000000142e+01
2.389999999999999858e+01
3.579999999999999716e+01
2.450000000000000000e+01
2.150000000000000000e+01
3.700000000000000000e+01
3.110000000000000142e+01
1.800000000000000000e+01
3.579999999999999716e+01
2.450000000000000000e+01
2.150000000000000000e+01
3.700000000000000000e+01
2.689999999999999858e+01
3.629999999999999716e+01
4.920000000000000284e+01
2.239999999999999858e+01
3.870000000000000284e+01
2.500000000000000000e+01
2.639999999999999858e+01
4.920000000000000284e+01
2.969999999999999929e+01
2.089999999999999858e+01
3.189999999999999858e+01
2.710000000000000142e+01
9.220000000000000284e+01
2.830000000000000071e+01
2.500000000000000000e+01
2.739999999999999858e+01
2.639999999999999858e+01
4.920000000000000284e+01
2.969999999999999929e+01
2.089999999999999858e+01
2.710000000000000142e+01
9.220000000000000284e+01
2.830000000000000071e+01
