3.439999999999999858e+01
4.800000000000000000e+01
1.919999999999999929e+01
1.140000000000000036e+01
2.560000000000000142e+01
4.700000000000000000e+01
2.580000000000000071e+01
2.589999999999999858e+01
4.700000000000000000e+01
2.580000000000000071e+01
2.589999999999999858e+01
4.089999999999999858e+01
4.779999999999999716e+01
5.120000000000000284e+01
2.189999999999999858e+01
3.539999999999999858e+01
2.060000000000000142e+01
2.680000000000000071e+01
4.860000000000000142e+01
2.219999999999999929e+01
3.550000000000000000e+01
7.950000000000000000e+01
2.460000000000000142e+01
0.000000000000000000e+00
2.100000000000000089e+00
0.000000000000000000e+00
0.000000000000000000e+00
0.000000000000000000e+00
0.000000000000000000e+00
0.000000000000000000e+00
7.099999999999999645e+00
0.000000000000000000e+00
4.700000000000000000e+01
2.580000000000000071e+01
2.589999999999999858e+01
4.779999999999999716e+01
5.120000000000000284e+01
2.189999999999999858e+01
3.539999999999999858e+01
2.060000000000000142e+01
2.680000000000000071e+01
4.860000000000000142e+01
2.219999999999999929e+01
3.550000000000000000e+01
7.950000000000000000e+01
4.700000000000000000e+01
2.580000000000000071e+01
2.589999999999999858e+01
4.779999999999999716e+01
5.120000000000000284e+01
2.189999999999999858e+01
3.539999999999999858e+01
2.060000000000000142e+01
2.680000000000000071e+01
4.860000000000000142e+01
