2.910000000000000142e+01
6.450000000000000000e+01
1.419999999999999929e+01
3.100000000000000000e+01
1.889999999999999858e+01
3.810000000000000142e+01
1.600000000000000000e+01
4.210000000000000142e+01
2.380000000000000071e+01
6.279999999999999716e+01
4.200000000000000000e+01
6.909999999999999432e+01
3.510000000000000142e+01
7.799999999999999822e+00
6.400000000000000355e+00
7.599999999999999645e+00
6.900000000000000355e+00
5.299999999999999822e+00
5.700000000000000178e+00
5.799999999999999822e+00
7.799999999999999822e+00
6.000000000000000000e+00
2.380000000000000071e+01
6.279999999999999716e+01
4.200000000000000000e+01
6.909999999999999432e+01
3.510000000000000142e+01
9.099999999999999645e+00
2.219999999999999929e+01
6.700000000000000178e+00
3.310000000000000142e+01
3.439999999999999858e+01
3.900000000000000000e+01
0.000000000000000000e+00
0.000000000000000000e+00
0.000000000000000000e+00
0.000000000000000000e+00
0.000000000000000000e+00
0.000000000000000000e+00
0.000000000000000000e+00
0.000000000000000000e+00
0.000000000000000000e+00
0.000000000000000000e+00
0.000000000000000000e+00
0.000000000000000000e+00
0.000000000000000000e+00
0.000000000000000000e+00
0.000000000000000000e+00
0.000000000000000000e+00
0.000000000000000000e+00
0.000000000000000000e+00
0.000000000000000000e+00
0.000000000000000000e+00
0.000000000000000000e+00
0.000000000000000000e+00
0.000000000000000000e+00
0.000000000000000000e+00
0.000000000000000000e+00
0.000000000000000000e+00
1.000000000000000000e+01
1.650000000000000000e+01
1.209999999999999964e+01
3.779999999999999716e+01
3.710000000000000142e+01
5.010000000000000142e+01
1.860000000000000142e+01
1.490000000000000036e+01
6.909999999999999432e+01
1.930000000000000071e+01
3.229999999999999716e+01
1.209999999999999964e+01
4.700000000000000000e+01
5.820000000000000284e+01
2.460000000000000142e+01
1.169999999999999929e+01
2.310000000000000142e+01
1.200000000000000000e+01
1.069999999999999929e+01
