4.639999999999999858e+01
1.730000000000000071e+01
3.410000000000000142e+01
2.880000000000000071e+01
4.370000000000000284e+01
1.810000000000000142e+01
4.489999999999999858e+01
2.280000000000000071e+01
1.369999999999999929e+01
5.900000000000000000e+01
1.610000000000000142e+01
1.810000000000000142e+01
3.180000000000000071e+01
2.180000000000000071e+01
3.810000000000000142e+01
3.030000000000000071e+01
7.500000000000000000e+00
6.400000000000000355e+00
7.799999999999999822e+00
7.599999999999999645e+00
7.099999999999999645e+00
3.810000000000000142e+01
5.500000000000000000e+00
3.030000000000000071e+01
2.430000000000000071e+01
4.879999999999999716e+01
2.039999999999999858e+01
5.270000000000000284e+01
6.900000000000000355e+00
3.800000000000000000e+01
0.000000000000000000e+00
0.000000000000000000e+00
0.000000000000000000e+00
0.000000000000000000e+00
3.200000000000000178e+00
0.000000000000000000e+00
0.000000000000000000e+00
4.599999999999999645e+00
4.000000000000000000e+00
0.000000000000000000e+00
1.000000000000000056e-01
0.000000000000000000e+00
0.000000000000000000e+00
0.000000000000000000e+00
0.000000000000000000e+00
0.000000000000000000e+00
0.000000000000000000e+00
0.000000000000000000e+00
0.000000000000000000e+00
0.000000000000000000e+00
0.000000000000000000e+00
0.000000000000000000e+00
0.000000000000000000e+00
0.000000000000000000e+00
0.000000000000000000e+00
1.600000000000000000e+01
1.989999999999999858e+01
1.009999999999999964e+01
5.410000000000000142e+01
2.850000000000000000e+01
1.739999999999999858e+01
3.910000000000000142e+01
2.369999999999999929e+01
3.520000000000000284e+01
4.150000000000000000e+01
2.739999999999999858e+01
1.569999999999999929e+01
2.860000000000000142e+01
3.479999999999999716e+01
2.330000000000000071e+01
2.289999999999999858e+01
