3.310000000000000142e+01
1.530000000000000071e+01
2.519999999999999929e+01
3.069999999999999929e+01
2.050000000000000000e+01
3.860000000000000142e+01
2.310000000000000142e+01
2.660000000000000142e+01
5.900000000000000355e+00
8.300000000000000711e+00
9.099999999999999645e+00
7.700000000000000178e+00
7.099999999999999645e+00
2.310000000000000142e+01
2.660000000000000142e+01
2.019999999999999929e+01
4.310000000000000142e+01
2.300000000000000000e+01
3.639999999999999858e+01
1.850000000000000000e+01
3.750000000000000000e+01
2.700000000000000000e+01
4.089999999999999858e+01
4.250000000000000000e+01
2.660000000000000142e+01
3.760000000000000142e+01
9.000000000000000000e+00
3.010000000000000142e+01
3.229999999999999716e+01
7.000000000000000000e+00
2.310000000000000142e+01
2.660000000000000142e+01
2.019999999999999929e+01
4.310000000000000142e+01
2.300000000000000000e+01
3.639999999999999858e+01
3.750000000000000000e+01
2.700000000000000000e+01
4.089999999999999858e+01
4.250000000000000000e+01
2.660000000000000142e+01
3.760000000000000142e+01
3.010000000000000142e+01
3.229999999999999716e+01
4.239999999999999858e+01
2.969999999999999929e+01
4.489999999999999858e+01
1.850000000000000000e+01
2.969999999999999929e+01
1.009999999999999964e+01
4.489999999999999858e+01
1.869999999999999929e+01
3.210000000000000142e+01
2.639999999999999858e+01
