7.029999999999999716e+01
1.240000000000000036e+01
2.319999999999999929e+01
2.789999999999999858e+01
2.100000000000000000e+01
3.829999999999999716e+01
2.369999999999999929e+01
1.660000000000000142e+01
3.200000000000000000e+01
7.099999999999999645e+00
6.799999999999999822e+00
9.699999999999999289e+00
6.000000000000000000e+00
9.000000000000000000e+00
1.660000000000000142e+01
3.200000000000000000e+01
7.299999999999999822e+00
1.739999999999999858e+01
6.599999999999999645e+00
4.010000000000000142e+01
2.180000000000000071e+01
3.600000000000000000e+01
1.230000000000000071e+01
6.500000000000000000e+00
3.260000000000000142e+01
6.099999999999999645e+00
5.599999999999999645e+00
5.450000000000000000e+01
3.119999999999999929e+01
1.530000000000000071e+01
2.400000000000000000e+01
5.500000000000000000e+00
3.010000000000000142e+01
9.099999999999999645e+00
2.930000000000000071e+01
4.020000000000000284e+01
6.099999999999999645e+00
2.430000000000000071e+01
3.200000000000000000e+01
4.010000000000000142e+01
2.180000000000000071e+01
3.600000000000000000e+01
3.260000000000000142e+01
5.450000000000000000e+01
3.119999999999999929e+01
2.400000000000000000e+01
3.010000000000000142e+01
2.930000000000000071e+01
4.020000000000000284e+01
2.430000000000000071e+01
2.000000000000000000e+01
2.839999999999999858e+01
2.230000000000000071e+01
2.350000000000000000e+01
4.170000000000000284e+01
2.219999999999999929e+01
1.660000000000000142e+01
1.739999999999999858e+01
1.230000000000000071e+01
1.530000000000000071e+01
1.860000000000000142e+01
2.839999999999999858e+01
2.230000000000000071e+01
2.350000000000000000e+01
1.710000000000000142e+01
4.170000000000000284e+01
2.219999999999999929e+01
2.630000000000000071e+01
2.639999999999999858e+01
