2.589999999999999858e+01
3.700000000000000000e+01
2.560000000000000142e+01
3.700000000000000000e+01
3.639999999999999858e+01
1.689999999999999858e+01
3.050000000000000000e+01
3.050000000000000000e+01
2.610000000000000142e+01
4.200000000000000000e+01
1.459999999999999964e+01
4.200000000000000000e+01
2.760000000000000142e+01
2.310000000000000142e+01
3.119999999999999929e+01
4.379999999999999716e+01
2.850000000000000000e+01
2.589999999999999858e+01
4.670000000000000284e+01
2.269999999999999929e+01
3.189999999999999858e+01
4.510000000000000142e+01
4.670000000000000284e+01
2.269999999999999929e+01
3.189999999999999858e+01
