1.580000000000000071e+01
1.540000000000000036e+01
1.019999999999999929e+01
1.989999999999999858e+01
6.079999999999999716e+01
1.509999999999999964e+01
2.139999999999999858e+01
5.379999999999999716e+01
2.880000000000000071e+01
2.939999999999999858e+01
3.750000000000000000e+01
5.270000000000000284e+01
2.860000000000000142e+01
3.620000000000000284e+01
3.829999999999999716e+01
3.529999999999999716e+01
4.160000000000000142e+01
3.789999999999999858e+01
3.750000000000000000e+01
5.270000000000000284e+01
2.860000000000000142e+01
