3.570000000000000284e+01
3.410000000000000142e+01
3.689999999999999858e+01
2.830000000000000071e+01
2.169999999999999929e+01
4.200000000000000000e+01
1.490000000000000036e+01
3.400000000000000000e+01
2.160000000000000142e+01
3.320000000000000284e+01
1.430000000000000071e+01
9.599999999999999645e+00
7.299999999999999822e+00
7.599999999999999645e+00
5.299999999999999822e+00
7.000000000000000000e+00
6.299999999999999822e+00
5.299999999999999822e+00
7.000000000000000000e+00
7.500000000000000000e+00
6.900000000000000355e+00
2.160000000000000142e+01
1.430000000000000071e+01
5.299999999999999822e+00
1.810000000000000142e+01
3.339999999999999858e+01
7.209999999999999432e+01
2.010000000000000142e+01
4.500000000000000000e+01
2.530000000000000071e+01
8.699999999999999289e+00
3.750000000000000000e+01
2.130000000000000071e+01
3.180000000000000071e+01
2.569999999999999929e+01
6.400000000000000355e+00
2.919999999999999929e+01
2.239999999999999858e+01
3.220000000000000284e+01
2.760000000000000142e+01
3.139999999999999858e+01
5.799999999999999822e+00
2.160000000000000142e+01
3.339999999999999858e+01
7.209999999999999432e+01
2.010000000000000142e+01
4.500000000000000000e+01
2.530000000000000071e+01
3.750000000000000000e+01
2.130000000000000071e+01
3.180000000000000071e+01
2.569999999999999929e+01
2.919999999999999929e+01
2.239999999999999858e+01
3.220000000000000284e+01
2.760000000000000142e+01
3.139999999999999858e+01
3.729999999999999716e+01
4.189999999999999858e+01
3.600000000000000000e+01
4.129999999999999716e+01
2.610000000000000142e+01
4.720000000000000284e+01
6.339999999999999858e+01
2.389999999999999858e+01
3.150000000000000000e+01
5.220000000000000284e+01
1.430000000000000071e+01
1.810000000000000142e+01
1.780000000000000071e+01
3.600000000000000000e+01
4.129999999999999716e+01
1.850000000000000000e+01
2.610000000000000142e+01
4.720000000000000284e+01
6.339999999999999858e+01
2.389999999999999858e+01
3.150000000000000000e+01
5.220000000000000284e+01
5.129999999999999716e+01
2.610000000000000142e+01
2.410000000000000142e+01
1.789999999999999858e+01
5.360000000000000142e+01
1.800000000000000000e+01
6.339999999999999858e+01
