1.359999999999999964e+01
1.980000000000000071e+01
3.329999999999999716e+01
2.710000000000000142e+01
2.750000000000000000e+01
2.350000000000000000e+01
2.489999999999999858e+01
2.080000000000000071e+01
2.880000000000000071e+01
4.029999999999999716e+01
6.700000000000000178e+00
6.700000000000000178e+00
9.099999999999999645e+00
7.299999999999999822e+00
6.099999999999999645e+00
7.400000000000000355e+00
5.599999999999999645e+00
8.000000000000000000e+00
2.080000000000000071e+01
2.880000000000000071e+01
4.029999999999999716e+01
1.590000000000000036e+01
5.799999999999999822e+00
5.200000000000000178e+00
8.000000000000000000e+00
7.200000000000000178e+00
3.929999999999999716e+01
5.310000000000000142e+01
3.150000000000000000e+01
4.329999999999999716e+01
6.900000000000000355e+00
2.560000000000000142e+01
3.460000000000000142e+01
2.039999999999999858e+01
6.700000000000000178e+00
2.930000000000000071e+01
2.080000000000000071e+01
2.880000000000000071e+01
4.029999999999999716e+01
3.929999999999999716e+01
5.310000000000000142e+01
3.150000000000000000e+01
4.329999999999999716e+01
2.560000000000000142e+01
3.460000000000000142e+01
2.039999999999999858e+01
2.930000000000000071e+01
3.700000000000000000e+01
3.539999999999999858e+01
2.760000000000000142e+01
2.260000000000000142e+01
1.590000000000000036e+01
1.689999999999999858e+01
3.700000000000000000e+01
3.539999999999999858e+01
2.760000000000000142e+01
1.780000000000000071e+01
1.860000000000000142e+01
2.260000000000000142e+01
1.340000000000000036e+01
1.889999999999999858e+01
1.390000000000000036e+01
2.060000000000000142e+01
