1.590000000000000036e+01
1.960000000000000142e+01
3.420000000000000284e+01
1.369999999999999929e+01
2.460000000000000142e+01
2.750000000000000000e+01
2.750000000000000000e+01
4.270000000000000284e+01
3.589999999999999858e+01
4.079999999999999716e+01
3.500000000000000000e+01
2.519999999999999929e+01
4.550000000000000000e+01
2.810000000000000142e+01
3.200000000000000000e+01
4.520000000000000284e+01
3.950000000000000000e+01
5.089999999999999858e+01
3.200000000000000000e+01
2.519999999999999929e+01
4.550000000000000000e+01
2.810000000000000142e+01
