4.739999999999999858e+01
3.429999999999999716e+01
3.439999999999999858e+01
2.180000000000000071e+01
1.930000000000000071e+01
2.319999999999999929e+01
3.750000000000000000e+01
2.150000000000000000e+01
2.150000000000000000e+01
2.889999999999999858e+01
3.979999999999999716e+01
4.000000000000000000e+01
3.460000000000000142e+01
3.620000000000000284e+01
6.029999999999999716e+01
3.210000000000000142e+01
2.089999999999999858e+01
2.300000000000000000e+01
4.000000000000000000e+01
2.369999999999999929e+01
3.539999999999999858e+01
2.000000000000000000e+01
2.910000000000000142e+01
3.679999999999999716e+01
3.700000000000000178e+00
0.000000000000000000e+00
0.000000000000000000e+00
0.000000000000000000e+00
0.000000000000000000e+00
0.000000000000000000e+00
0.000000000000000000e+00
0.000000000000000000e+00
3.350000000000000000e+01
2.150000000000000000e+01
4.000000000000000000e+01
6.029999999999999716e+01
3.210000000000000142e+01
2.089999999999999858e+01
2.300000000000000000e+01
4.000000000000000000e+01
2.369999999999999929e+01
3.539999999999999858e+01
2.150000000000000000e+01
4.000000000000000000e+01
6.029999999999999716e+01
3.210000000000000142e+01
2.089999999999999858e+01
2.300000000000000000e+01
4.000000000000000000e+01
