1.459999999999999964e+01
3.119999999999999929e+01
3.579999999999999716e+01
5.829999999999999716e+01
4.550000000000000000e+01
3.320000000000000284e+01
2.789999999999999858e+01
6.659999999999999432e+01
7.240000000000000568e+01
3.820000000000000284e+01
4.810000000000000142e+01
3.119999999999999929e+01
3.579999999999999716e+01
5.829999999999999716e+01
4.550000000000000000e+01
3.320000000000000284e+01
2.789999999999999858e+01
6.659999999999999432e+01
7.240000000000000568e+01
3.820000000000000284e+01
4.810000000000000142e+01
3.739999999999999858e+01
3.260000000000000142e+01
3.119999999999999929e+01
3.579999999999999716e+01
5.829999999999999716e+01
3.320000000000000284e+01
2.789999999999999858e+01
3.119999999999999929e+01
3.579999999999999716e+01
5.829999999999999716e+01
