2.489999999999999858e+01
6.609999999999999432e+01
1.989999999999999858e+01
2.430000000000000071e+01
8.199999999999999289e+00
2.189999999999999858e+01
1.419999999999999929e+01
3.050000000000000000e+01
1.280000000000000071e+01
3.329999999999999716e+01
2.189999999999999858e+01
3.050000000000000000e+01
3.329999999999999716e+01
2.460000000000000142e+01
4.220000000000000284e+01
2.189999999999999858e+01
3.050000000000000000e+01
4.220000000000000284e+01
2.189999999999999858e+01
3.050000000000000000e+01
