3.470000000000000284e+01
3.189999999999999858e+01
4.670000000000000284e+01
3.400000000000000000e+01
3.010000000000000142e+01
5.520000000000000284e+01
2.719999999999999929e+01
3.429999999999999716e+01
2.580000000000000071e+01
5.520000000000000284e+01
2.719999999999999929e+01
3.429999999999999716e+01
2.580000000000000071e+01
4.170000000000000284e+01
3.039999999999999858e+01
3.529999999999999716e+01
4.879999999999999716e+01
2.910000000000000142e+01
3.900000000000000000e+01
2.769999999999999929e+01
4.420000000000000284e+01
3.039999999999999858e+01
3.529999999999999716e+01
4.879999999999999716e+01
