2.089999999999999858e+01
2.569999999999999929e+01
3.939999999999999858e+01
4.350000000000000000e+01
1.639999999999999858e+01
4.220000000000000284e+01
3.039999999999999858e+01
2.630000000000000071e+01
3.069999999999999929e+01
4.100000000000000000e+01
1.480000000000000071e+01
3.520000000000000284e+01
2.810000000000000142e+01
3.069999999999999929e+01
3.050000000000000000e+01
4.320000000000000284e+01
4.400000000000000000e+01
7.040000000000000568e+01
2.089999999999999858e+01
5.700000000000000178e+00
9.699999999999999289e+00
7.000000000000000000e+00
5.200000000000000178e+00
5.700000000000000178e+00
8.500000000000000000e+00
7.400000000000000355e+00
9.300000000000000711e+00
7.599999999999999645e+00
6.900000000000000355e+00
6.900000000000000355e+00
8.400000000000000355e+00
3.069999999999999929e+01
3.050000000000000000e+01
7.400000000000000355e+00
8.699999999999999289e+00
4.320000000000000284e+01
8.099999999999999645e+00
6.599999999999999645e+00
4.400000000000000000e+01
7.040000000000000568e+01
2.089999999999999858e+01
3.939999999999999858e+01
7.099999999999999645e+00
2.719999999999999929e+01
3.130000000000000071e+01
4.020000000000000284e+01
4.220000000000000284e+01
0.000000000000000000e+00
0.000000000000000000e+00
0.000000000000000000e+00
0.000000000000000000e+00
0.000000000000000000e+00
0.000000000000000000e+00
0.000000000000000000e+00
0.000000000000000000e+00
0.000000000000000000e+00
0.000000000000000000e+00
0.000000000000000000e+00
0.000000000000000000e+00
0.000000000000000000e+00
0.000000000000000000e+00
0.000000000000000000e+00
0.000000000000000000e+00
0.000000000000000000e+00
0.000000000000000000e+00
0.000000000000000000e+00
0.000000000000000000e+00
0.000000000000000000e+00
0.000000000000000000e+00
0.000000000000000000e+00
0.000000000000000000e+00
0.000000000000000000e+00
5.999999999999999778e-01
1.000000000000000056e-01
0.000000000000000000e+00
0.000000000000000000e+00
0.000000000000000000e+00
0.000000000000000000e+00
2.399999999999999911e+00
0.000000000000000000e+00
0.000000000000000000e+00
0.000000000000000000e+00
0.000000000000000000e+00
0.000000000000000000e+00
0.000000000000000000e+00
2.600000000000000089e+00
0.000000000000000000e+00
1.880000000000000071e+01
1.559999999999999964e+01
1.390000000000000036e+01
2.030000000000000071e+01
3.979999999999999716e+01
1.140000000000000036e+01
1.259999999999999964e+01
3.060000000000000142e+01
1.930000000000000071e+01
1.889999999999999858e+01
1.989999999999999858e+01
3.379999999999999716e+01
2.219999999999999929e+01
2.310000000000000142e+01
2.780000000000000071e+01
2.980000000000000071e+01
3.460000000000000142e+01
2.610000000000000142e+01
3.289999999999999858e+01
2.430000000000000071e+01
3.139999999999999858e+01
3.310000000000000142e+01
