3.039999999999999858e+01
2.450000000000000000e+01
3.069999999999999929e+01
2.960000000000000142e+01
3.069999999999999929e+01
2.960000000000000142e+01
3.000000000000000000e+01
5.320000000000000284e+01
3.789999999999999858e+01
3.589999999999999858e+01
3.320000000000000284e+01
2.880000000000000071e+01
3.260000000000000142e+01
3.510000000000000142e+01
2.460000000000000142e+01
2.619999999999999929e+01
4.929999999999999716e+01
4.129999999999999716e+01
4.039999999999999858e+01
3.110000000000000142e+01
2.080000000000000071e+01
4.070000000000000284e+01
3.550000000000000000e+01
4.579999999999999716e+01
7.000000000000000000e+00
0.000000000000000000e+00
0.000000000000000000e+00
0.000000000000000000e+00
0.000000000000000000e+00
0.000000000000000000e+00
0.000000000000000000e+00
5.429999999999999716e+01
0.000000000000000000e+00
3.160000000000000142e+01
2.960000000000000142e+01
3.000000000000000000e+01
5.320000000000000284e+01
3.789999999999999858e+01
3.589999999999999858e+01
3.320000000000000284e+01
2.880000000000000071e+01
3.260000000000000142e+01
3.510000000000000142e+01
2.619999999999999929e+01
4.929999999999999716e+01
4.129999999999999716e+01
3.110000000000000142e+01
2.080000000000000071e+01
4.070000000000000284e+01
2.960000000000000142e+01
3.000000000000000000e+01
5.320000000000000284e+01
3.589999999999999858e+01
3.320000000000000284e+01
2.880000000000000071e+01
3.260000000000000142e+01
3.510000000000000142e+01
