3.560000000000000142e+01
1.939999999999999858e+01
1.150000000000000000e+01
1.469999999999999929e+01
4.200000000000000000e+01
3.760000000000000142e+01
3.629999999999999716e+01
2.400000000000000000e+01
3.789999999999999858e+01
4.310000000000000142e+01
3.130000000000000071e+01
6.529999999999999716e+01
3.710000000000000142e+01
3.060000000000000142e+01
7.929999999999999716e+01
2.800000000000000000e+01
3.139999999999999858e+01
2.969999999999999929e+01
2.910000000000000142e+01
4.660000000000000142e+01
2.100000000000000000e+01
4.020000000000000284e+01
9.020000000000000284e+01
3.829999999999999716e+01
2.910000000000000142e+01
4.160000000000000142e+01
4.139999999999999858e+01
2.369999999999999929e+01
2.639999999999999858e+01
2.200000000000000000e+01
3.130000000000000071e+01
5.050000000000000000e+01
5.039999999999999858e+01
3.760000000000000142e+01
3.629999999999999716e+01
2.400000000000000000e+01
3.789999999999999858e+01
4.310000000000000142e+01
3.130000000000000071e+01
6.529999999999999716e+01
3.710000000000000142e+01
3.060000000000000142e+01
7.929999999999999716e+01
2.800000000000000000e+01
3.139999999999999858e+01
2.969999999999999929e+01
2.910000000000000142e+01
4.660000000000000142e+01
2.100000000000000000e+01
4.020000000000000284e+01
9.020000000000000284e+01
3.829999999999999716e+01
2.910000000000000142e+01
4.160000000000000142e+01
4.139999999999999858e+01
2.369999999999999929e+01
2.639999999999999858e+01
2.200000000000000000e+01
3.130000000000000071e+01
5.050000000000000000e+01
5.039999999999999858e+01
2.119999999999999929e+01
3.760000000000000142e+01
3.629999999999999716e+01
2.400000000000000000e+01
3.789999999999999858e+01
4.310000000000000142e+01
3.130000000000000071e+01
3.710000000000000142e+01
3.060000000000000142e+01
7.929999999999999716e+01
3.139999999999999858e+01
2.910000000000000142e+01
4.660000000000000142e+01
2.100000000000000000e+01
4.020000000000000284e+01
9.020000000000000284e+01
3.829999999999999716e+01
3.760000000000000142e+01
3.629999999999999716e+01
2.400000000000000000e+01
3.789999999999999858e+01
4.310000000000000142e+01
3.130000000000000071e+01
3.710000000000000142e+01
3.060000000000000142e+01
7.929999999999999716e+01
3.139999999999999858e+01
2.910000000000000142e+01
