1.409999999999999964e+01
6.550000000000000000e+01
3.850000000000000000e+01
3.979999999999999716e+01
1.850000000000000000e+01
3.810000000000000142e+01
2.419999999999999929e+01
1.880000000000000071e+01
4.860000000000000142e+01
3.689999999999999858e+01
3.779999999999999716e+01
3.639999999999999858e+01
3.030000000000000071e+01
1.880000000000000071e+01
2.310000000000000142e+01
3.820000000000000284e+01
3.520000000000000284e+01
3.200000000000000000e+01
1.280000000000000071e+01
4.310000000000000142e+01
1.480000000000000071e+01
1.700000000000000000e+01
1.919999999999999929e+01
1.590000000000000036e+01
2.569999999999999929e+01
1.960000000000000142e+01
3.750000000000000000e+01
2.789999999999999858e+01
2.630000000000000071e+01
1.190000000000000036e+01
1.269999999999999929e+01
2.069999999999999929e+01
2.189999999999999858e+01
2.100000000000000000e+01
1.009999999999999964e+01
2.760000000000000142e+01
3.000000000000000000e+01
2.819999999999999929e+01
3.739999999999999858e+01
1.530000000000000071e+01
2.860000000000000142e+01
3.189999999999999858e+01
3.010000000000000142e+01
3.189999999999999858e+01
4.189999999999999858e+01
4.600000000000000000e+01
7.200000000000000178e+00
7.700000000000000178e+00
7.200000000000000178e+00
7.299999999999999822e+00
6.900000000000000355e+00
6.400000000000000355e+00
8.599999999999999645e+00
9.000000000000000000e+00
5.400000000000000355e+00
9.000000000000000000e+00
6.200000000000000178e+00
6.900000000000000355e+00
8.599999999999999645e+00
8.300000000000000711e+00
7.400000000000000355e+00
7.000000000000000000e+00
6.900000000000000355e+00
6.900000000000000355e+00
8.000000000000000000e+00
8.800000000000000711e+00
7.599999999999999645e+00
5.099999999999999645e+00
7.099999999999999645e+00
5.099999999999999645e+00
7.299999999999999822e+00
8.300000000000000711e+00
9.900000000000000355e+00
8.000000000000000000e+00
8.500000000000000000e+00
9.800000000000000711e+00
2.069999999999999929e+01
2.189999999999999858e+01
2.100000000000000000e+01
1.009999999999999964e+01
2.760000000000000142e+01
3.000000000000000000e+01
2.819999999999999929e+01
3.739999999999999858e+01
1.530000000000000071e+01
8.000000000000000000e+00
2.860000000000000142e+01
6.900000000000000355e+00
3.189999999999999858e+01
9.599999999999999645e+00
7.099999999999999645e+00
6.900000000000000355e+00
3.010000000000000142e+01
3.189999999999999858e+01
8.400000000000000355e+00
4.189999999999999858e+01
4.600000000000000000e+01
4.120000000000000284e+01
3.100000000000000000e+01
9.500000000000000000e+00
4.139999999999999858e+01
3.180000000000000071e+01
2.530000000000000071e+01
9.400000000000000355e+00
3.200000000000000000e+01
6.700000000000000178e+00
3.289999999999999858e+01
4.679999999999999716e+01
1.119999999999999929e+01
3.150000000000000000e+01
5.889999999999999858e+01
2.089999999999999858e+01
3.260000000000000142e+01
2.500000000000000000e+01
3.939999999999999858e+01
3.429999999999999716e+01
3.019999999999999929e+01
1.619999999999999929e+01
2.989999999999999858e+01
2.310000000000000142e+01
7.500000000000000000e+00
0.000000000000000000e+00
0.000000000000000000e+00
0.000000000000000000e+00
4.500000000000000000e+00
0.000000000000000000e+00
0.000000000000000000e+00
0.000000000000000000e+00
0.000000000000000000e+00
0.000000000000000000e+00
0.000000000000000000e+00
0.000000000000000000e+00
0.000000000000000000e+00
0.000000000000000000e+00
4.599999999999999645e+00
0.000000000000000000e+00
0.000000000000000000e+00
0.000000000000000000e+00
0.000000000000000000e+00
0.000000000000000000e+00
0.000000000000000000e+00
0.000000000000000000e+00
0.000000000000000000e+00
0.000000000000000000e+00
0.000000000000000000e+00
0.000000000000000000e+00
0.000000000000000000e+00
0.000000000000000000e+00
0.000000000000000000e+00
0.000000000000000000e+00
0.000000000000000000e+00
0.000000000000000000e+00
0.000000000000000000e+00
0.000000000000000000e+00
0.000000000000000000e+00
0.000000000000000000e+00
0.000000000000000000e+00
0.000000000000000000e+00
0.000000000000000000e+00
0.000000000000000000e+00
0.000000000000000000e+00
0.000000000000000000e+00
0.000000000000000000e+00
0.000000000000000000e+00
3.000000000000000000e+00
0.000000000000000000e+00
0.000000000000000000e+00
0.000000000000000000e+00
3.299999999999999822e+00
0.000000000000000000e+00
4.299999999999999822e+00
0.000000000000000000e+00
4.400000000000000355e+00
0.000000000000000000e+00
0.000000000000000000e+00
0.000000000000000000e+00
3.200000000000000178e+00
0.000000000000000000e+00
0.000000000000000000e+00
0.000000000000000000e+00
0.000000000000000000e+00
0.000000000000000000e+00
0.000000000000000000e+00
0.000000000000000000e+00
0.000000000000000000e+00
0.000000000000000000e+00
0.000000000000000000e+00
0.000000000000000000e+00
0.000000000000000000e+00
0.000000000000000000e+00
0.000000000000000000e+00
0.000000000000000000e+00
0.000000000000000000e+00
0.000000000000000000e+00
0.000000000000000000e+00
0.000000000000000000e+00
0.000000000000000000e+00
0.000000000000000000e+00
0.000000000000000000e+00
0.000000000000000000e+00
0.000000000000000000e+00
0.000000000000000000e+00
0.000000000000000000e+00
0.000000000000000000e+00
1.619999999999999929e+01
1.639999999999999858e+01
1.610000000000000142e+01
1.650000000000000000e+01
1.769999999999999929e+01
1.850000000000000000e+01
1.590000000000000036e+01
1.080000000000000071e+01
1.109999999999999964e+01
1.140000000000000036e+01
1.459999999999999964e+01
1.789999999999999858e+01
1.009999999999999964e+01
3.660000000000000142e+01
4.070000000000000284e+01
2.550000000000000000e+01
2.460000000000000142e+01
2.850000000000000000e+01
4.339999999999999858e+01
1.930000000000000071e+01
4.129999999999999716e+01
1.600000000000000000e+01
1.880000000000000071e+01
2.230000000000000071e+01
2.419999999999999929e+01
2.380000000000000071e+01
4.370000000000000284e+01
2.719999999999999929e+01
3.510000000000000142e+01
2.719999999999999929e+01
2.660000000000000142e+01
3.069999999999999929e+01
2.089999999999999858e+01
3.670000000000000284e+01
1.830000000000000071e+01
1.780000000000000071e+01
2.119999999999999929e+01
3.160000000000000142e+01
5.570000000000000284e+01
1.930000000000000071e+01
3.189999999999999858e+01
2.469999999999999929e+01
4.820000000000000284e+01
2.269999999999999929e+01
3.970000000000000284e+01
3.100000000000000000e+01
3.000000000000000000e+01
5.200000000000000000e+01
3.139999999999999858e+01
3.270000000000000284e+01
3.839999999999999858e+01
2.930000000000000071e+01
1.400000000000000000e+01
3.110000000000000142e+01
1.769999999999999929e+01
2.439999999999999858e+01
1.519999999999999929e+01
1.919999999999999929e+01
2.850000000000000000e+01
2.050000000000000000e+01
2.669999999999999929e+01
2.219999999999999929e+01
4.039999999999999858e+01
2.989999999999999858e+01
3.229999999999999716e+01
3.210000000000000142e+01
3.970000000000000284e+01
1.300000000000000000e+01
2.369999999999999929e+01
2.310000000000000142e+01
3.169999999999999929e+01
3.750000000000000000e+01
4.460000000000000142e+01
3.110000000000000142e+01
2.560000000000000142e+01
4.260000000000000142e+01
2.419999999999999929e+01
3.429999999999999716e+01
3.450000000000000000e+01
2.450000000000000000e+01
3.200000000000000000e+01
3.100000000000000000e+01
2.389999999999999858e+01
1.109999999999999964e+01
3.089999999999999858e+01
4.220000000000000284e+01
3.220000000000000284e+01
