1.109999999999999964e+01
1.569999999999999929e+01
4.300000000000000000e+01
2.250000000000000000e+01
4.270000000000000284e+01
8.699999999999999289e+00
6.000000000000000000e+00
4.300000000000000000e+01
2.250000000000000000e+01
4.270000000000000284e+01
8.620000000000000284e+01
3.839999999999999858e+01
5.329999999999999716e+01
0.000000000000000000e+00
0.000000000000000000e+00
0.000000000000000000e+00
0.000000000000000000e+00
0.000000000000000000e+00
2.299999999999999822e+00
0.000000000000000000e+00
1.350000000000000000e+01
1.500000000000000000e+01
1.069999999999999929e+01
4.189999999999999858e+01
1.340000000000000036e+01
3.270000000000000284e+01
2.430000000000000071e+01
3.629999999999999716e+01
3.080000000000000071e+01
2.989999999999999858e+01
3.579999999999999716e+01
2.110000000000000142e+01
