1.630000000000000071e+01
3.160000000000000142e+01
2.750000000000000000e+01
2.630000000000000071e+01
3.339999999999999858e+01
4.279999999999999716e+01
2.700000000000000000e+01
3.180000000000000071e+01
2.460000000000000142e+01
5.139999999999999858e+01
2.700000000000000000e+01
2.460000000000000142e+01
5.139999999999999858e+01
2.830000000000000071e+01
3.739999999999999858e+01
3.520000000000000284e+01
3.579999999999999716e+01
3.520000000000000284e+01
2.880000000000000071e+01
4.079999999999999716e+01
3.210000000000000142e+01
2.730000000000000071e+01
3.019999999999999929e+01
2.939999999999999858e+01
3.000000000000000000e+01
2.900000000000000000e+01
3.000000000000000000e+01
3.350000000000000000e+01
3.470000000000000284e+01
2.680000000000000071e+01
4.270000000000000284e+01
4.300000000000000000e+01
4.079999999999999716e+01
3.210000000000000142e+01
2.730000000000000071e+01
3.019999999999999929e+01
2.939999999999999858e+01
