4.270000000000000284e+01
3.410000000000000142e+01
1.219999999999999929e+01
1.910000000000000142e+01
2.980000000000000071e+01
2.369999999999999929e+01
2.060000000000000142e+01
3.210000000000000142e+01
4.010000000000000142e+01
4.500000000000000000e+01
4.639999999999999858e+01
0.000000000000000000e+00
0.000000000000000000e+00
4.179999999999999716e+01
3.570000000000000284e+01
3.600000000000000089e+00
5.700000000000000178e+00
0.000000000000000000e+00
0.000000000000000000e+00
4.639999999999999858e+01
2.980000000000000071e+01
2.369999999999999929e+01
2.060000000000000142e+01
4.639999999999999858e+01
3.210000000000000142e+01
4.010000000000000142e+01
2.980000000000000071e+01
2.369999999999999929e+01
2.060000000000000142e+01
4.639999999999999858e+01
3.210000000000000142e+01
4.010000000000000142e+01
