3.180000000000000071e+01
3.239999999999999858e+01
1.900000000000000000e+01
3.279999999999999716e+01
2.739999999999999858e+01
2.310000000000000142e+01
2.519999999999999929e+01
2.910000000000000142e+01
2.830000000000000071e+01
2.989999999999999858e+01
3.439999999999999858e+01
4.670000000000000284e+01
1.390000000000000036e+01
7.000000000000000000e+00
5.000000000000000000e+00
5.500000000000000000e+00
7.099999999999999645e+00
6.299999999999999822e+00
5.400000000000000355e+00
6.299999999999999822e+00
5.200000000000000178e+00
8.099999999999999645e+00
7.599999999999999645e+00
7.099999999999999645e+00
2.989999999999999858e+01
3.439999999999999858e+01
4.670000000000000284e+01
5.000000000000000000e+00
1.390000000000000036e+01
6.299999999999999822e+00
5.000000000000000000e+00
3.810000000000000142e+01
1.600000000000000000e+01
9.670000000000000284e+01
4.879999999999999716e+01
3.839999999999999858e+01
3.639999999999999858e+01
4.050000000000000000e+01
6.479999999999999716e+01
8.300000000000000711e+00
3.180000000000000071e+01
4.489999999999999858e+01
1.240000000000000036e+01
2.130000000000000071e+01
7.400000000000000355e+00
2.110000000000000142e+01
1.219999999999999929e+01
4.800000000000000000e+01
3.989999999999999858e+01
4.000000000000000000e+01
2.400000000000000000e+01
2.350000000000000000e+01
2.839999999999999858e+01
2.989999999999999858e+01
3.439999999999999858e+01
4.670000000000000284e+01
3.810000000000000142e+01
9.670000000000000284e+01
4.879999999999999716e+01
3.839999999999999858e+01
3.639999999999999858e+01
4.050000000000000000e+01
6.479999999999999716e+01
3.180000000000000071e+01
4.489999999999999858e+01
2.130000000000000071e+01
2.110000000000000142e+01
4.800000000000000000e+01
3.989999999999999858e+01
4.000000000000000000e+01
2.400000000000000000e+01
2.350000000000000000e+01
2.839999999999999858e+01
2.700000000000000000e+01
4.139999999999999858e+01
2.800000000000000000e+01
3.720000000000000284e+01
2.269999999999999929e+01
1.390000000000000036e+01
1.600000000000000000e+01
1.240000000000000036e+01
1.219999999999999929e+01
1.889999999999999858e+01
4.139999999999999858e+01
2.800000000000000000e+01
1.780000000000000071e+01
3.720000000000000284e+01
2.269999999999999929e+01
1.519999999999999929e+01
4.660000000000000142e+01
1.550000000000000000e+01
1.750000000000000000e+01
2.139999999999999858e+01
5.639999999999999858e+01
3.360000000000000142e+01
