4.589999999999999858e+01
2.850000000000000000e+01
1.930000000000000071e+01
1.469999999999999929e+01
2.310000000000000142e+01
4.120000000000000284e+01
3.030000000000000071e+01
3.030000000000000071e+01
2.969999999999999929e+01
3.320000000000000284e+01
2.010000000000000142e+01
4.079999999999999716e+01
2.269999999999999929e+01
3.239999999999999858e+01
3.119999999999999929e+01
2.010000000000000142e+01
3.870000000000000284e+01
2.630000000000000071e+01
3.030000000000000071e+01
2.969999999999999929e+01
3.320000000000000284e+01
2.010000000000000142e+01
4.079999999999999716e+01
2.269999999999999929e+01
3.239999999999999858e+01
3.119999999999999929e+01
2.010000000000000142e+01
3.870000000000000284e+01
2.630000000000000071e+01
3.030000000000000071e+01
2.969999999999999929e+01
3.320000000000000284e+01
2.010000000000000142e+01
4.079999999999999716e+01
3.030000000000000071e+01
2.969999999999999929e+01
3.320000000000000284e+01
