3.920000000000000284e+01
3.620000000000000284e+01
1.109999999999999964e+01
2.350000000000000000e+01
2.739999999999999858e+01
3.870000000000000284e+01
2.739999999999999858e+01
3.760000000000000142e+01
5.589999999999999858e+01
4.200000000000000000e+01
5.679999999999999716e+01
3.689999999999999858e+01
3.700000000000000000e+01
4.079999999999999716e+01
5.139999999999999858e+01
3.019999999999999929e+01
4.200000000000000000e+01
5.679999999999999716e+01
3.689999999999999858e+01
3.700000000000000000e+01
4.079999999999999716e+01
