7.570000000000000284e+01
2.250000000000000000e+01
3.739999999999999858e+01
3.839999999999999858e+01
2.010000000000000142e+01
1.559999999999999964e+01
3.479999999999999716e+01
3.060000000000000142e+01
2.619999999999999929e+01
4.129999999999999716e+01
2.689999999999999858e+01
3.479999999999999716e+01
3.060000000000000142e+01
4.129999999999999716e+01
2.689999999999999858e+01
3.789999999999999858e+01
3.829999999999999716e+01
3.629999999999999716e+01
3.339999999999999858e+01
5.020000000000000284e+01
3.050000000000000000e+01
3.850000000000000000e+01
5.470000000000000284e+01
2.739999999999999858e+01
3.910000000000000142e+01
4.150000000000000000e+01
3.119999999999999929e+01
3.750000000000000000e+01
6.279999999999999716e+01
2.869999999999999929e+01
3.239999999999999858e+01
4.170000000000000284e+01
3.119999999999999929e+01
3.750000000000000000e+01
6.279999999999999716e+01
2.869999999999999929e+01
