5.160000000000000142e+01
3.379999999999999716e+01
8.740000000000000568e+01
2.789999999999999858e+01
3.500000000000000000e+01
4.270000000000000284e+01
1.390000000000000036e+01
1.140000000000000036e+01
1.369999999999999929e+01
3.810000000000000142e+01
3.410000000000000142e+01
2.239999999999999858e+01
3.810000000000000142e+01
3.410000000000000142e+01
2.239999999999999858e+01
2.939999999999999858e+01
2.169999999999999929e+01
3.720000000000000284e+01
7.109999999999999432e+01
4.700000000000000000e+01
2.610000000000000142e+01
4.270000000000000284e+01
3.970000000000000284e+01
2.630000000000000071e+01
2.769999999999999929e+01
4.189999999999999858e+01
2.639999999999999858e+01
3.039999999999999858e+01
2.319999999999999929e+01
4.179999999999999716e+01
2.400000000000000000e+01
2.960000000000000142e+01
4.210000000000000142e+01
3.050000000000000000e+01
3.810000000000000142e+01
3.410000000000000142e+01
2.239999999999999858e+01
2.939999999999999858e+01
2.169999999999999929e+01
3.720000000000000284e+01
7.109999999999999432e+01
4.700000000000000000e+01
2.610000000000000142e+01
4.270000000000000284e+01
3.970000000000000284e+01
2.630000000000000071e+01
2.769999999999999929e+01
4.189999999999999858e+01
2.639999999999999858e+01
3.039999999999999858e+01
2.319999999999999929e+01
4.179999999999999716e+01
2.400000000000000000e+01
2.960000000000000142e+01
4.210000000000000142e+01
3.050000000000000000e+01
3.810000000000000142e+01
3.410000000000000142e+01
2.239999999999999858e+01
2.169999999999999929e+01
3.720000000000000284e+01
7.109999999999999432e+01
4.700000000000000000e+01
2.610000000000000142e+01
4.270000000000000284e+01
3.970000000000000284e+01
2.630000000000000071e+01
3.810000000000000142e+01
3.410000000000000142e+01
2.239999999999999858e+01
2.169999999999999929e+01
3.720000000000000284e+01
7.109999999999999432e+01
4.700000000000000000e+01
2.610000000000000142e+01
4.270000000000000284e+01
