1.739999999999999858e+01
2.330000000000000071e+01
1.009999999999999964e+01
2.060000000000000142e+01
3.900000000000000000e+01
2.980000000000000071e+01
4.129999999999999716e+01
3.579999999999999716e+01
2.580000000000000071e+01
4.979999999999999716e+01
3.720000000000000284e+01
3.760000000000000142e+01
4.539999999999999858e+01
2.419999999999999929e+01
7.140000000000000568e+01
4.279999999999999716e+01
4.129999999999999716e+01
3.579999999999999716e+01
2.580000000000000071e+01
4.979999999999999716e+01
3.720000000000000284e+01
3.760000000000000142e+01
