2.010000000000000142e+01
1.259999999999999964e+01
2.939999999999999858e+01
6.020000000000000284e+01
2.830000000000000071e+01
2.469999999999999929e+01
5.910000000000000142e+01
3.210000000000000142e+01
2.469999999999999929e+01
5.910000000000000142e+01
3.210000000000000142e+01
2.419999999999999929e+01
3.130000000000000071e+01
5.829999999999999716e+01
5.520000000000000284e+01
3.189999999999999858e+01
4.389999999999999858e+01
3.800000000000000000e+01
2.219999999999999929e+01
3.010000000000000142e+01
2.780000000000000071e+01
3.610000000000000142e+01
3.189999999999999858e+01
4.389999999999999858e+01
3.800000000000000000e+01
2.219999999999999929e+01
3.010000000000000142e+01
