2.030000000000000071e+01
3.639999999999999858e+01
1.789999999999999858e+01
2.069999999999999929e+01
2.610000000000000142e+01
2.819999999999999929e+01
1.960000000000000142e+01
9.000000000000000000e+00
7.599999999999999645e+00
5.299999999999999822e+00
6.900000000000000355e+00
1.960000000000000142e+01
9.350000000000000000e+01
5.900000000000000355e+00
2.889999999999999858e+01
3.000000000000000000e+00
0.000000000000000000e+00
0.000000000000000000e+00
0.000000000000000000e+00
4.099999999999999645e+00
0.000000000000000000e+00
0.000000000000000000e+00
1.000000000000000000e+00
0.000000000000000000e+00
0.000000000000000000e+00
0.000000000000000000e+00
0.000000000000000000e+00
0.000000000000000000e+00
0.000000000000000000e+00
0.000000000000000000e+00
0.000000000000000000e+00
0.000000000000000000e+00
0.000000000000000000e+00
0.000000000000000000e+00
0.000000000000000000e+00
1.250000000000000000e+01
1.469999999999999929e+01
1.509999999999999964e+01
3.989999999999999858e+01
1.269999999999999929e+01
3.360000000000000142e+01
3.080000000000000071e+01
3.529999999999999716e+01
2.630000000000000071e+01
2.250000000000000000e+01
2.110000000000000142e+01
