3.750000000000000000e+01
3.929999999999999716e+01
3.889999999999999858e+01
2.930000000000000071e+01
9.000000000000000000e+01
3.839999999999999858e+01
3.829999999999999716e+01
5.250000000000000000e+01
2.639999999999999858e+01
3.829999999999999716e+01
5.250000000000000000e+01
2.639999999999999858e+01
3.420000000000000284e+01
7.090000000000000568e+01
3.560000000000000142e+01
2.169999999999999929e+01
2.800000000000000000e+01
3.460000000000000142e+01
4.010000000000000142e+01
3.360000000000000142e+01
3.860000000000000142e+01
2.050000000000000000e+01
3.789999999999999858e+01
4.370000000000000284e+01
2.789999999999999858e+01
3.460000000000000142e+01
4.010000000000000142e+01
3.360000000000000142e+01
