4.720000000000000284e+01
2.660000000000000142e+01
4.120000000000000284e+01
2.800000000000000000e+01
3.629999999999999716e+01
3.629999999999999716e+01
4.320000000000000284e+01
6.139999999999999858e+01
2.210000000000000142e+01
4.220000000000000284e+01
3.760000000000000142e+01
4.079999999999999716e+01
3.500000000000000000e+01
4.350000000000000000e+01
2.260000000000000142e+01
3.510000000000000142e+01
3.310000000000000142e+01
2.219999999999999929e+01
2.200000000000000000e+01
3.770000000000000284e+01
3.510000000000000142e+01
3.310000000000000142e+01
2.219999999999999929e+01
2.200000000000000000e+01
