3.130000000000000071e+01
1.330000000000000071e+01
3.550000000000000000e+01
3.910000000000000142e+01
2.910000000000000142e+01
2.000000000000000000e+01
3.670000000000000284e+01
3.500000000000000000e+01
2.219999999999999929e+01
2.400000000000000000e+01
2.710000000000000142e+01
2.219999999999999929e+01
2.400000000000000000e+01
2.710000000000000142e+01
4.610000000000000142e+01
2.869999999999999929e+01
3.779999999999999716e+01
2.210000000000000142e+01
2.969999999999999929e+01
2.280000000000000071e+01
3.550000000000000000e+01
3.510000000000000142e+01
2.689999999999999858e+01
4.310000000000000142e+01
3.539999999999999858e+01
7.259999999999999432e+01
2.930000000000000071e+01
4.250000000000000000e+01
3.119999999999999929e+01
3.310000000000000142e+01
2.880000000000000071e+01
3.150000000000000000e+01
3.260000000000000142e+01
2.689999999999999858e+01
2.869999999999999929e+01
2.030000000000000071e+01
2.560000000000000142e+01
2.319999999999999929e+01
0.000000000000000000e+00
0.000000000000000000e+00
0.000000000000000000e+00
0.000000000000000000e+00
0.000000000000000000e+00
0.000000000000000000e+00
0.000000000000000000e+00
5.000000000000000000e+00
0.000000000000000000e+00
0.000000000000000000e+00
0.000000000000000000e+00
3.039999999999999858e+01
0.000000000000000000e+00
1.180000000000000071e+01
5.299999999999999822e+00
0.000000000000000000e+00
0.000000000000000000e+00
0.000000000000000000e+00
0.000000000000000000e+00
2.899999999999999911e+00
2.219999999999999929e+01
2.400000000000000000e+01
2.710000000000000142e+01
4.610000000000000142e+01
2.869999999999999929e+01
3.779999999999999716e+01
2.210000000000000142e+01
2.969999999999999929e+01
3.550000000000000000e+01
3.510000000000000142e+01
4.310000000000000142e+01
3.539999999999999858e+01
7.259999999999999432e+01
2.930000000000000071e+01
4.250000000000000000e+01
3.119999999999999929e+01
3.310000000000000142e+01
2.880000000000000071e+01
3.150000000000000000e+01
2.689999999999999858e+01
2.869999999999999929e+01
2.219999999999999929e+01
2.400000000000000000e+01
2.710000000000000142e+01
4.610000000000000142e+01
2.869999999999999929e+01
3.779999999999999716e+01
2.210000000000000142e+01
2.969999999999999929e+01
3.550000000000000000e+01
3.510000000000000142e+01
4.310000000000000142e+01
3.539999999999999858e+01
