3.829999999999999716e+01
6.370000000000000284e+01
2.980000000000000071e+01
2.139999999999999858e+01
5.189999999999999858e+01
2.889999999999999858e+01
5.439999999999999858e+01
2.810000000000000142e+01
2.819999999999999929e+01
3.660000000000000142e+01
3.510000000000000142e+01
3.200000000000000000e+01
2.819999999999999929e+01
3.510000000000000142e+01
3.200000000000000000e+01
6.110000000000000142e+01
4.600000000000000000e+01
3.200000000000000000e+01
4.100000000000000000e+01
6.959999999999999432e+01
2.310000000000000142e+01
3.579999999999999716e+01
2.310000000000000142e+01
3.579999999999999716e+01
