2.969999999999999929e+01
3.950000000000000000e+01
1.450000000000000000e+01
1.200000000000000000e+01
3.810000000000000142e+01
3.779999999999999716e+01
1.550000000000000000e+01
3.080000000000000071e+01
2.989999999999999858e+01
8.900000000000000355e+00
7.400000000000000355e+00
6.400000000000000355e+00
5.000000000000000000e+00
8.199999999999999289e+00
6.200000000000000178e+00
6.400000000000000355e+00
5.400000000000000355e+00
3.080000000000000071e+01
2.989999999999999858e+01
4.070000000000000284e+01
3.739999999999999858e+01
6.099999999999999645e+00
2.339999999999999858e+01
0.000000000000000000e+00
0.000000000000000000e+00
0.000000000000000000e+00
0.000000000000000000e+00
0.000000000000000000e+00
0.000000000000000000e+00
0.000000000000000000e+00
0.000000000000000000e+00
0.000000000000000000e+00
0.000000000000000000e+00
0.000000000000000000e+00
0.000000000000000000e+00
0.000000000000000000e+00
0.000000000000000000e+00
0.000000000000000000e+00
0.000000000000000000e+00
0.000000000000000000e+00
0.000000000000000000e+00
1.500000000000000000e+00
1.419999999999999929e+01
1.900000000000000000e+01
3.220000000000000284e+01
4.310000000000000142e+01
2.960000000000000142e+01
4.510000000000000142e+01
3.779999999999999716e+01
1.369999999999999929e+01
2.030000000000000071e+01
4.500000000000000000e+01
3.210000000000000142e+01
4.660000000000000142e+01
