5.870000000000000284e+01
4.600000000000000000e+01
2.730000000000000071e+01
2.960000000000000142e+01
2.900000000000000000e+01
2.439999999999999858e+01
3.229999999999999716e+01
3.229999999999999716e+01
3.660000000000000142e+01
3.979999999999999716e+01
2.710000000000000142e+01
2.650000000000000000e+01
2.980000000000000071e+01
2.380000000000000071e+01
4.710000000000000142e+01
2.610000000000000142e+01
2.710000000000000142e+01
2.389999999999999858e+01
2.839999999999999858e+01
4.229999999999999716e+01
2.650000000000000000e+01
2.980000000000000071e+01
2.380000000000000071e+01
4.710000000000000142e+01
