2.689999999999999858e+01
2.569999999999999929e+01
4.220000000000000284e+01
3.520000000000000284e+01
2.189999999999999858e+01
4.020000000000000284e+01
6.990000000000000568e+01
2.480000000000000071e+01
3.729999999999999716e+01
2.480000000000000071e+01
3.729999999999999716e+01
3.779999999999999716e+01
3.289999999999999858e+01
4.079999999999999716e+01
6.600000000000000000e+01
2.289999999999999858e+01
7.059999999999999432e+01
4.220000000000000284e+01
2.550000000000000000e+01
3.570000000000000284e+01
3.189999999999999858e+01
4.220000000000000284e+01
2.550000000000000000e+01
