2.500000000000000000e+01
2.569999999999999929e+01
5.029999999999999716e+01
2.719999999999999929e+01
2.060000000000000142e+01
1.600000000000000000e+01
1.769999999999999929e+01
4.470000000000000284e+01
2.069999999999999929e+01
6.339999999999999858e+01
1.780000000000000071e+01
1.309999999999999964e+01
6.799999999999999822e+00
5.700000000000000178e+00
9.599999999999999645e+00
7.799999999999999822e+00
7.299999999999999822e+00
2.069999999999999929e+01
6.339999999999999858e+01
1.780000000000000071e+01
1.309999999999999964e+01
2.280000000000000071e+01
9.300000000000000711e+00
5.539999999999999858e+01
0.000000000000000000e+00
1.600000000000000089e+00
0.000000000000000000e+00
0.000000000000000000e+00
0.000000000000000000e+00
0.000000000000000000e+00
6.999999999999999556e-01
0.000000000000000000e+00
0.000000000000000000e+00
0.000000000000000000e+00
0.000000000000000000e+00
0.000000000000000000e+00
0.000000000000000000e+00
0.000000000000000000e+00
0.000000000000000000e+00
0.000000000000000000e+00
0.000000000000000000e+00
0.000000000000000000e+00
1.980000000000000071e+01
1.300000000000000000e+01
1.860000000000000142e+01
3.000000000000000000e+01
4.410000000000000142e+01
1.590000000000000036e+01
5.079999999999999716e+01
4.050000000000000000e+01
1.830000000000000071e+01
2.860000000000000142e+01
2.719999999999999929e+01
2.089999999999999858e+01
