1.739999999999999858e+01
1.669999999999999929e+01
4.079999999999999716e+01
2.019999999999999929e+01
4.570000000000000284e+01
2.030000000000000071e+01
4.189999999999999858e+01
3.189999999999999858e+01
2.539999999999999858e+01
2.600000000000000000e+01
4.510000000000000142e+01
3.779999999999999716e+01
2.700000000000000000e+01
5.060000000000000142e+01
2.010000000000000142e+01
9.459999999999999432e+01
3.650000000000000000e+01
2.789999999999999858e+01
3.910000000000000142e+01
7.350000000000000000e+01
2.600000000000000000e+01
4.510000000000000142e+01
3.779999999999999716e+01
2.700000000000000000e+01
