2.289999999999999858e+01
3.950000000000000000e+01
2.739999999999999858e+01
3.529999999999999716e+01
4.429999999999999716e+01
3.650000000000000000e+01
2.839999999999999858e+01
3.010000000000000142e+01
4.639999999999999858e+01
3.010000000000000142e+01
4.639999999999999858e+01
3.239999999999999858e+01
5.350000000000000000e+01
5.200000000000000000e+01
4.410000000000000142e+01
2.760000000000000142e+01
3.370000000000000284e+01
2.710000000000000142e+01
2.360000000000000142e+01
4.300000000000000000e+01
4.410000000000000142e+01
2.760000000000000142e+01
3.370000000000000284e+01
2.710000000000000142e+01
