3.550000000000000000e+01
3.529999999999999716e+01
1.789999999999999858e+01
1.230000000000000071e+01
1.409999999999999964e+01
2.750000000000000000e+01
2.560000000000000142e+01
1.960000000000000142e+01
1.290000000000000036e+01
4.889999999999999858e+01
2.689999999999999858e+01
3.510000000000000142e+01
1.789999999999999858e+01
3.839999999999999858e+01
1.290000000000000036e+01
3.650000000000000000e+01
3.839999999999999858e+01
3.650000000000000000e+01
3.760000000000000142e+01
3.180000000000000071e+01
3.420000000000000284e+01
3.479999999999999716e+01
4.089999999999999858e+01
2.430000000000000071e+01
2.760000000000000142e+01
2.050000000000000000e+01
2.619999999999999929e+01
3.750000000000000000e+01
3.360000000000000142e+01
4.329999999999999716e+01
3.500000000000000000e+01
3.060000000000000142e+01
4.150000000000000000e+01
2.700000000000000000e+01
2.760000000000000142e+01
2.339999999999999858e+01
2.689999999999999858e+01
2.980000000000000071e+01
3.010000000000000142e+01
2.000000000000000000e+01
2.200000000000000000e+01
3.010000000000000142e+01
2.069999999999999929e+01
0.000000000000000000e+00
0.000000000000000000e+00
0.000000000000000000e+00
0.000000000000000000e+00
0.000000000000000000e+00
0.000000000000000000e+00
2.989999999999999858e+01
0.000000000000000000e+00
3.910000000000000142e+01
0.000000000000000000e+00
0.000000000000000000e+00
0.000000000000000000e+00
3.989999999999999858e+01
0.000000000000000000e+00
0.000000000000000000e+00
0.000000000000000000e+00
0.000000000000000000e+00
6.400000000000000355e+00
0.000000000000000000e+00
0.000000000000000000e+00
2.000000000000000111e-01
0.000000000000000000e+00
0.000000000000000000e+00
0.000000000000000000e+00
0.000000000000000000e+00
0.000000000000000000e+00
0.000000000000000000e+00
0.000000000000000000e+00
0.000000000000000000e+00
0.000000000000000000e+00
0.000000000000000000e+00
0.000000000000000000e+00
0.000000000000000000e+00
0.000000000000000000e+00
0.000000000000000000e+00
1.199999999999999956e+00
0.000000000000000000e+00
6.799999999999999822e+00
0.000000000000000000e+00
0.000000000000000000e+00
0.000000000000000000e+00
0.000000000000000000e+00
0.000000000000000000e+00
3.839999999999999858e+01
3.650000000000000000e+01
3.760000000000000142e+01
3.180000000000000071e+01
3.420000000000000284e+01
3.479999999999999716e+01
2.430000000000000071e+01
2.760000000000000142e+01
2.050000000000000000e+01
2.619999999999999929e+01
3.750000000000000000e+01
3.360000000000000142e+01
4.329999999999999716e+01
3.500000000000000000e+01
3.060000000000000142e+01
4.150000000000000000e+01
2.700000000000000000e+01
2.760000000000000142e+01
2.339999999999999858e+01
2.689999999999999858e+01
2.980000000000000071e+01
2.000000000000000000e+01
2.200000000000000000e+01
3.839999999999999858e+01
3.650000000000000000e+01
3.760000000000000142e+01
3.180000000000000071e+01
3.420000000000000284e+01
3.479999999999999716e+01
2.430000000000000071e+01
2.760000000000000142e+01
2.050000000000000000e+01
2.619999999999999929e+01
3.750000000000000000e+01
3.360000000000000142e+01
4.329999999999999716e+01
3.500000000000000000e+01
3.060000000000000142e+01
