3.460000000000000142e+01
1.300000000000000000e+01
1.590000000000000036e+01
4.310000000000000142e+01
4.370000000000000284e+01
7.590000000000000568e+01
1.359999999999999964e+01
2.669999999999999929e+01
2.500000000000000000e+01
1.440000000000000036e+01
1.459999999999999964e+01
1.459999999999999964e+01
3.910000000000000142e+01
2.350000000000000000e+01
2.400000000000000000e+01
2.169999999999999929e+01
3.910000000000000142e+01
2.350000000000000000e+01
2.400000000000000000e+01
2.169999999999999929e+01
3.420000000000000284e+01
2.260000000000000142e+01
3.050000000000000000e+01
3.229999999999999716e+01
4.039999999999999858e+01
3.600000000000000000e+01
3.960000000000000142e+01
3.479999999999999716e+01
3.939999999999999858e+01
3.520000000000000284e+01
2.250000000000000000e+01
2.110000000000000142e+01
4.039999999999999858e+01
3.600000000000000000e+01
3.960000000000000142e+01
3.479999999999999716e+01
3.939999999999999858e+01
3.520000000000000284e+01
