4.679999999999999716e+01
2.830000000000000071e+01
2.200000000000000000e+01
3.639999999999999858e+01
2.330000000000000071e+01
4.360000000000000142e+01
3.220000000000000284e+01
2.669999999999999929e+01
4.050000000000000000e+01
3.250000000000000000e+01
2.530000000000000071e+01
3.339999999999999858e+01
2.119999999999999929e+01
2.689999999999999858e+01
2.850000000000000000e+01
2.450000000000000000e+01
3.180000000000000071e+01
3.829999999999999716e+01
2.319999999999999929e+01
3.089999999999999858e+01
3.180000000000000071e+01
3.829999999999999716e+01
2.319999999999999929e+01
