3.100000000000000000e+01
1.319999999999999929e+01
4.039999999999999858e+01
4.070000000000000284e+01
3.720000000000000284e+01
3.870000000000000284e+01
1.369999999999999929e+01
4.160000000000000142e+01
3.119999999999999929e+01
4.470000000000000284e+01
7.299999999999999822e+00
5.599999999999999645e+00
4.070000000000000284e+01
3.720000000000000284e+01
3.870000000000000284e+01
1.369999999999999929e+01
4.160000000000000142e+01
3.119999999999999929e+01
4.470000000000000284e+01
2.480000000000000071e+01
8.900000000000000355e+00
2.750000000000000000e+01
1.090000000000000036e+01
4.299999999999999822e+00
0.000000000000000000e+00
0.000000000000000000e+00
0.000000000000000000e+00
0.000000000000000000e+00
0.000000000000000000e+00
0.000000000000000000e+00
0.000000000000000000e+00
0.000000000000000000e+00
0.000000000000000000e+00
0.000000000000000000e+00
0.000000000000000000e+00
0.000000000000000000e+00
1.600000000000000000e+01
1.819999999999999929e+01
3.689999999999999858e+01
2.730000000000000071e+01
3.670000000000000284e+01
3.600000000000000000e+01
1.590000000000000036e+01
2.800000000000000000e+01
3.670000000000000284e+01
