3.210000000000000142e+01
1.760000000000000142e+01
2.619999999999999929e+01
2.669999999999999929e+01
3.050000000000000000e+01
2.669999999999999929e+01
4.070000000000000284e+01
2.619999999999999929e+01
3.050000000000000000e+01
2.619999999999999929e+01
3.050000000000000000e+01
2.089999999999999858e+01
2.610000000000000142e+01
3.710000000000000142e+01
8.009999999999999432e+01
3.160000000000000142e+01
3.180000000000000071e+01
3.710000000000000142e+01
8.009999999999999432e+01
3.160000000000000142e+01
3.180000000000000071e+01
2.239999999999999858e+01
3.150000000000000000e+01
1.140000000000000036e+01
1.880000000000000071e+01
3.019999999999999929e+01
