3.629999999999999716e+01
6.089999999999999858e+01
1.359999999999999964e+01
3.060000000000000142e+01
1.869999999999999929e+01
1.440000000000000036e+01
1.159999999999999964e+01
2.019999999999999929e+01
2.919999999999999929e+01
2.169999999999999929e+01
3.870000000000000284e+01
1.190000000000000036e+01
1.989999999999999858e+01
2.260000000000000142e+01
3.039999999999999858e+01
2.839999999999999858e+01
3.289999999999999858e+01
4.250000000000000000e+01
3.279999999999999716e+01
3.600000000000000000e+01
4.889999999999999858e+01
6.609999999999999432e+01
2.119999999999999929e+01
0.000000000000000000e+00
0.000000000000000000e+00
0.000000000000000000e+00
2.950000000000000000e+01
0.000000000000000000e+00
0.000000000000000000e+00
0.000000000000000000e+00
2.130000000000000071e+01
0.000000000000000000e+00
0.000000000000000000e+00
0.000000000000000000e+00
0.000000000000000000e+00
0.000000000000000000e+00
2.689999999999999858e+01
0.000000000000000000e+00
0.000000000000000000e+00
0.000000000000000000e+00
0.000000000000000000e+00
0.000000000000000000e+00
2.260000000000000142e+01
3.289999999999999858e+01
3.279999999999999716e+01
3.600000000000000000e+01
4.889999999999999858e+01
6.609999999999999432e+01
2.260000000000000142e+01
3.289999999999999858e+01
3.279999999999999716e+01
