1.309999999999999964e+01
2.869999999999999929e+01
1.839999999999999858e+01
4.820000000000000284e+01
2.310000000000000142e+01
2.469999999999999929e+01
3.000000000000000000e+01
2.160000000000000142e+01
4.139999999999999858e+01
2.610000000000000142e+01
4.720000000000000284e+01
3.200000000000000000e+01
3.460000000000000142e+01
4.110000000000000142e+01
3.080000000000000071e+01
6.229999999999999716e+01
4.370000000000000284e+01
3.420000000000000284e+01
2.010000000000000142e+01
3.460000000000000142e+01
4.110000000000000142e+01
3.080000000000000071e+01
6.229999999999999716e+01
4.370000000000000284e+01
3.420000000000000284e+01
2.010000000000000142e+01
2.519999999999999929e+01
2.830000000000000071e+01
4.010000000000000142e+01
3.069999999999999929e+01
3.779999999999999716e+01
2.869999999999999929e+01
2.700000000000000000e+01
3.610000000000000142e+01
2.260000000000000142e+01
2.989999999999999858e+01
3.639999999999999858e+01
2.130000000000000071e+01
2.669999999999999929e+01
3.700000000000000000e+01
5.679999999999999716e+01
4.329999999999999716e+01
2.550000000000000000e+01
2.589999999999999858e+01
2.750000000000000000e+01
2.430000000000000071e+01
2.869999999999999929e+01
3.119999999999999929e+01
3.550000000000000000e+01
3.710000000000000142e+01
3.500000000000000000e+01
2.739999999999999858e+01
3.439999999999999858e+01
3.329999999999999716e+01
3.510000000000000142e+01
7.790000000000000568e+01
3.929999999999999716e+01
2.160000000000000142e+01
4.050000000000000000e+01
3.000000000000000000e+01
4.189999999999999858e+01
1.480000000000000071e+01
2.960000000000000142e+01
0.000000000000000000e+00
0.000000000000000000e+00
0.000000000000000000e+00
0.000000000000000000e+00
7.599999999999999645e+00
0.000000000000000000e+00
0.000000000000000000e+00
3.889999999999999858e+01
0.000000000000000000e+00
2.780000000000000071e+01
0.000000000000000000e+00
2.139999999999999858e+01
2.739999999999999858e+01
0.000000000000000000e+00
0.000000000000000000e+00
5.979999999999999716e+01
3.279999999999999716e+01
0.000000000000000000e+00
0.000000000000000000e+00
0.000000000000000000e+00
0.000000000000000000e+00
0.000000000000000000e+00
2.169999999999999929e+01
0.000000000000000000e+00
0.000000000000000000e+00
2.310000000000000142e+01
5.799999999999999822e+00
5.599999999999999645e+00
0.000000000000000000e+00
0.000000000000000000e+00
5.060000000000000142e+01
1.119999999999999929e+01
0.000000000000000000e+00
4.299999999999999822e+00
0.000000000000000000e+00
0.000000000000000000e+00
2.450000000000000000e+01
0.000000000000000000e+00
0.000000000000000000e+00
1.550000000000000000e+01
0.000000000000000000e+00
1.899999999999999911e+00
0.000000000000000000e+00
0.000000000000000000e+00
0.000000000000000000e+00
0.000000000000000000e+00
4.339999999999999858e+01
0.000000000000000000e+00
0.000000000000000000e+00
0.000000000000000000e+00
3.460000000000000142e+01
4.110000000000000142e+01
6.229999999999999716e+01
4.370000000000000284e+01
2.010000000000000142e+01
4.010000000000000142e+01
3.779999999999999716e+01
2.869999999999999929e+01
3.610000000000000142e+01
2.260000000000000142e+01
2.989999999999999858e+01
2.130000000000000071e+01
2.669999999999999929e+01
3.700000000000000000e+01
5.679999999999999716e+01
4.329999999999999716e+01
2.550000000000000000e+01
2.589999999999999858e+01
2.430000000000000071e+01
2.869999999999999929e+01
3.119999999999999929e+01
3.550000000000000000e+01
2.739999999999999858e+01
3.439999999999999858e+01
3.329999999999999716e+01
3.510000000000000142e+01
7.790000000000000568e+01
3.929999999999999716e+01
3.460000000000000142e+01
4.110000000000000142e+01
6.229999999999999716e+01
4.370000000000000284e+01
2.010000000000000142e+01
4.010000000000000142e+01
3.779999999999999716e+01
2.869999999999999929e+01
3.610000000000000142e+01
2.260000000000000142e+01
2.989999999999999858e+01
2.130000000000000071e+01
2.669999999999999929e+01
3.700000000000000000e+01
5.679999999999999716e+01
4.329999999999999716e+01
