5.020000000000000284e+01
7.790000000000000568e+01
4.689999999999999858e+01
4.470000000000000284e+01
3.489999999999999858e+01
3.379999999999999716e+01
2.080000000000000071e+01
2.419999999999999929e+01
7.790000000000000568e+01
4.689999999999999858e+01
4.470000000000000284e+01
3.489999999999999858e+01
3.379999999999999716e+01
2.080000000000000071e+01
2.419999999999999929e+01
7.790000000000000568e+01
4.689999999999999858e+01
4.470000000000000284e+01
3.489999999999999858e+01
7.790000000000000568e+01
4.689999999999999858e+01
