3.739999999999999858e+01
2.360000000000000142e+01
3.850000000000000000e+01
1.700000000000000000e+01
1.419999999999999929e+01
3.779999999999999716e+01
1.830000000000000071e+01
8.500000000000000000e+00
1.830000000000000071e+01
2.969999999999999929e+01
0.000000000000000000e+00
0.000000000000000000e+00
0.000000000000000000e+00
0.000000000000000000e+00
0.000000000000000000e+00
0.000000000000000000e+00
0.000000000000000000e+00
0.000000000000000000e+00
5.999999999999999778e-01
5.000000000000000000e-01
0.000000000000000000e+00
4.739999999999999858e+01
3.679999999999999716e+01
3.080000000000000071e+01
3.950000000000000000e+01
3.670000000000000284e+01
3.229999999999999716e+01
3.579999999999999716e+01
2.750000000000000000e+01
3.670000000000000284e+01
