3.729999999999999716e+01
3.589999999999999858e+01
6.060000000000000142e+01
2.389999999999999858e+01
6.060000000000000142e+01
2.389999999999999858e+01
4.220000000000000284e+01
3.050000000000000000e+01
3.760000000000000142e+01
9.179999999999999716e+01
4.139999999999999858e+01
9.190000000000000568e+01
9.170000000000000284e+01
2.769999999999999929e+01
2.260000000000000142e+01
2.189999999999999858e+01
4.979999999999999716e+01
3.850000000000000000e+01
9.240000000000000568e+01
9.179999999999999716e+01
5.120000000000000284e+01
3.050000000000000000e+01
2.950000000000000000e+01
2.260000000000000142e+01
2.189999999999999858e+01
4.979999999999999716e+01
