2.150000000000000000e+01
3.620000000000000284e+01
7.099999999999999645e+00
3.750000000000000000e+01
1.300000000000000000e+01
3.500000000000000000e+01
0.000000000000000000e+00
0.000000000000000000e+00
0.000000000000000000e+00
0.000000000000000000e+00
0.000000000000000000e+00
0.000000000000000000e+00
0.000000000000000000e+00
0.000000000000000000e+00
1.930000000000000071e+01
2.550000000000000000e+01
4.750000000000000000e+01
3.080000000000000071e+01
3.579999999999999716e+01
3.119999999999999929e+01
2.110000000000000142e+01
2.550000000000000000e+01
