2.269999999999999929e+01
2.969999999999999929e+01
4.339999999999999858e+01
3.260000000000000142e+01
2.880000000000000071e+01
3.060000000000000142e+01
6.229999999999999716e+01
1.910000000000000142e+01
2.380000000000000071e+01
2.730000000000000071e+01
2.800000000000000000e+01
2.750000000000000000e+01
6.779999999999999716e+01
3.550000000000000000e+01
2.089999999999999858e+01
2.550000000000000000e+01
4.210000000000000142e+01
2.610000000000000142e+01
4.150000000000000000e+01
2.800000000000000000e+01
2.480000000000000071e+01
2.200000000000000000e+01
2.719999999999999929e+01
2.869999999999999929e+01
2.150000000000000000e+01
5.850000000000000000e+01
2.880000000000000071e+01
0.000000000000000000e+00
0.000000000000000000e+00
3.069999999999999929e+01
0.000000000000000000e+00
0.000000000000000000e+00
0.000000000000000000e+00
0.000000000000000000e+00
0.000000000000000000e+00
0.000000000000000000e+00
3.189999999999999858e+01
0.000000000000000000e+00
0.000000000000000000e+00
0.000000000000000000e+00
7.099999999999999645e+00
3.970000000000000284e+01
0.000000000000000000e+00
0.000000000000000000e+00
0.000000000000000000e+00
0.000000000000000000e+00
0.000000000000000000e+00
0.000000000000000000e+00
0.000000000000000000e+00
0.000000000000000000e+00
0.000000000000000000e+00
0.000000000000000000e+00
2.380000000000000071e+01
2.730000000000000071e+01
2.800000000000000000e+01
2.750000000000000000e+01
6.779999999999999716e+01
3.550000000000000000e+01
2.550000000000000000e+01
4.210000000000000142e+01
2.610000000000000142e+01
4.150000000000000000e+01
2.800000000000000000e+01
2.480000000000000071e+01
2.200000000000000000e+01
2.719999999999999929e+01
2.869999999999999929e+01
5.850000000000000000e+01
2.380000000000000071e+01
2.730000000000000071e+01
2.800000000000000000e+01
2.750000000000000000e+01
6.779999999999999716e+01
3.550000000000000000e+01
2.550000000000000000e+01
