2.510000000000000142e+01
2.239999999999999858e+01
3.750000000000000000e+01
2.930000000000000071e+01
3.089999999999999858e+01
6.160000000000000142e+01
2.280000000000000071e+01
1.860000000000000142e+01
1.719999999999999929e+01
2.239999999999999858e+01
3.360000000000000142e+01
4.550000000000000000e+01
1.900000000000000000e+01
5.879999999999999716e+01
5.489999999999999858e+01
2.510000000000000142e+01
1.780000000000000071e+01
1.980000000000000071e+01
6.389999999999999858e+01
1.009999999999999964e+01
3.180000000000000071e+01
2.930000000000000071e+01
2.989999999999999858e+01
2.139999999999999858e+01
2.200000000000000000e+01
5.489999999999999858e+01
6.389999999999999858e+01
3.180000000000000071e+01
2.930000000000000071e+01
2.989999999999999858e+01
2.200000000000000000e+01
3.739999999999999858e+01
3.150000000000000000e+01
2.280000000000000071e+01
3.529999999999999716e+01
2.789999999999999858e+01
3.910000000000000142e+01
3.779999999999999716e+01
3.710000000000000142e+01
3.150000000000000000e+01
4.660000000000000142e+01
3.579999999999999716e+01
2.919999999999999929e+01
3.539999999999999858e+01
3.370000000000000284e+01
2.450000000000000000e+01
2.119999999999999929e+01
3.579999999999999716e+01
4.870000000000000284e+01
3.010000000000000142e+01
2.289999999999999858e+01
3.510000000000000142e+01
3.169999999999999929e+01
5.300000000000000000e+01
2.900000000000000000e+01
4.879999999999999716e+01
3.119999999999999929e+01
3.019999999999999929e+01
2.080000000000000071e+01
2.800000000000000000e+01
4.200000000000000000e+01
7.990000000000000568e+01
3.750000000000000000e+01
6.400000000000000000e+01
4.529999999999999716e+01
3.620000000000000284e+01
2.460000000000000142e+01
3.019999999999999929e+01
2.130000000000000071e+01
4.000000000000000000e+01
2.410000000000000142e+01
4.389999999999999858e+01
3.970000000000000284e+01
4.560000000000000142e+01
5.300000000000000000e+01
2.900000000000000000e+01
4.879999999999999716e+01
3.119999999999999929e+01
3.019999999999999929e+01
2.080000000000000071e+01
2.800000000000000000e+01
4.200000000000000000e+01
7.990000000000000568e+01
3.750000000000000000e+01
6.400000000000000000e+01
4.529999999999999716e+01
