3.529999999999999716e+01
3.320000000000000284e+01
4.489999999999999858e+01
2.000000000000000000e+01
1.800000000000000000e+01
3.250000000000000000e+01
9.400000000000000355e+00
8.500000000000000000e+00
8.800000000000000711e+00
2.000000000000000000e+01
1.800000000000000000e+01
9.500000000000000000e+00
3.250000000000000000e+01
4.760000000000000142e+01
4.760000000000000142e+01
3.289999999999999858e+01
2.539999999999999858e+01
8.550000000000000000e+01
3.720000000000000284e+01
4.020000000000000284e+01
3.010000000000000142e+01
5.900000000000000000e+01
1.250000000000000000e+01
1.440000000000000036e+01
4.020000000000000284e+01
3.010000000000000142e+01
5.900000000000000000e+01
1.630000000000000071e+01
2.719999999999999929e+01
1.200000000000000000e+01
1.669999999999999929e+01
5.900000000000000000e+01
