3.139999999999999858e+01
1.219999999999999929e+01
6.000000000000000000e+00
6.000000000000000000e+00
5.200000000000000178e+00
6.000000000000000000e+00
6.000000000000000000e+00
3.910000000000000142e+01
5.900000000000000355e+00
4.100000000000000000e+01
3.929999999999999716e+01
6.000000000000000000e+00
3.910000000000000142e+01
4.100000000000000000e+01
3.929999999999999716e+01
3.689999999999999858e+01
3.889999999999999858e+01
3.689999999999999858e+01
3.889999999999999858e+01
4.179999999999999716e+01
3.160000000000000142e+01
