5.070000000000000284e+01
2.210000000000000142e+01
3.460000000000000142e+01
2.930000000000000071e+01
3.060000000000000142e+01
2.989999999999999858e+01
3.060000000000000142e+01
2.989999999999999858e+01
3.589999999999999858e+01
6.200000000000000000e+01
4.250000000000000000e+01
2.139999999999999858e+01
3.500000000000000000e+01
2.550000000000000000e+01
2.730000000000000071e+01
5.360000000000000142e+01
2.389999999999999858e+01
4.570000000000000284e+01
3.400000000000000000e+01
6.400000000000000000e+01
3.000000000000000000e+01
4.539999999999999858e+01
2.810000000000000142e+01
3.429999999999999716e+01
3.520000000000000284e+01
3.089999999999999858e+01
2.389999999999999858e+01
4.570000000000000284e+01
3.400000000000000000e+01
