4.460000000000000142e+01
3.539999999999999858e+01
4.939999999999999858e+01
1.450000000000000000e+01
3.520000000000000284e+01
3.520000000000000284e+01
3.350000000000000000e+01
2.669999999999999929e+01
2.989999999999999858e+01
3.069999999999999929e+01
2.719999999999999929e+01
2.100000000000000000e+01
2.819999999999999929e+01
4.529999999999999716e+01
4.070000000000000284e+01
5.239999999999999858e+01
7.120000000000000284e+01
2.989999999999999858e+01
2.060000000000000142e+01
3.069999999999999929e+01
2.719999999999999929e+01
2.100000000000000000e+01
2.819999999999999929e+01
4.529999999999999716e+01
4.070000000000000284e+01
2.989999999999999858e+01
