3.710000000000000142e+01
1.900000000000000000e+01
3.989999999999999858e+01
2.260000000000000142e+01
1.519999999999999929e+01
1.369999999999999929e+01
3.229999999999999716e+01
3.080000000000000071e+01
3.420000000000000284e+01
2.880000000000000071e+01
3.820000000000000284e+01
2.110000000000000142e+01
3.160000000000000142e+01
2.310000000000000142e+01
2.300000000000000000e+01
2.239999999999999858e+01
3.820000000000000284e+01
2.260000000000000142e+01
5.160000000000000142e+01
2.219999999999999929e+01
3.850000000000000000e+01
3.529999999999999716e+01
2.469999999999999929e+01
3.329999999999999716e+01
5.300000000000000000e+01
4.310000000000000142e+01
2.380000000000000071e+01
2.300000000000000000e+01
2.360000000000000142e+01
2.989999999999999858e+01
4.639999999999999858e+01
3.100000000000000000e+01
3.420000000000000284e+01
3.870000000000000284e+01
2.880000000000000071e+01
4.470000000000000284e+01
3.529999999999999716e+01
3.760000000000000142e+01
3.200000000000000000e+01
3.729999999999999716e+01
2.130000000000000071e+01
3.979999999999999716e+01
2.019999999999999929e+01
3.039999999999999858e+01
3.270000000000000284e+01
2.089999999999999858e+01
3.019999999999999929e+01
2.089999999999999858e+01
3.820000000000000284e+01
2.110000000000000142e+01
3.160000000000000142e+01
2.310000000000000142e+01
2.300000000000000000e+01
2.239999999999999858e+01
3.820000000000000284e+01
2.260000000000000142e+01
5.160000000000000142e+01
2.219999999999999929e+01
3.850000000000000000e+01
3.529999999999999716e+01
2.469999999999999929e+01
3.329999999999999716e+01
5.300000000000000000e+01
4.310000000000000142e+01
2.380000000000000071e+01
2.300000000000000000e+01
2.360000000000000142e+01
2.989999999999999858e+01
4.639999999999999858e+01
3.100000000000000000e+01
3.420000000000000284e+01
3.870000000000000284e+01
2.880000000000000071e+01
4.470000000000000284e+01
3.529999999999999716e+01
3.760000000000000142e+01
3.200000000000000000e+01
3.729999999999999716e+01
2.130000000000000071e+01
3.979999999999999716e+01
2.019999999999999929e+01
3.039999999999999858e+01
3.270000000000000284e+01
2.089999999999999858e+01
3.019999999999999929e+01
2.089999999999999858e+01
3.820000000000000284e+01
2.110000000000000142e+01
3.160000000000000142e+01
2.239999999999999858e+01
3.820000000000000284e+01
2.260000000000000142e+01
5.160000000000000142e+01
2.219999999999999929e+01
3.850000000000000000e+01
3.529999999999999716e+01
2.469999999999999929e+01
3.329999999999999716e+01
4.310000000000000142e+01
2.380000000000000071e+01
2.300000000000000000e+01
2.360000000000000142e+01
2.989999999999999858e+01
4.639999999999999858e+01
3.420000000000000284e+01
3.870000000000000284e+01
3.820000000000000284e+01
2.110000000000000142e+01
3.160000000000000142e+01
2.239999999999999858e+01
3.820000000000000284e+01
2.260000000000000142e+01
5.160000000000000142e+01
2.219999999999999929e+01
3.850000000000000000e+01
3.529999999999999716e+01
2.469999999999999929e+01
3.329999999999999716e+01
4.310000000000000142e+01
2.380000000000000071e+01
