2.119999999999999929e+01
1.639999999999999858e+01
2.780000000000000071e+01
2.780000000000000071e+01
4.779999999999999716e+01
6.220000000000000284e+01
3.610000000000000142e+01
2.239999999999999858e+01
4.270000000000000284e+01
2.639999999999999858e+01
0.000000000000000000e+00
0.000000000000000000e+00
0.000000000000000000e+00
4.779999999999999716e+01
6.220000000000000284e+01
2.239999999999999858e+01
4.270000000000000284e+01
2.639999999999999858e+01
4.779999999999999716e+01
6.220000000000000284e+01
2.239999999999999858e+01
