2.639999999999999858e+01
4.160000000000000142e+01
2.010000000000000142e+01
2.080000000000000071e+01
3.389999999999999858e+01
3.019999999999999929e+01
6.000000000000000000e+00
5.799999999999999822e+00
7.500000000000000000e+00
5.900000000000000355e+00
3.019999999999999929e+01
5.900000000000000355e+00
9.000000000000000000e+00
9.900000000000000355e+00
1.569999999999999929e+01
1.080000000000000071e+01
3.270000000000000284e+01
3.260000000000000142e+01
3.870000000000000284e+01
1.700000000000000000e+01
3.160000000000000142e+01
2.510000000000000142e+01
3.019999999999999929e+01
3.270000000000000284e+01
3.260000000000000142e+01
3.870000000000000284e+01
3.160000000000000142e+01
2.510000000000000142e+01
3.300000000000000000e+01
2.330000000000000071e+01
3.850000000000000000e+01
2.380000000000000071e+01
3.019999999999999929e+01
3.270000000000000284e+01
3.260000000000000142e+01
3.870000000000000284e+01
3.160000000000000142e+01
2.510000000000000142e+01
3.300000000000000000e+01
2.330000000000000071e+01
3.850000000000000000e+01
2.380000000000000071e+01
3.019999999999999929e+01
3.270000000000000284e+01
3.260000000000000142e+01
3.870000000000000284e+01
3.160000000000000142e+01
2.510000000000000142e+01
