3.169999999999999929e+01
4.979999999999999716e+01
2.900000000000000000e+01
3.829999999999999716e+01
5.289999999999999858e+01
1.300000000000000000e+01
2.819999999999999929e+01
3.050000000000000000e+01
1.969999999999999929e+01
7.799999999999999822e+00
6.000000000000000000e+00
3.320000000000000284e+01
6.000000000000000000e+00
5.289999999999999858e+01
2.600000000000000000e+01
8.599999999999999645e+00
4.000000000000000000e+01
1.200000000000000000e+01
6.000000000000000000e+00
6.389999999999999858e+01
6.000000000000000000e+00
2.100000000000000000e+01
3.289999999999999858e+01
3.320000000000000284e+01
5.289999999999999858e+01
2.600000000000000000e+01
4.000000000000000000e+01
6.389999999999999858e+01
2.100000000000000000e+01
3.289999999999999858e+01
6.170000000000000284e+01
4.250000000000000000e+01
3.579999999999999716e+01
2.700000000000000000e+01
2.519999999999999929e+01
1.200000000000000000e+01
6.170000000000000284e+01
1.050000000000000000e+01
4.250000000000000000e+01
3.579999999999999716e+01
2.700000000000000000e+01
1.040000000000000036e+01
2.519999999999999929e+01
6.079999999999999716e+01
3.169999999999999929e+01
