1.100000000000000000e+01
5.239999999999999858e+01
4.950000000000000000e+01
8.300000000000000711e+00
1.969999999999999929e+01
3.860000000000000142e+01
5.299999999999999822e+00
7.799999999999999822e+00
3.620000000000000284e+01
3.250000000000000000e+01
2.110000000000000142e+01
3.570000000000000284e+01
4.439999999999999858e+01
4.610000000000000142e+01
2.180000000000000071e+01
3.629999999999999716e+01
2.950000000000000000e+01
4.400000000000000000e+01
2.389999999999999858e+01
2.569999999999999929e+01
1.559999999999999964e+01
1.830000000000000071e+01
4.610000000000000142e+01
2.180000000000000071e+01
3.629999999999999716e+01
2.950000000000000000e+01
4.400000000000000000e+01
2.389999999999999858e+01
2.569999999999999929e+01
3.850000000000000000e+01
2.439999999999999858e+01
