4.529999999999999716e+01
2.489999999999999858e+01
3.839999999999999858e+01
3.279999999999999716e+01
3.929999999999999716e+01
2.800000000000000000e+01
8.599999999999999645e+00
9.400000000000000355e+00
3.839999999999999858e+01
3.279999999999999716e+01
3.929999999999999716e+01
2.800000000000000000e+01
1.960000000000000142e+01
1.030000000000000071e+01
4.039999999999999858e+01
2.269999999999999929e+01
3.489999999999999858e+01
1.030000000000000071e+01
1.839999999999999858e+01
1.259999999999999964e+01
1.330000000000000071e+01
3.489999999999999858e+01
1.409999999999999964e+01
1.490000000000000036e+01
3.639999999999999858e+01
