3.639999999999999858e+01
2.989999999999999858e+01
5.689999999999999858e+01
3.620000000000000284e+01
2.389999999999999858e+01
5.689999999999999858e+01
3.620000000000000284e+01
2.389999999999999858e+01
2.169999999999999929e+01
2.419999999999999929e+01
6.210000000000000142e+01
5.020000000000000284e+01
2.780000000000000071e+01
3.360000000000000142e+01
4.700000000000000000e+01
2.469999999999999929e+01
4.110000000000000142e+01
0.000000000000000000e+00
3.850000000000000000e+01
0.000000000000000000e+00
0.000000000000000000e+00
0.000000000000000000e+00
0.000000000000000000e+00
0.000000000000000000e+00
0.000000000000000000e+00
0.000000000000000000e+00
2.789999999999999858e+01
5.110000000000000142e+01
0.000000000000000000e+00
0.000000000000000000e+00
1.380000000000000071e+01
6.799999999999999822e+00
5.689999999999999858e+01
3.620000000000000284e+01
2.389999999999999858e+01
2.169999999999999929e+01
2.419999999999999929e+01
6.210000000000000142e+01
5.020000000000000284e+01
2.780000000000000071e+01
3.360000000000000142e+01
4.700000000000000000e+01
2.469999999999999929e+01
4.110000000000000142e+01
5.689999999999999858e+01
3.620000000000000284e+01
2.389999999999999858e+01
2.169999999999999929e+01
2.419999999999999929e+01
6.210000000000000142e+01
5.020000000000000284e+01
2.780000000000000071e+01
3.360000000000000142e+01
