1.259999999999999964e+01
2.530000000000000071e+01
2.900000000000000000e+01
1.680000000000000071e+01
1.490000000000000036e+01
3.860000000000000142e+01
3.860000000000000142e+01
3.320000000000000284e+01
3.700000000000000000e+01
3.589999999999999858e+01
3.789999999999999858e+01
2.360000000000000142e+01
3.439999999999999858e+01
4.060000000000000142e+01
3.019999999999999929e+01
4.170000000000000284e+01
4.060000000000000142e+01
5.350000000000000000e+01
3.789999999999999858e+01
2.360000000000000142e+01
