5.900000000000000000e+01
6.200000000000000000e+01
2.100000000000000000e+01
3.570000000000000284e+01
2.939999999999999858e+01
6.029999999999999716e+01
5.350000000000000000e+01
3.130000000000000071e+01
5.350000000000000000e+01
3.130000000000000071e+01
3.860000000000000142e+01
4.270000000000000284e+01
3.119999999999999929e+01
2.930000000000000071e+01
3.489999999999999858e+01
2.300000000000000000e+01
2.580000000000000071e+01
2.389999999999999858e+01
2.300000000000000000e+01
2.580000000000000071e+01
3.489999999999999858e+01
