3.329999999999999716e+01
4.570000000000000284e+01
6.299999999999999822e+00
8.400000000000000355e+00
6.200000000000000178e+00
6.299999999999999822e+00
5.900000000000000355e+00
6.299999999999999822e+00
5.200000000000000000e+01
2.330000000000000071e+01
7.299999999999999822e+00
3.089999999999999858e+01
7.700000000000000178e+00
4.679999999999999716e+01
6.179999999999999716e+01
5.200000000000000000e+01
2.330000000000000071e+01
3.089999999999999858e+01
4.679999999999999716e+01
2.650000000000000000e+01
2.310000000000000142e+01
2.760000000000000142e+01
3.829999999999999716e+01
1.050000000000000000e+01
2.650000000000000000e+01
2.310000000000000142e+01
2.760000000000000142e+01
3.829999999999999716e+01
2.969999999999999929e+01
