1.710000000000000142e+01
5.020000000000000284e+01
2.339999999999999858e+01
6.279999999999999716e+01
3.839999999999999858e+01
1.450000000000000000e+01
2.989999999999999858e+01
5.799999999999999822e+00
2.989999999999999858e+01
1.009999999999999964e+01
3.089999999999999858e+01
8.500000000000000000e+00
2.500000000000000000e+01
2.480000000000000071e+01
2.210000000000000142e+01
4.700000000000000000e+01
3.429999999999999716e+01
7.720000000000000284e+01
5.689999999999999858e+01
2.680000000000000071e+01
3.900000000000000000e+01
3.889999999999999858e+01
2.580000000000000071e+01
2.680000000000000071e+01
3.900000000000000000e+01
1.830000000000000071e+01
3.889999999999999858e+01
2.580000000000000071e+01
4.770000000000000284e+01
