2.630000000000000071e+01
6.229999999999999716e+01
6.170000000000000284e+01
2.510000000000000142e+01
2.269999999999999929e+01
2.510000000000000142e+01
2.269999999999999929e+01
3.860000000000000142e+01
2.130000000000000071e+01
6.420000000000000284e+01
3.660000000000000142e+01
3.879999999999999716e+01
3.139999999999999858e+01
5.929999999999999716e+01
2.539999999999999858e+01
2.719999999999999929e+01
2.150000000000000000e+01
3.080000000000000071e+01
3.370000000000000284e+01
3.660000000000000142e+01
3.879999999999999716e+01
3.139999999999999858e+01
5.929999999999999716e+01
2.539999999999999858e+01
