2.000000000000000000e+01
4.160000000000000142e+01
4.379999999999999716e+01
3.829999999999999716e+01
2.119999999999999929e+01
2.010000000000000142e+01
3.039999999999999858e+01
3.210000000000000142e+01
1.009999999999999964e+01
3.060000000000000142e+01
3.060000000000000142e+01
3.260000000000000142e+01
2.139999999999999858e+01
3.660000000000000142e+01
2.750000000000000000e+01
3.539999999999999858e+01
4.120000000000000284e+01
2.980000000000000071e+01
4.039999999999999858e+01
4.050000000000000000e+01
1.399999999999999911e+00
0.000000000000000000e+00
7.000000000000000000e+00
0.000000000000000000e+00
2.169999999999999929e+01
0.000000000000000000e+00
0.000000000000000000e+00
0.000000000000000000e+00
0.000000000000000000e+00
0.000000000000000000e+00
0.000000000000000000e+00
0.000000000000000000e+00
0.000000000000000000e+00
0.000000000000000000e+00
2.960000000000000142e+01
6.670000000000000284e+01
3.060000000000000142e+01
3.260000000000000142e+01
3.660000000000000142e+01
2.750000000000000000e+01
3.539999999999999858e+01
2.980000000000000071e+01
4.050000000000000000e+01
3.060000000000000142e+01
3.260000000000000142e+01
3.660000000000000142e+01
2.750000000000000000e+01
3.539999999999999858e+01
