4.089999999999999858e+01
2.210000000000000142e+01
2.719999999999999929e+01
4.689999999999999858e+01
2.030000000000000071e+01
1.040000000000000036e+01
3.320000000000000284e+01
3.350000000000000000e+01
9.500000000000000000e+00
5.900000000000000355e+00
5.900000000000000355e+00
7.500000000000000000e+00
6.700000000000000178e+00
5.900000000000000355e+00
6.400000000000000355e+00
5.900000000000000355e+00
3.320000000000000284e+01
5.900000000000000355e+00
3.350000000000000000e+01
2.430000000000000071e+01
2.519999999999999929e+01
2.380000000000000071e+01
5.900000000000000355e+00
3.320000000000000284e+01
3.350000000000000000e+01
2.430000000000000071e+01
2.519999999999999929e+01
2.380000000000000071e+01
2.089999999999999858e+01
2.910000000000000142e+01
4.220000000000000284e+01
3.370000000000000284e+01
3.320000000000000284e+01
3.350000000000000000e+01
2.430000000000000071e+01
2.519999999999999929e+01
2.380000000000000071e+01
2.089999999999999858e+01
2.910000000000000142e+01
4.220000000000000284e+01
3.370000000000000284e+01
3.320000000000000284e+01
3.350000000000000000e+01
2.430000000000000071e+01
2.519999999999999929e+01
2.380000000000000071e+01
2.089999999999999858e+01
