1.559999999999999964e+01
4.079999999999999716e+01
2.660000000000000142e+01
1.719999999999999929e+01
6.250000000000000000e+01
6.250000000000000000e+01
3.550000000000000000e+01
4.220000000000000284e+01
3.870000000000000284e+01
3.000000000000000000e+01
3.289999999999999858e+01
2.300000000000000000e+01
4.629999999999999716e+01
2.980000000000000071e+01
3.989999999999999858e+01
3.389999999999999858e+01
3.900000000000000000e+01
2.639999999999999858e+01
0.000000000000000000e+00
0.000000000000000000e+00
1.800000000000000044e+00
0.000000000000000000e+00
0.000000000000000000e+00
2.739999999999999858e+01
0.000000000000000000e+00
6.250000000000000000e+01
3.550000000000000000e+01
4.220000000000000284e+01
3.870000000000000284e+01
3.000000000000000000e+01
3.289999999999999858e+01
2.300000000000000000e+01
4.629999999999999716e+01
2.980000000000000071e+01
3.389999999999999858e+01
6.250000000000000000e+01
3.550000000000000000e+01
4.220000000000000284e+01
3.870000000000000284e+01
3.000000000000000000e+01
3.289999999999999858e+01
2.300000000000000000e+01
