2.550000000000000000e+01
5.879999999999999716e+01
8.970000000000000284e+01
7.879999999999999716e+01
2.380000000000000071e+01
2.980000000000000071e+01
2.810000000000000142e+01
2.980000000000000071e+01
2.810000000000000142e+01
6.659999999999999432e+01
5.250000000000000000e+01
2.419999999999999929e+01
4.020000000000000284e+01
2.889999999999999858e+01
2.100000000000000000e+01
3.429999999999999716e+01
4.970000000000000284e+01
2.439999999999999858e+01
3.350000000000000000e+01
5.010000000000000142e+01
2.530000000000000071e+01
6.089999999999999858e+01
2.889999999999999858e+01
2.100000000000000000e+01
3.429999999999999716e+01
4.970000000000000284e+01
