2.769999999999999929e+01
2.730000000000000071e+01
2.919999999999999929e+01
3.250000000000000000e+01
8.100000000000000000e+01
4.310000000000000142e+01
2.189999999999999858e+01
3.260000000000000142e+01
2.710000000000000142e+01
3.229999999999999716e+01
4.579999999999999716e+01
5.300000000000000000e+01
3.770000000000000284e+01
2.919999999999999929e+01
3.250000000000000000e+01
4.310000000000000142e+01
2.189999999999999858e+01
3.260000000000000142e+01
2.710000000000000142e+01
3.229999999999999716e+01
4.579999999999999716e+01
5.300000000000000000e+01
3.770000000000000284e+01
2.919999999999999929e+01
3.250000000000000000e+01
4.310000000000000142e+01
2.189999999999999858e+01
3.260000000000000142e+01
2.710000000000000142e+01
2.919999999999999929e+01
3.250000000000000000e+01
4.310000000000000142e+01
2.189999999999999858e+01
3.260000000000000142e+01
2.710000000000000142e+01
