4.879999999999999716e+01
1.900000000000000000e+01
2.350000000000000000e+01
2.260000000000000142e+01
3.970000000000000284e+01
7.229999999999999716e+01
2.100000000000000000e+01
3.629999999999999716e+01
6.210000000000000142e+01
2.369999999999999929e+01
9.640000000000000568e+01
3.010000000000000142e+01
3.850000000000000000e+01
4.270000000000000284e+01
3.720000000000000284e+01
3.850000000000000000e+01
6.450000000000000000e+01
5.110000000000000142e+01
3.629999999999999716e+01
6.210000000000000142e+01
2.369999999999999929e+01
9.640000000000000568e+01
3.010000000000000142e+01
