3.870000000000000284e+01
2.919999999999999929e+01
3.000000000000000000e+01
3.779999999999999716e+01
2.010000000000000142e+01
2.010000000000000142e+01
2.000000000000000000e+01
4.479999999999999716e+01
3.860000000000000142e+01
2.239999999999999858e+01
3.180000000000000071e+01
4.289999999999999858e+01
5.789999999999999858e+01
2.060000000000000142e+01
4.510000000000000142e+01
2.010000000000000142e+01
2.000000000000000000e+01
4.479999999999999716e+01
3.860000000000000142e+01
2.239999999999999858e+01
3.180000000000000071e+01
4.289999999999999858e+01
5.789999999999999858e+01
2.060000000000000142e+01
4.510000000000000142e+01
2.010000000000000142e+01
2.000000000000000000e+01
4.479999999999999716e+01
3.860000000000000142e+01
2.239999999999999858e+01
3.180000000000000071e+01
4.289999999999999858e+01
2.010000000000000142e+01
2.000000000000000000e+01
