1.590000000000000036e+01
4.910000000000000142e+01
1.969999999999999929e+01
5.089999999999999858e+01
2.960000000000000142e+01
2.610000000000000142e+01
2.610000000000000142e+01
5.410000000000000142e+01
3.470000000000000284e+01
3.169999999999999929e+01
3.460000000000000142e+01
2.030000000000000071e+01
2.050000000000000000e+01
2.389999999999999858e+01
6.029999999999999716e+01
4.660000000000000142e+01
2.189999999999999858e+01
2.050000000000000000e+01
2.389999999999999858e+01
6.029999999999999716e+01
2.030000000000000071e+01
