3.220000000000000284e+01
4.050000000000000000e+01
1.730000000000000071e+01
1.660000000000000142e+01
1.930000000000000071e+01
2.910000000000000142e+01
3.989999999999999858e+01
2.110000000000000142e+01
1.230000000000000071e+01
5.910000000000000142e+01
3.069999999999999929e+01
2.889999999999999858e+01
4.370000000000000284e+01
6.000000000000000000e+00
6.299999999999999822e+00
6.299999999999999822e+00
6.299999999999999822e+00
7.000000000000000000e+00
5.200000000000000178e+00
8.300000000000000711e+00
6.299999999999999822e+00
7.700000000000000178e+00
2.810000000000000142e+01
7.400000000000000355e+00
2.839999999999999858e+01
1.019999999999999929e+01
7.299999999999999822e+00
3.150000000000000000e+01
4.860000000000000142e+01
1.930000000000000071e+01
6.299999999999999822e+00
2.610000000000000142e+01
2.439999999999999858e+01
1.409999999999999964e+01
1.209999999999999964e+01
6.299999999999999822e+00
5.200000000000000178e+00
2.680000000000000071e+01
7.259999999999999432e+01
3.889999999999999858e+01
3.400000000000000000e+01
2.810000000000000142e+01
2.839999999999999858e+01
3.150000000000000000e+01
4.860000000000000142e+01
2.610000000000000142e+01
2.439999999999999858e+01
2.680000000000000071e+01
7.259999999999999432e+01
3.889999999999999858e+01
3.400000000000000000e+01
2.139999999999999858e+01
2.789999999999999858e+01
3.080000000000000071e+01
3.039999999999999858e+01
2.189999999999999858e+01
4.579999999999999716e+01
3.019999999999999929e+01
8.859999999999999432e+01
1.019999999999999929e+01
1.930000000000000071e+01
1.209999999999999964e+01
2.139999999999999858e+01
2.789999999999999858e+01
3.080000000000000071e+01
3.039999999999999858e+01
2.189999999999999858e+01
4.579999999999999716e+01
3.019999999999999929e+01
1.880000000000000071e+01
1.230000000000000071e+01
8.859999999999999432e+01
2.489999999999999858e+01
3.130000000000000071e+01
