4.300000000000000000e+01
3.560000000000000142e+01
2.019999999999999929e+01
1.900000000000000000e+01
2.239999999999999858e+01
2.850000000000000000e+01
2.239999999999999858e+01
2.850000000000000000e+01
3.750000000000000000e+01
2.230000000000000071e+01
2.060000000000000142e+01
2.910000000000000142e+01
3.389999999999999858e+01
2.080000000000000071e+01
5.170000000000000284e+01
6.550000000000000000e+01
2.069999999999999929e+01
5.889999999999999858e+01
0.000000000000000000e+00
0.000000000000000000e+00
2.000000000000000111e-01
0.000000000000000000e+00
3.560000000000000142e+01
0.000000000000000000e+00
0.000000000000000000e+00
3.110000000000000142e+01
0.000000000000000000e+00
0.000000000000000000e+00
2.239999999999999858e+01
2.850000000000000000e+01
3.750000000000000000e+01
2.230000000000000071e+01
2.060000000000000142e+01
2.910000000000000142e+01
2.080000000000000071e+01
5.170000000000000284e+01
6.550000000000000000e+01
2.069999999999999929e+01
2.239999999999999858e+01
2.850000000000000000e+01
3.750000000000000000e+01
2.230000000000000071e+01
2.060000000000000142e+01
2.910000000000000142e+01
