3.189999999999999858e+01
3.779999999999999716e+01
3.069999999999999929e+01
3.670000000000000284e+01
3.939999999999999858e+01
6.260000000000000142e+01
3.889999999999999858e+01
2.810000000000000142e+01
1.080000000000000071e+01
2.789999999999999858e+01
6.979999999999999716e+01
4.710000000000000142e+01
4.060000000000000142e+01
3.679999999999999716e+01
7.109999999999999432e+01
2.060000000000000142e+01
4.439999999999999858e+01
2.380000000000000071e+01
3.860000000000000142e+01
4.779999999999999716e+01
3.450000000000000000e+01
3.679999999999999716e+01
7.109999999999999432e+01
2.060000000000000142e+01
4.439999999999999858e+01
2.380000000000000071e+01
3.860000000000000142e+01
