1.980000000000000071e+01
3.060000000000000142e+01
3.239999999999999858e+01
2.419999999999999929e+01
4.670000000000000284e+01
2.510000000000000142e+01
4.910000000000000142e+01
3.970000000000000284e+01
3.220000000000000284e+01
2.000000000000000000e+01
3.239999999999999858e+01
2.419999999999999929e+01
4.670000000000000284e+01
2.510000000000000142e+01
4.910000000000000142e+01
3.970000000000000284e+01
3.220000000000000284e+01
2.000000000000000000e+01
3.239999999999999858e+01
2.419999999999999929e+01
4.670000000000000284e+01
2.510000000000000142e+01
3.239999999999999858e+01
2.419999999999999929e+01
