2.660000000000000142e+01
3.069999999999999929e+01
3.039999999999999858e+01
4.989999999999999858e+01
3.870000000000000284e+01
3.570000000000000284e+01
5.870000000000000284e+01
3.789999999999999858e+01
7.029999999999999716e+01
4.379999999999999716e+01
5.870000000000000284e+01
3.789999999999999858e+01
7.029999999999999716e+01
4.379999999999999716e+01
5.000000000000000000e+01
4.039999999999999858e+01
2.619999999999999929e+01
4.510000000000000142e+01
2.350000000000000000e+01
2.550000000000000000e+01
3.820000000000000284e+01
4.760000000000000142e+01
5.570000000000000284e+01
2.350000000000000000e+01
4.620000000000000284e+01
3.900000000000000000e+01
7.170000000000000284e+01
3.820000000000000284e+01
4.760000000000000142e+01
5.570000000000000284e+01
