3.270000000000000284e+01
3.620000000000000284e+01
3.329999999999999716e+01
1.630000000000000071e+01
4.510000000000000142e+01
3.370000000000000284e+01
3.429999999999999716e+01
3.850000000000000000e+01
4.510000000000000142e+01
4.189999999999999858e+01
2.650000000000000000e+01
3.100000000000000000e+01
2.439999999999999858e+01
4.679999999999999716e+01
1.889999999999999858e+01
2.189999999999999858e+01
2.119999999999999929e+01
3.479999999999999716e+01
3.750000000000000000e+01
3.019999999999999929e+01
2.589999999999999858e+01
1.350000000000000000e+01
2.750000000000000000e+01
2.200000000000000000e+01
3.019999999999999929e+01
3.579999999999999716e+01
3.510000000000000142e+01
4.260000000000000142e+01
2.289999999999999858e+01
3.450000000000000000e+01
1.610000000000000142e+01
2.360000000000000142e+01
3.169999999999999929e+01
1.789999999999999858e+01
2.810000000000000142e+01
1.850000000000000000e+01
1.730000000000000071e+01
5.179999999999999716e+01
2.300000000000000000e+01
2.989999999999999858e+01
3.579999999999999716e+01
2.069999999999999929e+01
1.190000000000000036e+01
2.430000000000000071e+01
1.960000000000000142e+01
3.169999999999999929e+01
4.410000000000000142e+01
3.410000000000000142e+01
2.269999999999999929e+01
7.000000000000000000e+00
6.599999999999999645e+00
7.000000000000000000e+00
6.799999999999999822e+00
8.699999999999999289e+00
6.799999999999999822e+00
7.500000000000000000e+00
7.400000000000000355e+00
5.400000000000000355e+00
5.299999999999999822e+00
6.000000000000000000e+00
5.200000000000000178e+00
6.599999999999999645e+00
6.799999999999999822e+00
6.799999999999999822e+00
6.400000000000000355e+00
5.200000000000000178e+00
8.099999999999999645e+00
7.099999999999999645e+00
7.299999999999999822e+00
6.299999999999999822e+00
6.799999999999999822e+00
8.300000000000000711e+00
6.400000000000000355e+00
6.000000000000000000e+00
6.700000000000000178e+00
6.000000000000000000e+00
5.599999999999999645e+00
6.200000000000000178e+00
6.799999999999999822e+00
6.299999999999999822e+00
5.299999999999999822e+00
1.850000000000000000e+01
1.730000000000000071e+01
5.179999999999999716e+01
2.300000000000000000e+01
5.000000000000000000e+00
2.989999999999999858e+01
7.299999999999999822e+00
3.579999999999999716e+01
2.069999999999999929e+01
1.190000000000000036e+01
2.430000000000000071e+01
5.299999999999999822e+00
1.960000000000000142e+01
3.169999999999999929e+01
4.410000000000000142e+01
3.410000000000000142e+01
7.299999999999999822e+00
2.269999999999999929e+01
2.360000000000000142e+01
5.500000000000000000e+00
1.939999999999999858e+01
2.089999999999999858e+01
2.069999999999999929e+01
3.479999999999999716e+01
5.299999999999999822e+00
2.419999999999999929e+01
3.060000000000000142e+01
4.060000000000000142e+01
1.319999999999999929e+01
2.630000000000000071e+01
5.400000000000000355e+00
3.189999999999999858e+01
3.560000000000000142e+01
2.369999999999999929e+01
4.850000000000000000e+01
2.930000000000000071e+01
4.200000000000000000e+01
2.730000000000000071e+01
0.000000000000000000e+00
0.000000000000000000e+00
4.400000000000000355e+00
6.999999999999999556e-01
0.000000000000000000e+00
0.000000000000000000e+00
0.000000000000000000e+00
0.000000000000000000e+00
4.000000000000000222e-01
0.000000000000000000e+00
0.000000000000000000e+00
0.000000000000000000e+00
0.000000000000000000e+00
0.000000000000000000e+00
0.000000000000000000e+00
0.000000000000000000e+00
0.000000000000000000e+00
0.000000000000000000e+00
0.000000000000000000e+00
0.000000000000000000e+00
1.899999999999999911e+00
0.000000000000000000e+00
0.000000000000000000e+00
0.000000000000000000e+00
0.000000000000000000e+00
0.000000000000000000e+00
1.899999999999999911e+00
0.000000000000000000e+00
0.000000000000000000e+00
0.000000000000000000e+00
0.000000000000000000e+00
0.000000000000000000e+00
0.000000000000000000e+00
0.000000000000000000e+00
0.000000000000000000e+00
0.000000000000000000e+00
0.000000000000000000e+00
0.000000000000000000e+00
0.000000000000000000e+00
0.000000000000000000e+00
0.000000000000000000e+00
1.699999999999999956e+00
0.000000000000000000e+00
0.000000000000000000e+00
0.000000000000000000e+00
0.000000000000000000e+00
0.000000000000000000e+00
0.000000000000000000e+00
0.000000000000000000e+00
1.500000000000000000e+00
0.000000000000000000e+00
0.000000000000000000e+00
0.000000000000000000e+00
0.000000000000000000e+00
0.000000000000000000e+00
0.000000000000000000e+00
0.000000000000000000e+00
0.000000000000000000e+00
0.000000000000000000e+00
1.199999999999999956e+00
0.000000000000000000e+00
4.500000000000000000e+00
1.000000000000000000e+00
0.000000000000000000e+00
0.000000000000000000e+00
0.000000000000000000e+00
0.000000000000000000e+00
0.000000000000000000e+00
3.600000000000000089e+00
0.000000000000000000e+00
0.000000000000000000e+00
0.000000000000000000e+00
0.000000000000000000e+00
0.000000000000000000e+00
0.000000000000000000e+00
0.000000000000000000e+00
0.000000000000000000e+00
0.000000000000000000e+00
0.000000000000000000e+00
0.000000000000000000e+00
0.000000000000000000e+00
3.100000000000000089e+00
0.000000000000000000e+00
0.000000000000000000e+00
0.000000000000000000e+00
0.000000000000000000e+00
0.000000000000000000e+00
5.999999999999999778e-01
4.400000000000000355e+00
0.000000000000000000e+00
0.000000000000000000e+00
0.000000000000000000e+00
4.500000000000000000e+00
0.000000000000000000e+00
0.000000000000000000e+00
0.000000000000000000e+00
0.000000000000000000e+00
0.000000000000000000e+00
0.000000000000000000e+00
0.000000000000000000e+00
0.000000000000000000e+00
0.000000000000000000e+00
0.000000000000000000e+00
0.000000000000000000e+00
0.000000000000000000e+00
0.000000000000000000e+00
0.000000000000000000e+00
2.100000000000000089e+00
0.000000000000000000e+00
2.299999999999999822e+00
0.000000000000000000e+00
0.000000000000000000e+00
1.019999999999999929e+01
1.980000000000000071e+01
1.760000000000000142e+01
1.919999999999999929e+01
1.900000000000000000e+01
1.180000000000000071e+01
1.240000000000000036e+01
4.220000000000000284e+01
3.410000000000000142e+01
1.850000000000000000e+01
4.729999999999999716e+01
3.180000000000000071e+01
2.480000000000000071e+01
4.339999999999999858e+01
3.169999999999999929e+01
3.089999999999999858e+01
2.160000000000000142e+01
4.129999999999999716e+01
3.770000000000000284e+01
3.339999999999999858e+01
2.780000000000000071e+01
2.680000000000000071e+01
3.829999999999999716e+01
2.610000000000000142e+01
1.459999999999999964e+01
1.440000000000000036e+01
1.209999999999999964e+01
2.219999999999999929e+01
4.320000000000000284e+01
2.650000000000000000e+01
3.770000000000000284e+01
3.270000000000000284e+01
2.910000000000000142e+01
4.200000000000000000e+01
2.460000000000000142e+01
3.180000000000000071e+01
2.360000000000000142e+01
1.769999999999999929e+01
3.570000000000000284e+01
2.530000000000000071e+01
2.119999999999999929e+01
1.300000000000000000e+01
1.930000000000000071e+01
3.879999999999999716e+01
1.610000000000000142e+01
2.080000000000000071e+01
2.669999999999999929e+01
3.180000000000000071e+01
2.789999999999999858e+01
1.269999999999999929e+01
3.150000000000000000e+01
4.729999999999999716e+01
3.370000000000000284e+01
1.980000000000000071e+01
1.839999999999999858e+01
3.750000000000000000e+01
3.310000000000000142e+01
3.200000000000000000e+01
3.800000000000000000e+01
1.090000000000000036e+01
2.119999999999999929e+01
1.459999999999999964e+01
4.970000000000000284e+01
2.280000000000000071e+01
2.910000000000000142e+01
4.200000000000000000e+01
