3.160000000000000142e+01
4.210000000000000142e+01
1.409999999999999964e+01
3.350000000000000000e+01
4.839999999999999858e+01
8.099999999999999645e+00
5.000000000000000000e+00
6.400000000000000355e+00
4.839999999999999858e+01
3.069999999999999929e+01
0.000000000000000000e+00
0.000000000000000000e+00
3.100000000000000089e+00
0.000000000000000000e+00
0.000000000000000000e+00
0.000000000000000000e+00
1.660000000000000142e+01
2.380000000000000071e+01
1.930000000000000071e+01
3.229999999999999716e+01
