3.080000000000000071e+01
2.669999999999999929e+01
3.970000000000000284e+01
6.659999999999999432e+01
1.100000000000000000e+01
7.509999999999999432e+01
7.509999999999999432e+01
2.700000000000000000e+01
3.550000000000000000e+01
7.550000000000000000e+01
5.550000000000000000e+01
2.700000000000000000e+01
3.550000000000000000e+01
7.550000000000000000e+01
5.550000000000000000e+01
2.869999999999999929e+01
7.829999999999999716e+01
7.609999999999999432e+01
7.290000000000000568e+01
3.260000000000000142e+01
5.970000000000000284e+01
4.010000000000000142e+01
7.959999999999999432e+01
9.920000000000000284e+01
4.010000000000000142e+01
