4.589999999999999858e+01
4.560000000000000142e+01
3.479999999999999716e+01
1.730000000000000071e+01
3.879999999999999716e+01
2.380000000000000071e+01
6.990000000000000568e+01
1.850000000000000000e+01
2.519999999999999929e+01
1.400000000000000000e+01
2.130000000000000071e+01
2.819999999999999929e+01
2.510000000000000142e+01
6.020000000000000284e+01
3.979999999999999716e+01
1.700000000000000000e+01
2.310000000000000142e+01
3.910000000000000142e+01
2.839999999999999858e+01
1.350000000000000000e+01
3.750000000000000000e+01
9.000000000000000000e+00
6.700000000000000178e+00
6.700000000000000178e+00
5.599999999999999645e+00
7.599999999999999645e+00
7.799999999999999822e+00
7.099999999999999645e+00
6.200000000000000178e+00
6.299999999999999822e+00
5.200000000000000178e+00
1.700000000000000000e+01
6.000000000000000000e+00
2.310000000000000142e+01
3.910000000000000142e+01
2.839999999999999858e+01
1.350000000000000000e+01
3.750000000000000000e+01
5.900000000000000355e+00
7.400000000000000355e+00
2.919999999999999929e+01
2.400000000000000000e+01
2.710000000000000142e+01
7.799999999999999822e+00
0.000000000000000000e+00
0.000000000000000000e+00
0.000000000000000000e+00
0.000000000000000000e+00
0.000000000000000000e+00
0.000000000000000000e+00
0.000000000000000000e+00
0.000000000000000000e+00
0.000000000000000000e+00
0.000000000000000000e+00
0.000000000000000000e+00
0.000000000000000000e+00
0.000000000000000000e+00
0.000000000000000000e+00
0.000000000000000000e+00
1.399999999999999911e+00
0.000000000000000000e+00
0.000000000000000000e+00
0.000000000000000000e+00
0.000000000000000000e+00
0.000000000000000000e+00
0.000000000000000000e+00
0.000000000000000000e+00
0.000000000000000000e+00
0.000000000000000000e+00
0.000000000000000000e+00
0.000000000000000000e+00
0.000000000000000000e+00
0.000000000000000000e+00
0.000000000000000000e+00
0.000000000000000000e+00
0.000000000000000000e+00
0.000000000000000000e+00
0.000000000000000000e+00
0.000000000000000000e+00
0.000000000000000000e+00
0.000000000000000000e+00
0.000000000000000000e+00
0.000000000000000000e+00
0.000000000000000000e+00
0.000000000000000000e+00
0.000000000000000000e+00
0.000000000000000000e+00
0.000000000000000000e+00
0.000000000000000000e+00
0.000000000000000000e+00
2.299999999999999822e+00
1.660000000000000142e+01
1.340000000000000036e+01
1.750000000000000000e+01
3.660000000000000142e+01
1.040000000000000036e+01
1.300000000000000000e+01
3.850000000000000000e+01
2.210000000000000142e+01
3.950000000000000000e+01
1.619999999999999929e+01
1.760000000000000142e+01
3.169999999999999929e+01
1.140000000000000036e+01
1.030000000000000071e+01
2.110000000000000142e+01
3.229999999999999716e+01
3.550000000000000000e+01
2.789999999999999858e+01
1.619999999999999929e+01
2.280000000000000071e+01
2.989999999999999858e+01
3.539999999999999858e+01
1.889999999999999858e+01
3.800000000000000000e+01
2.650000000000000000e+01
3.050000000000000000e+01
3.229999999999999716e+01
2.110000000000000142e+01
4.310000000000000142e+01
3.010000000000000142e+01
1.059999999999999964e+01
3.100000000000000000e+01
3.169999999999999929e+01
2.569999999999999929e+01
4.260000000000000142e+01
