1.680000000000000071e+01
8.540000000000000568e+01
3.019999999999999929e+01
3.010000000000000142e+01
3.010000000000000142e+01
4.689999999999999858e+01
3.450000000000000000e+01
5.939999999999999858e+01
4.000000000000000000e+01
6.320000000000000284e+01
4.060000000000000142e+01
2.039999999999999858e+01
4.639999999999999858e+01
3.260000000000000142e+01
3.310000000000000142e+01
3.010000000000000142e+01
4.689999999999999858e+01
3.450000000000000000e+01
5.939999999999999858e+01
4.000000000000000000e+01
6.320000000000000284e+01
4.060000000000000142e+01
2.039999999999999858e+01
4.639999999999999858e+01
3.260000000000000142e+01
3.310000000000000142e+01
3.460000000000000142e+01
3.010000000000000142e+01
4.689999999999999858e+01
3.450000000000000000e+01
5.939999999999999858e+01
4.000000000000000000e+01
6.320000000000000284e+01
4.060000000000000142e+01
2.039999999999999858e+01
4.639999999999999858e+01
3.010000000000000142e+01
4.689999999999999858e+01
3.450000000000000000e+01
5.939999999999999858e+01
