1.900000000000000000e+01
2.660000000000000142e+01
2.630000000000000071e+01
3.989999999999999858e+01
3.470000000000000284e+01
3.650000000000000000e+01
2.989999999999999858e+01
3.489999999999999858e+01
2.260000000000000142e+01
3.650000000000000000e+01
2.989999999999999858e+01
3.489999999999999858e+01
2.260000000000000142e+01
2.039999999999999858e+01
3.270000000000000284e+01
2.869999999999999929e+01
9.640000000000000568e+01
4.320000000000000284e+01
3.389999999999999858e+01
4.520000000000000284e+01
4.729999999999999716e+01
2.069999999999999929e+01
2.489999999999999858e+01
2.369999999999999929e+01
6.000000000000000000e+01
2.189999999999999858e+01
2.369999999999999929e+01
