6.970000000000000284e+01
2.160000000000000142e+01
1.109999999999999964e+01
1.200000000000000000e+01
4.520000000000000284e+01
1.419999999999999929e+01
4.520000000000000284e+01
3.039999999999999858e+01
3.030000000000000071e+01
4.410000000000000142e+01
3.229999999999999716e+01
2.560000000000000142e+01
3.180000000000000071e+01
5.239999999999999858e+01
5.789999999999999858e+01
2.669999999999999929e+01
4.520000000000000284e+01
3.039999999999999858e+01
3.030000000000000071e+01
4.410000000000000142e+01
3.229999999999999716e+01
2.560000000000000142e+01
3.180000000000000071e+01
5.239999999999999858e+01
5.789999999999999858e+01
2.669999999999999929e+01
4.520000000000000284e+01
3.039999999999999858e+01
3.030000000000000071e+01
4.410000000000000142e+01
3.229999999999999716e+01
4.520000000000000284e+01
3.039999999999999858e+01
