5.460000000000000142e+01
2.050000000000000000e+01
1.600000000000000000e+01
4.500000000000000000e+01
3.289999999999999858e+01
4.139999999999999858e+01
5.799999999999999822e+00
4.500000000000000000e+01
5.700000000000000178e+00
3.289999999999999858e+01
4.139999999999999858e+01
3.000000000000000000e+01
3.489999999999999858e+01
3.739999999999999858e+01
3.550000000000000000e+01
3.550000000000000000e+01
2.300000000000000000e+01
4.320000000000000284e+01
1.710000000000000142e+01
3.550000000000000000e+01
2.300000000000000000e+01
4.320000000000000284e+01
3.529999999999999716e+01
4.229999999999999716e+01
1.240000000000000036e+01
