3.700000000000000000e+01
1.639999999999999858e+01
2.410000000000000142e+01
2.219999999999999929e+01
2.919999999999999929e+01
2.330000000000000071e+01
2.219999999999999929e+01
2.919999999999999929e+01
2.330000000000000071e+01
2.880000000000000071e+01
3.160000000000000142e+01
2.700000000000000000e+01
3.119999999999999929e+01
2.910000000000000142e+01
4.050000000000000000e+01
6.039999999999999858e+01
3.670000000000000284e+01
3.160000000000000142e+01
3.119999999999999929e+01
2.910000000000000142e+01
4.050000000000000000e+01
6.039999999999999858e+01
3.670000000000000284e+01
