1.969999999999999929e+01
3.800000000000000000e+01
3.570000000000000284e+01
4.160000000000000142e+01
2.489999999999999858e+01
2.519999999999999929e+01
4.150000000000000000e+01
2.189999999999999858e+01
6.250000000000000000e+01
3.200000000000000000e+01
2.060000000000000142e+01
6.379999999999999716e+01
3.229999999999999716e+01
2.239999999999999858e+01
2.700000000000000000e+01
4.439999999999999858e+01
3.229999999999999716e+01
4.150000000000000000e+01
2.189999999999999858e+01
6.250000000000000000e+01
3.200000000000000000e+01
2.060000000000000142e+01
6.379999999999999716e+01
3.229999999999999716e+01
2.239999999999999858e+01
2.700000000000000000e+01
4.439999999999999858e+01
3.229999999999999716e+01
4.150000000000000000e+01
2.189999999999999858e+01
6.250000000000000000e+01
3.200000000000000000e+01
2.060000000000000142e+01
6.379999999999999716e+01
4.150000000000000000e+01
2.189999999999999858e+01
