4.020000000000000284e+01
4.210000000000000142e+01
3.789999999999999858e+01
2.150000000000000000e+01
2.150000000000000000e+01
3.270000000000000284e+01
3.000000000000000000e+01
3.310000000000000142e+01
2.889999999999999858e+01
2.689999999999999858e+01
2.400000000000000000e+01
3.150000000000000000e+01
2.880000000000000071e+01
2.150000000000000000e+01
3.270000000000000284e+01
3.000000000000000000e+01
3.310000000000000142e+01
2.889999999999999858e+01
2.689999999999999858e+01
2.400000000000000000e+01
3.150000000000000000e+01
2.880000000000000071e+01
2.150000000000000000e+01
3.270000000000000284e+01
3.000000000000000000e+01
3.310000000000000142e+01
2.889999999999999858e+01
2.689999999999999858e+01
2.150000000000000000e+01
3.270000000000000284e+01
