2.889999999999999858e+01
2.869999999999999929e+01
3.439999999999999858e+01
3.850000000000000000e+01
4.320000000000000284e+01
3.900000000000000000e+01
1.950000000000000000e+01
2.050000000000000000e+01
2.050000000000000000e+01
2.050000000000000000e+01
4.160000000000000142e+01
2.160000000000000142e+01
3.550000000000000000e+01
7.129999999999999716e+01
3.039999999999999858e+01
2.960000000000000142e+01
5.889999999999999858e+01
4.170000000000000284e+01
2.339999999999999858e+01
3.089999999999999858e+01
2.350000000000000000e+01
3.039999999999999858e+01
4.150000000000000000e+01
4.150000000000000000e+01
2.710000000000000142e+01
4.300000000000000000e+01
2.169999999999999929e+01
5.560000000000000142e+01
2.830000000000000071e+01
2.060000000000000142e+01
2.889999999999999858e+01
4.550000000000000000e+01
4.150000000000000000e+01
2.710000000000000142e+01
4.300000000000000000e+01
2.169999999999999929e+01
5.560000000000000142e+01
