3.939999999999999858e+01
2.260000000000000142e+01
2.710000000000000142e+01
6.829999999999999716e+01
3.189999999999999858e+01
1.140000000000000036e+01
1.980000000000000071e+01
3.370000000000000284e+01
2.519999999999999929e+01
3.370000000000000284e+01
2.519999999999999929e+01
2.480000000000000071e+01
3.050000000000000000e+01
6.039999999999999858e+01
2.580000000000000071e+01
6.640000000000000568e+01
2.339999999999999858e+01
3.610000000000000142e+01
2.210000000000000142e+01
3.739999999999999858e+01
4.760000000000000142e+01
3.750000000000000000e+01
2.280000000000000071e+01
2.139999999999999858e+01
3.370000000000000284e+01
2.519999999999999929e+01
2.480000000000000071e+01
3.050000000000000000e+01
6.039999999999999858e+01
2.580000000000000071e+01
6.640000000000000568e+01
2.339999999999999858e+01
3.610000000000000142e+01
2.210000000000000142e+01
3.739999999999999858e+01
4.760000000000000142e+01
3.750000000000000000e+01
2.280000000000000071e+01
2.139999999999999858e+01
3.370000000000000284e+01
2.519999999999999929e+01
2.480000000000000071e+01
3.050000000000000000e+01
6.640000000000000568e+01
2.339999999999999858e+01
3.370000000000000284e+01
2.519999999999999929e+01
2.480000000000000071e+01
3.050000000000000000e+01
