2.300000000000000000e+01
4.960000000000000142e+01
3.250000000000000000e+01
4.889999999999999858e+01
2.460000000000000142e+01
2.610000000000000142e+01
2.989999999999999858e+01
5.010000000000000142e+01
2.019999999999999929e+01
7.099999999999999645e+00
8.199999999999999289e+00
7.799999999999999822e+00
2.989999999999999858e+01
5.010000000000000142e+01
2.019999999999999929e+01
3.100000000000000000e+01
4.029999999999999716e+01
4.520000000000000284e+01
6.400000000000000355e+00
0.000000000000000000e+00
4.900000000000000355e+00
0.000000000000000000e+00
0.000000000000000000e+00
0.000000000000000000e+00
0.000000000000000000e+00
0.000000000000000000e+00
0.000000000000000000e+00
0.000000000000000000e+00
0.000000000000000000e+00
0.000000000000000000e+00
0.000000000000000000e+00
2.689999999999999858e+01
5.779999999999999716e+01
2.280000000000000071e+01
3.970000000000000284e+01
4.520000000000000284e+01
2.569999999999999929e+01
3.889999999999999858e+01
3.970000000000000284e+01
