3.150000000000000000e+01
1.989999999999999858e+01
3.829999999999999716e+01
3.820000000000000284e+01
4.020000000000000284e+01
3.320000000000000284e+01
1.480000000000000071e+01
3.180000000000000071e+01
2.250000000000000000e+01
3.760000000000000142e+01
2.330000000000000071e+01
1.119999999999999929e+01
3.739999999999999858e+01
6.670000000000000284e+01
4.539999999999999858e+01
2.989999999999999858e+01
3.180000000000000071e+01
2.250000000000000000e+01
3.760000000000000142e+01
2.330000000000000071e+01
3.739999999999999858e+01
6.670000000000000284e+01
4.539999999999999858e+01
2.989999999999999858e+01
4.100000000000000000e+01
4.870000000000000284e+01
2.519999999999999929e+01
4.010000000000000142e+01
4.320000000000000284e+01
3.929999999999999716e+01
4.000000000000000000e+01
3.920000000000000284e+01
3.829999999999999716e+01
2.410000000000000142e+01
2.419999999999999929e+01
4.020000000000000284e+01
3.739999999999999858e+01
3.300000000000000000e+01
2.360000000000000142e+01
2.769999999999999929e+01
2.239999999999999858e+01
4.270000000000000284e+01
2.619999999999999929e+01
3.370000000000000284e+01
3.389999999999999858e+01
3.180000000000000071e+01
2.250000000000000000e+01
3.760000000000000142e+01
2.330000000000000071e+01
3.739999999999999858e+01
6.670000000000000284e+01
4.539999999999999858e+01
2.989999999999999858e+01
4.100000000000000000e+01
4.870000000000000284e+01
2.519999999999999929e+01
4.010000000000000142e+01
4.320000000000000284e+01
3.929999999999999716e+01
4.000000000000000000e+01
3.920000000000000284e+01
3.829999999999999716e+01
2.410000000000000142e+01
2.419999999999999929e+01
4.020000000000000284e+01
3.739999999999999858e+01
3.300000000000000000e+01
2.360000000000000142e+01
2.769999999999999929e+01
2.239999999999999858e+01
4.270000000000000284e+01
2.619999999999999929e+01
3.370000000000000284e+01
3.389999999999999858e+01
2.250000000000000000e+01
3.760000000000000142e+01
2.330000000000000071e+01
3.739999999999999858e+01
6.670000000000000284e+01
4.100000000000000000e+01
4.870000000000000284e+01
4.320000000000000284e+01
3.929999999999999716e+01
4.000000000000000000e+01
3.920000000000000284e+01
2.410000000000000142e+01
2.419999999999999929e+01
3.739999999999999858e+01
2.250000000000000000e+01
3.760000000000000142e+01
2.330000000000000071e+01
3.739999999999999858e+01
6.670000000000000284e+01
4.100000000000000000e+01
4.870000000000000284e+01
4.320000000000000284e+01
3.929999999999999716e+01
4.000000000000000000e+01
3.920000000000000284e+01
