1.400000000000000000e+01
1.140000000000000036e+01
2.080000000000000071e+01
6.200000000000000178e+00
7.000000000000000000e+00
5.500000000000000000e+00
8.300000000000000711e+00
2.080000000000000071e+01
3.239999999999999858e+01
0.000000000000000000e+00
0.000000000000000000e+00
0.000000000000000000e+00
0.000000000000000000e+00
0.000000000000000000e+00
0.000000000000000000e+00
0.000000000000000000e+00
0.000000000000000000e+00
0.000000000000000000e+00
0.000000000000000000e+00
0.000000000000000000e+00
0.000000000000000000e+00
0.000000000000000000e+00
1.899999999999999911e+00
1.810000000000000142e+01
3.119999999999999929e+01
3.550000000000000000e+01
3.529999999999999716e+01
4.139999999999999858e+01
2.200000000000000000e+01
1.440000000000000036e+01
2.089999999999999858e+01
3.360000000000000142e+01
1.810000000000000142e+01
2.660000000000000142e+01
1.839999999999999858e+01
