1.480000000000000071e+01
6.020000000000000284e+01
1.869999999999999929e+01
1.419999999999999929e+01
3.139999999999999858e+01
4.589999999999999858e+01
2.080000000000000071e+01
2.480000000000000071e+01
3.080000000000000071e+01
3.589999999999999858e+01
4.029999999999999716e+01
3.050000000000000000e+01
1.350000000000000000e+01
5.350000000000000000e+01
3.010000000000000142e+01
1.850000000000000000e+01
2.369999999999999929e+01
2.350000000000000000e+01
2.369999999999999929e+01
2.350000000000000000e+01
4.200000000000000000e+01
3.810000000000000142e+01
4.100000000000000000e+01
3.829999999999999716e+01
4.050000000000000000e+01
4.079999999999999716e+01
4.039999999999999858e+01
2.330000000000000071e+01
2.650000000000000000e+01
2.600000000000000000e+01
3.889999999999999858e+01
3.720000000000000284e+01
3.610000000000000142e+01
3.350000000000000000e+01
4.679999999999999716e+01
2.210000000000000142e+01
3.889999999999999858e+01
3.720000000000000284e+01
3.610000000000000142e+01
2.650000000000000000e+01
