5.079999999999999716e+01
2.480000000000000071e+01
4.229999999999999716e+01
2.269999999999999929e+01
4.570000000000000284e+01
5.979999999999999716e+01
3.639999999999999858e+01
3.239999999999999858e+01
7.640000000000000568e+01
3.229999999999999716e+01
3.839999999999999858e+01
5.070000000000000284e+01
4.560000000000000142e+01
7.109999999999999432e+01
8.159999999999999432e+01
4.729999999999999716e+01
4.570000000000000284e+01
2.800000000000000000e+01
3.069999999999999929e+01
5.629999999999999716e+01
3.350000000000000000e+01
3.180000000000000071e+01
5.239999999999999858e+01
3.910000000000000142e+01
2.850000000000000000e+01
3.550000000000000000e+01
2.460000000000000142e+01
3.870000000000000284e+01
8.179999999999999716e+01
4.460000000000000142e+01
3.110000000000000142e+01
3.679999999999999716e+01
3.870000000000000284e+01
3.760000000000000142e+01
4.150000000000000000e+01
4.150000000000000000e+01
4.150000000000000000e+01
2.460000000000000142e+01
3.760000000000000142e+01
6.959999999999999432e+01
3.130000000000000071e+01
2.380000000000000071e+01
3.060000000000000142e+01
3.679999999999999716e+01
3.870000000000000284e+01
3.760000000000000142e+01
4.150000000000000000e+01
4.150000000000000000e+01
4.150000000000000000e+01
2.460000000000000142e+01
3.760000000000000142e+01
6.959999999999999432e+01
3.130000000000000071e+01
2.380000000000000071e+01
3.060000000000000142e+01
5.950000000000000000e+01
8.850000000000000000e+01
3.089999999999999858e+01
2.980000000000000071e+01
5.110000000000000142e+01
3.750000000000000000e+01
6.039999999999999858e+01
4.510000000000000142e+01
4.300000000000000000e+01
3.789999999999999858e+01
5.250000000000000000e+01
4.950000000000000000e+01
2.819999999999999929e+01
3.229999999999999716e+01
3.820000000000000284e+01
3.069999999999999929e+01
3.760000000000000142e+01
4.450000000000000000e+01
2.360000000000000142e+01
3.130000000000000071e+01
9.740000000000000568e+01
5.800000000000000000e+01
2.339999999999999858e+01
2.569999999999999929e+01
4.060000000000000142e+01
2.419999999999999929e+01
2.819999999999999929e+01
2.339999999999999858e+01
3.989999999999999858e+01
3.270000000000000284e+01
4.210000000000000142e+01
4.960000000000000142e+01
2.610000000000000142e+01
2.110000000000000142e+01
3.529999999999999716e+01
3.679999999999999716e+01
3.130000000000000071e+01
3.829999999999999716e+01
4.239999999999999858e+01
3.279999999999999716e+01
3.250000000000000000e+01
2.610000000000000142e+01
3.060000000000000142e+01
3.529999999999999716e+01
2.350000000000000000e+01
2.419999999999999929e+01
7.909999999999999432e+01
9.079999999999999716e+01
3.770000000000000284e+01
2.800000000000000000e+01
2.350000000000000000e+01
5.689999999999999858e+01
3.080000000000000071e+01
2.350000000000000000e+01
4.100000000000000000e+01
7.279999999999999716e+01
2.450000000000000000e+01
3.900000000000000000e+01
2.360000000000000142e+01
4.150000000000000000e+01
3.900000000000000000e+01
2.400000000000000000e+01
3.060000000000000142e+01
2.039999999999999858e+01
4.010000000000000142e+01
2.660000000000000142e+01
3.539999999999999858e+01
4.639999999999999858e+01
3.239999999999999858e+01
4.010000000000000142e+01
6.950000000000000000e+01
3.060000000000000142e+01
2.800000000000000000e+01
2.810000000000000142e+01
3.570000000000000284e+01
3.100000000000000000e+01
3.080000000000000071e+01
4.920000000000000284e+01
3.689999999999999858e+01
4.660000000000000142e+01
3.679999999999999716e+01
3.130000000000000071e+01
3.829999999999999716e+01
4.239999999999999858e+01
3.279999999999999716e+01
3.250000000000000000e+01
2.610000000000000142e+01
3.529999999999999716e+01
2.350000000000000000e+01
2.419999999999999929e+01
7.909999999999999432e+01
9.079999999999999716e+01
3.770000000000000284e+01
2.800000000000000000e+01
2.350000000000000000e+01
5.689999999999999858e+01
3.080000000000000071e+01
2.350000000000000000e+01
4.100000000000000000e+01
7.279999999999999716e+01
2.450000000000000000e+01
3.900000000000000000e+01
2.360000000000000142e+01
3.529999999999999716e+01
