2.269999999999999929e+01
6.110000000000000142e+01
2.330000000000000071e+01
1.430000000000000071e+01
2.180000000000000071e+01
2.839999999999999858e+01
4.420000000000000284e+01
6.039999999999999858e+01
2.389999999999999858e+01
2.930000000000000071e+01
3.589999999999999858e+01
1.689999999999999858e+01
3.460000000000000142e+01
3.770000000000000284e+01
3.889999999999999858e+01
1.180000000000000071e+01
5.020000000000000284e+01
1.419999999999999929e+01
2.019999999999999929e+01
2.230000000000000071e+01
1.930000000000000071e+01
2.660000000000000142e+01
4.560000000000000142e+01
4.620000000000000284e+01
1.960000000000000142e+01
2.330000000000000071e+01
6.310000000000000142e+01
1.910000000000000142e+01
5.920000000000000284e+01
4.560000000000000142e+01
4.620000000000000284e+01
6.310000000000000142e+01
5.920000000000000284e+01
2.480000000000000071e+01
2.250000000000000000e+01
2.680000000000000071e+01
3.089999999999999858e+01
3.420000000000000284e+01
2.719999999999999929e+01
2.430000000000000071e+01
2.110000000000000142e+01
3.750000000000000000e+01
2.769999999999999929e+01
2.089999999999999858e+01
2.189999999999999858e+01
5.939999999999999858e+01
5.820000000000000284e+01
2.950000000000000000e+01
3.829999999999999716e+01
2.239999999999999858e+01
2.650000000000000000e+01
3.429999999999999716e+01
2.089999999999999858e+01
3.950000000000000000e+01
3.200000000000000000e+01
4.379999999999999716e+01
3.900000000000000000e+01
2.189999999999999858e+01
4.200000000000000000e+01
5.820000000000000284e+01
2.950000000000000000e+01
3.829999999999999716e+01
2.239999999999999858e+01
2.650000000000000000e+01
3.429999999999999716e+01
2.089999999999999858e+01
3.950000000000000000e+01
