2.780000000000000071e+01
2.619999999999999929e+01
5.729999999999999716e+01
2.369999999999999929e+01
4.620000000000000284e+01
1.459999999999999964e+01
1.130000000000000071e+01
2.700000000000000000e+01
3.039999999999999858e+01
2.700000000000000000e+01
3.039999999999999858e+01
3.119999999999999929e+01
8.120000000000000284e+01
4.550000000000000000e+01
4.610000000000000142e+01
3.879999999999999716e+01
3.850000000000000000e+01
3.639999999999999858e+01
2.180000000000000071e+01
2.319999999999999929e+01
3.879999999999999716e+01
3.850000000000000000e+01
3.639999999999999858e+01
