2.530000000000000071e+01
3.429999999999999716e+01
2.080000000000000071e+01
1.309999999999999964e+01
3.660000000000000142e+01
1.440000000000000036e+01
1.040000000000000036e+01
2.319999999999999929e+01
3.620000000000000284e+01
3.939999999999999858e+01
1.889999999999999858e+01
2.030000000000000071e+01
7.700000000000000178e+00
9.500000000000000000e+00
7.500000000000000000e+00
6.000000000000000000e+00
6.400000000000000355e+00
6.599999999999999645e+00
3.939999999999999858e+01
1.889999999999999858e+01
5.500000000000000000e+00
2.030000000000000071e+01
3.810000000000000142e+01
7.200000000000000178e+00
4.670000000000000284e+01
2.789999999999999858e+01
4.129999999999999716e+01
2.050000000000000000e+01
5.039999999999999858e+01
2.030000000000000071e+01
2.669999999999999929e+01
3.279999999999999716e+01
3.939999999999999858e+01
2.660000000000000142e+01
1.540000000000000036e+01
1.180000000000000071e+01
4.910000000000000142e+01
1.180000000000000071e+01
8.099999999999999645e+00
1.760000000000000142e+01
3.800000000000000000e+01
1.540000000000000036e+01
2.760000000000000142e+01
3.939999999999999858e+01
2.030000000000000071e+01
3.810000000000000142e+01
4.670000000000000284e+01
2.789999999999999858e+01
4.129999999999999716e+01
2.050000000000000000e+01
5.039999999999999858e+01
2.030000000000000071e+01
2.669999999999999929e+01
3.279999999999999716e+01
3.939999999999999858e+01
2.660000000000000142e+01
4.910000000000000142e+01
3.800000000000000000e+01
2.760000000000000142e+01
3.200000000000000000e+01
3.080000000000000071e+01
2.469999999999999929e+01
2.919999999999999929e+01
2.800000000000000000e+01
3.789999999999999858e+01
2.719999999999999929e+01
3.610000000000000142e+01
2.650000000000000000e+01
1.889999999999999858e+01
1.540000000000000036e+01
1.180000000000000071e+01
1.180000000000000071e+01
1.760000000000000142e+01
1.540000000000000036e+01
1.450000000000000000e+01
1.390000000000000036e+01
1.839999999999999858e+01
3.200000000000000000e+01
3.080000000000000071e+01
2.469999999999999929e+01
2.919999999999999929e+01
2.800000000000000000e+01
3.789999999999999858e+01
2.719999999999999929e+01
3.610000000000000142e+01
2.650000000000000000e+01
1.119999999999999929e+01
2.469999999999999929e+01
2.910000000000000142e+01
3.639999999999999858e+01
1.650000000000000000e+01
