4.779999999999999716e+01
6.029999999999999716e+01
2.010000000000000142e+01
1.969999999999999929e+01
1.919999999999999929e+01
3.479999999999999716e+01
5.910000000000000142e+01
4.870000000000000284e+01
3.560000000000000142e+01
2.239999999999999858e+01
2.880000000000000071e+01
1.169999999999999929e+01
2.789999999999999858e+01
3.539999999999999858e+01
3.760000000000000142e+01
2.210000000000000142e+01
2.789999999999999858e+01
3.529999999999999716e+01
1.330000000000000071e+01
2.719999999999999929e+01
2.019999999999999929e+01
1.490000000000000036e+01
3.789999999999999858e+01
2.719999999999999929e+01
2.019999999999999929e+01
3.789999999999999858e+01
2.730000000000000071e+01
3.860000000000000142e+01
3.639999999999999858e+01
2.480000000000000071e+01
2.519999999999999929e+01
3.720000000000000284e+01
3.500000000000000000e+01
3.250000000000000000e+01
2.380000000000000071e+01
2.800000000000000000e+01
4.089999999999999858e+01
5.160000000000000142e+01
8.179999999999999716e+01
2.810000000000000142e+01
2.650000000000000000e+01
5.539999999999999858e+01
2.200000000000000000e+01
2.260000000000000142e+01
3.789999999999999858e+01
3.410000000000000142e+01
3.270000000000000284e+01
3.589999999999999858e+01
3.289999999999999858e+01
2.510000000000000142e+01
2.989999999999999858e+01
4.189999999999999858e+01
3.770000000000000284e+01
4.579999999999999716e+01
3.500000000000000000e+01
3.250000000000000000e+01
2.380000000000000071e+01
2.800000000000000000e+01
4.089999999999999858e+01
5.160000000000000142e+01
8.179999999999999716e+01
2.810000000000000142e+01
2.650000000000000000e+01
5.539999999999999858e+01
