2.500000000000000000e+01
4.639999999999999858e+01
2.830000000000000071e+01
1.730000000000000071e+01
2.410000000000000142e+01
6.170000000000000284e+01
4.089999999999999858e+01
5.100000000000000000e+01
1.969999999999999929e+01
1.390000000000000036e+01
4.060000000000000142e+01
2.110000000000000142e+01
7.400000000000000355e+00
8.500000000000000000e+00
9.900000000000000355e+00
1.969999999999999929e+01
1.390000000000000036e+01
4.060000000000000142e+01
2.110000000000000142e+01
1.219999999999999929e+01
4.010000000000000142e+01
4.010000000000000142e+01
3.920000000000000284e+01
2.900000000000000000e+01
4.370000000000000284e+01
2.880000000000000071e+01
2.500000000000000000e+01
4.010000000000000142e+01
3.289999999999999858e+01
2.410000000000000142e+01
2.350000000000000000e+01
2.919999999999999929e+01
2.500000000000000000e+01
3.139999999999999858e+01
2.730000000000000071e+01
2.989999999999999858e+01
4.310000000000000142e+01
4.010000000000000142e+01
1.219999999999999929e+01
1.569999999999999929e+01
1.050000000000000000e+01
1.869999999999999929e+01
3.139999999999999858e+01
2.730000000000000071e+01
1.680000000000000071e+01
2.989999999999999858e+01
1.080000000000000071e+01
4.310000000000000142e+01
4.010000000000000142e+01
1.639999999999999858e+01
2.380000000000000071e+01
3.000000000000000000e+01
6.239999999999999858e+01
6.039999999999999858e+01
3.360000000000000142e+01
