6.039999999999999858e+01
1.200000000000000000e+01
4.560000000000000142e+01
5.360000000000000142e+01
3.250000000000000000e+01
4.000000000000000000e+01
3.019999999999999929e+01
2.139999999999999858e+01
1.960000000000000142e+01
4.520000000000000284e+01
6.559999999999999432e+01
2.350000000000000000e+01
3.000000000000000000e+01
6.559999999999999432e+01
2.350000000000000000e+01
3.000000000000000000e+01
3.460000000000000142e+01
2.060000000000000142e+01
3.810000000000000142e+01
3.739999999999999858e+01
2.450000000000000000e+01
5.570000000000000284e+01
6.250000000000000000e+01
4.279999999999999716e+01
3.270000000000000284e+01
4.929999999999999716e+01
7.040000000000000568e+01
4.029999999999999716e+01
3.050000000000000000e+01
2.300000000000000000e+01
4.010000000000000142e+01
2.900000000000000000e+01
3.460000000000000142e+01
2.489999999999999858e+01
2.600000000000000000e+01
3.889999999999999858e+01
4.389999999999999858e+01
3.119999999999999929e+01
3.570000000000000284e+01
3.329999999999999716e+01
4.539999999999999858e+01
3.829999999999999716e+01
3.310000000000000142e+01
2.480000000000000071e+01
2.110000000000000142e+01
2.510000000000000142e+01
3.460000000000000142e+01
7.040000000000000568e+01
4.029999999999999716e+01
3.050000000000000000e+01
2.300000000000000000e+01
4.010000000000000142e+01
2.900000000000000000e+01
3.460000000000000142e+01
2.489999999999999858e+01
2.600000000000000000e+01
3.889999999999999858e+01
4.389999999999999858e+01
