6.020000000000000284e+01
3.839999999999999858e+01
1.330000000000000071e+01
2.819999999999999929e+01
4.639999999999999858e+01
4.070000000000000284e+01
1.259999999999999964e+01
1.209999999999999964e+01
2.650000000000000000e+01
3.220000000000000284e+01
1.459999999999999964e+01
2.369999999999999929e+01
3.910000000000000142e+01
2.280000000000000071e+01
3.050000000000000000e+01
4.520000000000000284e+01
1.769999999999999929e+01
4.610000000000000142e+01
5.089999999999999858e+01
2.280000000000000071e+01
3.050000000000000000e+01
4.520000000000000284e+01
4.610000000000000142e+01
5.089999999999999858e+01
2.569999999999999929e+01
2.380000000000000071e+01
3.110000000000000142e+01
8.759999999999999432e+01
2.469999999999999929e+01
2.480000000000000071e+01
2.660000000000000142e+01
3.620000000000000284e+01
3.850000000000000000e+01
3.460000000000000142e+01
6.029999999999999716e+01
2.660000000000000142e+01
4.010000000000000142e+01
2.950000000000000000e+01
3.720000000000000284e+01
3.010000000000000142e+01
2.410000000000000142e+01
2.269999999999999929e+01
2.410000000000000142e+01
4.170000000000000284e+01
2.850000000000000000e+01
4.060000000000000142e+01
2.819999999999999929e+01
2.469999999999999929e+01
2.089999999999999858e+01
3.039999999999999858e+01
3.460000000000000142e+01
3.010000000000000142e+01
2.410000000000000142e+01
2.269999999999999929e+01
2.410000000000000142e+01
4.170000000000000284e+01
2.850000000000000000e+01
3.720000000000000284e+01
