2.810000000000000142e+01
2.000000000000000000e+01
2.430000000000000071e+01
2.119999999999999929e+01
2.860000000000000142e+01
2.460000000000000142e+01
3.239999999999999858e+01
6.039999999999999858e+01
3.800000000000000000e+01
2.950000000000000000e+01
2.830000000000000071e+01
3.119999999999999929e+01
2.400000000000000000e+01
2.019999999999999929e+01
1.719999999999999929e+01
3.139999999999999858e+01
1.930000000000000071e+01
3.250000000000000000e+01
2.750000000000000000e+01
1.490000000000000036e+01
2.680000000000000071e+01
4.329999999999999716e+01
4.160000000000000142e+01
2.000000000000000000e+01
4.970000000000000284e+01
7.500000000000000000e+00
6.299999999999999822e+00
7.099999999999999645e+00
6.700000000000000178e+00
5.900000000000000355e+00
9.500000000000000000e+00
4.329999999999999716e+01
4.160000000000000142e+01
2.000000000000000000e+01
6.599999999999999645e+00
4.970000000000000284e+01
7.000000000000000000e+00
2.900000000000000000e+01
3.000000000000000000e+01
3.479999999999999716e+01
6.139999999999999858e+01
7.500000000000000000e+00
4.429999999999999716e+01
5.200000000000000178e+00
7.400000000000000355e+00
2.480000000000000071e+01
0.000000000000000000e+00
0.000000000000000000e+00
0.000000000000000000e+00
0.000000000000000000e+00
0.000000000000000000e+00
0.000000000000000000e+00
0.000000000000000000e+00
0.000000000000000000e+00
0.000000000000000000e+00
0.000000000000000000e+00
0.000000000000000000e+00
0.000000000000000000e+00
0.000000000000000000e+00
0.000000000000000000e+00
0.000000000000000000e+00
0.000000000000000000e+00
0.000000000000000000e+00
0.000000000000000000e+00
0.000000000000000000e+00
0.000000000000000000e+00
2.899999999999999911e+00
0.000000000000000000e+00
0.000000000000000000e+00
0.000000000000000000e+00
0.000000000000000000e+00
0.000000000000000000e+00
8.000000000000000444e-01
1.100000000000000089e+00
0.000000000000000000e+00
0.000000000000000000e+00
0.000000000000000000e+00
0.000000000000000000e+00
0.000000000000000000e+00
0.000000000000000000e+00
0.000000000000000000e+00
0.000000000000000000e+00
0.000000000000000000e+00
0.000000000000000000e+00
0.000000000000000000e+00
0.000000000000000000e+00
0.000000000000000000e+00
0.000000000000000000e+00
0.000000000000000000e+00
0.000000000000000000e+00
0.000000000000000000e+00
0.000000000000000000e+00
0.000000000000000000e+00
0.000000000000000000e+00
0.000000000000000000e+00
0.000000000000000000e+00
0.000000000000000000e+00
0.000000000000000000e+00
4.000000000000000000e+00
0.000000000000000000e+00
0.000000000000000000e+00
1.519999999999999929e+01
3.030000000000000071e+01
1.290000000000000036e+01
3.000000000000000000e+01
2.289999999999999858e+01
1.440000000000000036e+01
2.600000000000000000e+01
2.310000000000000142e+01
1.240000000000000036e+01
2.030000000000000071e+01
1.519999999999999929e+01
3.180000000000000071e+01
2.160000000000000142e+01
4.589999999999999858e+01
1.989999999999999858e+01
