2.260000000000000142e+01
2.969999999999999929e+01
1.680000000000000071e+01
3.470000000000000284e+01
3.860000000000000142e+01
5.189999999999999858e+01
2.800000000000000000e+01
3.019999999999999929e+01
1.009999999999999964e+01
2.239999999999999858e+01
3.310000000000000142e+01
3.510000000000000142e+01
1.340000000000000036e+01
2.119999999999999929e+01
2.539999999999999858e+01
3.460000000000000142e+01
2.160000000000000142e+01
2.950000000000000000e+01
2.539999999999999858e+01
3.460000000000000142e+01
2.160000000000000142e+01
2.950000000000000000e+01
2.810000000000000142e+01
3.929999999999999716e+01
3.389999999999999858e+01
3.800000000000000000e+01
2.439999999999999858e+01
2.139999999999999858e+01
3.810000000000000142e+01
3.470000000000000284e+01
3.100000000000000000e+01
4.820000000000000284e+01
3.239999999999999858e+01
5.579999999999999716e+01
2.269999999999999929e+01
5.150000000000000000e+01
3.789999999999999858e+01
3.839999999999999858e+01
2.539999999999999858e+01
2.610000000000000142e+01
2.480000000000000071e+01
2.539999999999999858e+01
3.460000000000000142e+01
2.160000000000000142e+01
2.950000000000000000e+01
2.810000000000000142e+01
3.929999999999999716e+01
3.389999999999999858e+01
3.800000000000000000e+01
2.439999999999999858e+01
2.139999999999999858e+01
3.810000000000000142e+01
3.470000000000000284e+01
3.100000000000000000e+01
4.820000000000000284e+01
3.239999999999999858e+01
5.579999999999999716e+01
2.269999999999999929e+01
5.150000000000000000e+01
3.789999999999999858e+01
3.839999999999999858e+01
2.539999999999999858e+01
2.610000000000000142e+01
2.480000000000000071e+01
2.539999999999999858e+01
3.460000000000000142e+01
2.160000000000000142e+01
2.810000000000000142e+01
3.929999999999999716e+01
3.389999999999999858e+01
3.800000000000000000e+01
2.439999999999999858e+01
2.139999999999999858e+01
3.810000000000000142e+01
3.470000000000000284e+01
3.100000000000000000e+01
2.539999999999999858e+01
3.460000000000000142e+01
2.160000000000000142e+01
2.810000000000000142e+01
3.929999999999999716e+01
3.389999999999999858e+01
3.800000000000000000e+01
2.439999999999999858e+01
2.139999999999999858e+01
