1.969999999999999929e+01
6.039999999999999858e+01
2.039999999999999858e+01
6.039999999999999858e+01
3.529999999999999716e+01
2.339999999999999858e+01
1.839999999999999858e+01
1.450000000000000000e+01
3.729999999999999716e+01
2.289999999999999858e+01
3.879999999999999716e+01
3.270000000000000284e+01
2.800000000000000000e+01
8.170000000000000284e+01
1.209999999999999964e+01
3.010000000000000142e+01
4.550000000000000000e+01
2.919999999999999929e+01
3.039999999999999858e+01
2.589999999999999858e+01
2.039999999999999858e+01
6.900000000000000355e+00
6.299999999999999822e+00
9.699999999999999289e+00
6.799999999999999822e+00
6.500000000000000000e+00
6.799999999999999822e+00
1.209999999999999964e+01
3.010000000000000142e+01
4.550000000000000000e+01
2.919999999999999929e+01
3.039999999999999858e+01
2.589999999999999858e+01
2.039999999999999858e+01
2.480000000000000071e+01
1.480000000000000071e+01
1.710000000000000142e+01
8.000000000000000000e+00
2.719999999999999929e+01
6.000000000000000000e+00
5.429999999999999716e+01
4.310000000000000142e+01
2.330000000000000071e+01
1.860000000000000142e+01
2.260000000000000142e+01
2.339999999999999858e+01
3.229999999999999716e+01
2.810000000000000142e+01
7.700000000000000178e+00
4.510000000000000142e+01
4.139999999999999858e+01
3.810000000000000142e+01
3.010000000000000142e+01
4.550000000000000000e+01
2.919999999999999929e+01
3.039999999999999858e+01
2.589999999999999858e+01
2.039999999999999858e+01
2.480000000000000071e+01
2.719999999999999929e+01
5.429999999999999716e+01
4.310000000000000142e+01
2.330000000000000071e+01
2.260000000000000142e+01
2.339999999999999858e+01
3.229999999999999716e+01
2.810000000000000142e+01
4.510000000000000142e+01
4.139999999999999858e+01
3.810000000000000142e+01
3.320000000000000284e+01
2.269999999999999929e+01
3.210000000000000142e+01
5.589999999999999858e+01
2.950000000000000000e+01
2.460000000000000142e+01
4.170000000000000284e+01
3.080000000000000071e+01
2.769999999999999929e+01
2.219999999999999929e+01
3.670000000000000284e+01
1.209999999999999964e+01
1.480000000000000071e+01
1.710000000000000142e+01
1.860000000000000142e+01
1.900000000000000000e+01
1.889999999999999858e+01
3.210000000000000142e+01
1.140000000000000036e+01
5.589999999999999858e+01
2.950000000000000000e+01
2.460000000000000142e+01
4.170000000000000284e+01
3.080000000000000071e+01
1.869999999999999929e+01
1.119999999999999929e+01
2.769999999999999929e+01
2.219999999999999929e+01
3.670000000000000284e+01
3.770000000000000284e+01
3.339999999999999858e+01
4.189999999999999858e+01
3.370000000000000284e+01
2.769999999999999929e+01
2.219999999999999929e+01
