2.469999999999999929e+01
1.090000000000000036e+01
1.939999999999999858e+01
2.560000000000000142e+01
4.210000000000000142e+01
3.679999999999999716e+01
1.700000000000000000e+01
1.500000000000000000e+01
8.300000000000000000e+01
1.930000000000000071e+01
1.569999999999999929e+01
3.080000000000000071e+01
3.379999999999999716e+01
3.850000000000000000e+01
3.850000000000000000e+01
2.430000000000000071e+01
3.220000000000000284e+01
3.679999999999999716e+01
4.139999999999999858e+01
2.469999999999999929e+01
2.200000000000000000e+01
3.080000000000000071e+01
3.460000000000000142e+01
3.110000000000000142e+01
2.169999999999999929e+01
4.500000000000000000e+01
6.559999999999999432e+01
3.420000000000000284e+01
8.570000000000000284e+01
8.809999999999999432e+01
3.410000000000000142e+01
3.600000000000000000e+01
2.950000000000000000e+01
4.429999999999999716e+01
4.020000000000000284e+01
2.160000000000000142e+01
3.570000000000000284e+01
2.750000000000000000e+01
3.860000000000000142e+01
5.729999999999999716e+01
2.530000000000000071e+01
4.689999999999999858e+01
3.150000000000000000e+01
2.080000000000000071e+01
2.630000000000000071e+01
2.600000000000000000e+01
2.169999999999999929e+01
8.809999999999999432e+01
3.410000000000000142e+01
3.600000000000000000e+01
2.950000000000000000e+01
4.429999999999999716e+01
4.020000000000000284e+01
2.160000000000000142e+01
