1.910000000000000142e+01
8.020000000000000284e+01
1.359999999999999964e+01
6.010000000000000142e+01
3.180000000000000071e+01
2.089999999999999858e+01
2.980000000000000071e+01
4.479999999999999716e+01
2.160000000000000142e+01
3.339999999999999858e+01
2.950000000000000000e+01
6.010000000000000142e+01
6.010000000000000142e+01
6.010000000000000142e+01
6.010000000000000142e+01
4.860000000000000142e+01
5.500000000000000000e+01
6.010000000000000142e+01
6.010000000000000142e+01
6.010000000000000142e+01
5.450000000000000000e+01
6.010000000000000142e+01
6.010000000000000142e+01
2.400000000000000000e+01
6.010000000000000142e+01
1.150000000000000000e+01
4.039999999999999858e+01
6.010000000000000142e+01
1.910000000000000142e+01
6.010000000000000142e+01
6.010000000000000142e+01
6.029999999999999716e+01
6.010000000000000142e+01
6.010000000000000142e+01
6.010000000000000142e+01
1.100000000000000000e+01
6.010000000000000142e+01
6.010000000000000142e+01
6.010000000000000142e+01
6.010000000000000142e+01
6.010000000000000142e+01
6.010000000000000142e+01
6.010000000000000142e+01
6.010000000000000142e+01
2.760000000000000142e+01
6.010000000000000142e+01
6.029999999999999716e+01
6.010000000000000142e+01
6.010000000000000142e+01
6.010000000000000142e+01
6.010000000000000142e+01
6.010000000000000142e+01
6.010000000000000142e+01
6.010000000000000142e+01
6.010000000000000142e+01
2.760000000000000142e+01
6.010000000000000142e+01
6.029999999999999716e+01
6.010000000000000142e+01
6.010000000000000142e+01
6.010000000000000142e+01
6.010000000000000142e+01
6.010000000000000142e+01
6.010000000000000142e+01
6.010000000000000142e+01
2.310000000000000142e+01
6.010000000000000142e+01
4.010000000000000142e+01
4.800000000000000000e+01
2.819999999999999929e+01
3.470000000000000284e+01
6.039999999999999858e+01
3.829999999999999716e+01
6.010000000000000142e+01
6.010000000000000142e+01
6.010000000000000142e+01
6.010000000000000142e+01
6.010000000000000142e+01
6.010000000000000142e+01
6.010000000000000142e+01
6.010000000000000142e+01
6.010000000000000142e+01
6.010000000000000142e+01
6.010000000000000142e+01
6.010000000000000142e+01
6.010000000000000142e+01
3.850000000000000000e+01
6.010000000000000142e+01
6.010000000000000142e+01
6.010000000000000142e+01
6.010000000000000142e+01
6.010000000000000142e+01
6.010000000000000142e+01
6.010000000000000142e+01
6.029999999999999716e+01
6.339999999999999858e+01
6.010000000000000142e+01
6.010000000000000142e+01
3.200000000000000000e+01
6.700000000000000000e+01
6.010000000000000142e+01
6.010000000000000142e+01
6.029999999999999716e+01
6.010000000000000142e+01
6.010000000000000142e+01
6.010000000000000142e+01
6.010000000000000142e+01
2.950000000000000000e+01
2.210000000000000142e+01
6.010000000000000142e+01
6.010000000000000142e+01
6.010000000000000142e+01
6.010000000000000142e+01
6.010000000000000142e+01
6.010000000000000142e+01
6.010000000000000142e+01
6.010000000000000142e+01
6.010000000000000142e+01
5.310000000000000142e+01
3.560000000000000142e+01
6.010000000000000142e+01
6.010000000000000142e+01
6.010000000000000142e+01
6.010000000000000142e+01
2.369999999999999929e+01
2.960000000000000142e+01
6.010000000000000142e+01
6.010000000000000142e+01
6.010000000000000142e+01
6.010000000000000142e+01
5.220000000000000284e+01
6.010000000000000142e+01
4.679999999999999716e+01
3.639999999999999858e+01
6.010000000000000142e+01
6.010000000000000142e+01
6.010000000000000142e+01
6.010000000000000142e+01
6.010000000000000142e+01
6.010000000000000142e+01
0.000000000000000000e+00
0.000000000000000000e+00
0.000000000000000000e+00
0.000000000000000000e+00
0.000000000000000000e+00
6.010000000000000142e+01
0.000000000000000000e+00
5.599999999999999645e+00
0.000000000000000000e+00
0.000000000000000000e+00
6.010000000000000142e+01
2.469999999999999929e+01
6.010000000000000142e+01
0.000000000000000000e+00
0.000000000000000000e+00
3.420000000000000284e+01
0.000000000000000000e+00
0.000000000000000000e+00
0.000000000000000000e+00
0.000000000000000000e+00
0.000000000000000000e+00
0.000000000000000000e+00
3.460000000000000142e+01
0.000000000000000000e+00
0.000000000000000000e+00
0.000000000000000000e+00
0.000000000000000000e+00
0.000000000000000000e+00
0.000000000000000000e+00
0.000000000000000000e+00
0.000000000000000000e+00
0.000000000000000000e+00
0.000000000000000000e+00
0.000000000000000000e+00
6.010000000000000142e+01
0.000000000000000000e+00
0.000000000000000000e+00
6.010000000000000142e+01
6.010000000000000142e+01
6.010000000000000142e+01
0.000000000000000000e+00
4.400000000000000355e+00
0.000000000000000000e+00
0.000000000000000000e+00
0.000000000000000000e+00
0.000000000000000000e+00
0.000000000000000000e+00
0.000000000000000000e+00
0.000000000000000000e+00
0.000000000000000000e+00
0.000000000000000000e+00
2.360000000000000142e+01
0.000000000000000000e+00
0.000000000000000000e+00
0.000000000000000000e+00
0.000000000000000000e+00
3.220000000000000284e+01
6.010000000000000142e+01
0.000000000000000000e+00
0.000000000000000000e+00
6.050000000000000000e+01
0.000000000000000000e+00
3.520000000000000284e+01
0.000000000000000000e+00
0.000000000000000000e+00
6.010000000000000142e+01
6.010000000000000142e+01
6.010000000000000142e+01
6.010000000000000142e+01
6.010000000000000142e+01
6.010000000000000142e+01
6.010000000000000142e+01
6.010000000000000142e+01
2.760000000000000142e+01
6.010000000000000142e+01
6.029999999999999716e+01
6.010000000000000142e+01
6.010000000000000142e+01
6.010000000000000142e+01
6.010000000000000142e+01
6.010000000000000142e+01
6.010000000000000142e+01
6.010000000000000142e+01
2.310000000000000142e+01
6.010000000000000142e+01
4.010000000000000142e+01
4.800000000000000000e+01
2.819999999999999929e+01
3.470000000000000284e+01
6.039999999999999858e+01
3.829999999999999716e+01
6.010000000000000142e+01
6.010000000000000142e+01
6.010000000000000142e+01
6.010000000000000142e+01
6.010000000000000142e+01
6.010000000000000142e+01
6.010000000000000142e+01
6.010000000000000142e+01
6.010000000000000142e+01
6.010000000000000142e+01
6.010000000000000142e+01
6.010000000000000142e+01
6.010000000000000142e+01
3.850000000000000000e+01
6.010000000000000142e+01
6.010000000000000142e+01
6.010000000000000142e+01
6.010000000000000142e+01
6.010000000000000142e+01
6.010000000000000142e+01
6.010000000000000142e+01
6.029999999999999716e+01
6.339999999999999858e+01
6.010000000000000142e+01
6.010000000000000142e+01
6.700000000000000000e+01
6.010000000000000142e+01
6.010000000000000142e+01
6.029999999999999716e+01
6.010000000000000142e+01
6.010000000000000142e+01
6.010000000000000142e+01
6.010000000000000142e+01
2.950000000000000000e+01
2.210000000000000142e+01
6.010000000000000142e+01
6.010000000000000142e+01
6.010000000000000142e+01
6.010000000000000142e+01
6.010000000000000142e+01
6.010000000000000142e+01
6.010000000000000142e+01
6.010000000000000142e+01
6.010000000000000142e+01
5.310000000000000142e+01
3.560000000000000142e+01
6.010000000000000142e+01
6.010000000000000142e+01
6.010000000000000142e+01
6.010000000000000142e+01
2.369999999999999929e+01
2.960000000000000142e+01
6.010000000000000142e+01
6.010000000000000142e+01
6.010000000000000142e+01
6.010000000000000142e+01
6.010000000000000142e+01
6.010000000000000142e+01
6.010000000000000142e+01
6.010000000000000142e+01
6.010000000000000142e+01
6.010000000000000142e+01
6.010000000000000142e+01
6.010000000000000142e+01
2.760000000000000142e+01
6.010000000000000142e+01
6.029999999999999716e+01
6.010000000000000142e+01
6.010000000000000142e+01
6.010000000000000142e+01
6.010000000000000142e+01
6.010000000000000142e+01
6.010000000000000142e+01
6.010000000000000142e+01
2.310000000000000142e+01
6.010000000000000142e+01
4.010000000000000142e+01
4.800000000000000000e+01
2.819999999999999929e+01
3.470000000000000284e+01
6.039999999999999858e+01
3.829999999999999716e+01
6.010000000000000142e+01
6.010000000000000142e+01
6.010000000000000142e+01
6.010000000000000142e+01
6.010000000000000142e+01
6.010000000000000142e+01
6.010000000000000142e+01
6.010000000000000142e+01
6.010000000000000142e+01
6.010000000000000142e+01
6.010000000000000142e+01
6.010000000000000142e+01
6.010000000000000142e+01
3.850000000000000000e+01
6.010000000000000142e+01
6.010000000000000142e+01
6.010000000000000142e+01
6.010000000000000142e+01
6.010000000000000142e+01
6.010000000000000142e+01
6.010000000000000142e+01
6.029999999999999716e+01
