3.019999999999999929e+01
3.220000000000000284e+01
5.600000000000000000e+01
3.050000000000000000e+01
2.989999999999999858e+01
3.650000000000000000e+01
3.860000000000000142e+01
6.400000000000000000e+01
1.230000000000000071e+01
1.869999999999999929e+01
4.460000000000000142e+01
1.719999999999999929e+01
1.450000000000000000e+01
1.490000000000000036e+01
4.300000000000000000e+01
6.339999999999999858e+01
3.570000000000000284e+01
4.300000000000000000e+01
6.339999999999999858e+01
3.570000000000000284e+01
6.959999999999999432e+01
3.950000000000000000e+01
4.520000000000000284e+01
4.689999999999999858e+01
3.820000000000000284e+01
4.050000000000000000e+01
5.050000000000000000e+01
4.770000000000000284e+01
5.700000000000000000e+01
5.460000000000000142e+01
4.639999999999999858e+01
2.380000000000000071e+01
3.839999999999999858e+01
2.660000000000000142e+01
2.130000000000000071e+01
2.660000000000000142e+01
3.910000000000000142e+01
3.160000000000000142e+01
4.770000000000000284e+01
5.700000000000000000e+01
5.460000000000000142e+01
4.639999999999999858e+01
2.380000000000000071e+01
3.839999999999999858e+01
