1.359999999999999964e+01
1.269999999999999929e+01
3.050000000000000000e+01
1.330000000000000071e+01
4.539999999999999858e+01
4.160000000000000142e+01
4.160000000000000142e+01
2.169999999999999929e+01
2.430000000000000071e+01
3.860000000000000142e+01
2.210000000000000142e+01
2.400000000000000000e+01
8.629999999999999716e+01
5.629999999999999716e+01
2.169999999999999929e+01
3.460000000000000142e+01
3.030000000000000071e+01
4.200000000000000000e+01
3.019999999999999929e+01
2.780000000000000071e+01
2.200000000000000000e+01
3.450000000000000000e+01
7.370000000000000284e+01
3.589999999999999858e+01
2.130000000000000071e+01
2.469999999999999929e+01
3.889999999999999858e+01
3.260000000000000142e+01
3.030000000000000071e+01
2.939999999999999858e+01
3.030000000000000071e+01
4.200000000000000000e+01
3.019999999999999929e+01
2.780000000000000071e+01
2.200000000000000000e+01
3.450000000000000000e+01
7.370000000000000284e+01
3.589999999999999858e+01
2.130000000000000071e+01
3.460000000000000142e+01
