1.180000000000000071e+01
1.390000000000000036e+01
3.879999999999999716e+01
2.410000000000000142e+01
3.019999999999999929e+01
1.359999999999999964e+01
4.920000000000000284e+01
3.560000000000000142e+01
3.189999999999999858e+01
3.560000000000000142e+01
3.189999999999999858e+01
5.570000000000000284e+01
6.620000000000000284e+01
2.539999999999999858e+01
3.050000000000000000e+01
3.579999999999999716e+01
4.750000000000000000e+01
5.820000000000000284e+01
2.589999999999999858e+01
2.160000000000000142e+01
2.310000000000000142e+01
2.639999999999999858e+01
3.420000000000000284e+01
2.989999999999999858e+01
2.619999999999999929e+01
3.970000000000000284e+01
9.559999999999999432e+01
4.339999999999999858e+01
4.820000000000000284e+01
2.339999999999999858e+01
2.610000000000000142e+01
2.439999999999999858e+01
2.639999999999999858e+01
3.420000000000000284e+01
2.989999999999999858e+01
2.619999999999999929e+01
3.970000000000000284e+01
9.559999999999999432e+01
2.310000000000000142e+01
