2.400000000000000000e+01
4.189999999999999858e+01
3.850000000000000000e+01
3.979999999999999716e+01
2.889999999999999858e+01
3.900000000000000000e+01
1.380000000000000071e+01
2.030000000000000071e+01
2.710000000000000142e+01
5.350000000000000000e+01
9.699999999999999289e+00
5.700000000000000178e+00
5.500000000000000000e+00
6.900000000000000355e+00
9.800000000000000711e+00
5.350000000000000000e+01
6.900000000000000355e+00
6.520000000000000284e+01
2.819999999999999929e+01
0.000000000000000000e+00
0.000000000000000000e+00
0.000000000000000000e+00
0.000000000000000000e+00
0.000000000000000000e+00
0.000000000000000000e+00
0.000000000000000000e+00
0.000000000000000000e+00
0.000000000000000000e+00
0.000000000000000000e+00
0.000000000000000000e+00
1.699999999999999956e+00
0.000000000000000000e+00
0.000000000000000000e+00
0.000000000000000000e+00
0.000000000000000000e+00
0.000000000000000000e+00
0.000000000000000000e+00
0.000000000000000000e+00
0.000000000000000000e+00
0.000000000000000000e+00
0.000000000000000000e+00
0.000000000000000000e+00
0.000000000000000000e+00
0.000000000000000000e+00
0.000000000000000000e+00
3.700000000000000178e+00
0.000000000000000000e+00
1.330000000000000071e+01
1.330000000000000071e+01
1.550000000000000000e+01
4.070000000000000284e+01
2.700000000000000000e+01
4.010000000000000142e+01
3.019999999999999929e+01
4.010000000000000142e+01
2.239999999999999858e+01
2.889999999999999858e+01
2.560000000000000142e+01
3.130000000000000071e+01
5.870000000000000284e+01
