5.520000000000000284e+01
3.410000000000000142e+01
1.040000000000000036e+01
4.620000000000000284e+01
2.669999999999999929e+01
1.300000000000000000e+01
3.379999999999999716e+01
3.950000000000000000e+01
1.450000000000000000e+01
3.929999999999999716e+01
4.079999999999999716e+01
3.119999999999999929e+01
3.870000000000000284e+01
2.460000000000000142e+01
5.700000000000000178e+00
7.599999999999999645e+00
6.400000000000000355e+00
9.000000000000000000e+00
3.119999999999999929e+01
3.870000000000000284e+01
2.460000000000000142e+01
2.250000000000000000e+01
3.160000000000000142e+01
3.639999999999999858e+01
3.460000000000000142e+01
2.400000000000000000e+01
4.520000000000000284e+01
7.429999999999999716e+01
3.379999999999999716e+01
2.289999999999999858e+01
2.689999999999999858e+01
2.430000000000000071e+01
3.119999999999999929e+01
3.870000000000000284e+01
2.460000000000000142e+01
2.250000000000000000e+01
3.160000000000000142e+01
3.639999999999999858e+01
3.460000000000000142e+01
2.400000000000000000e+01
4.520000000000000284e+01
7.429999999999999716e+01
3.379999999999999716e+01
2.289999999999999858e+01
2.689999999999999858e+01
2.430000000000000071e+01
2.060000000000000142e+01
3.080000000000000071e+01
5.410000000000000142e+01
2.280000000000000071e+01
2.069999999999999929e+01
3.119999999999999929e+01
3.870000000000000284e+01
2.460000000000000142e+01
2.250000000000000000e+01
3.160000000000000142e+01
3.639999999999999858e+01
3.460000000000000142e+01
2.400000000000000000e+01
4.520000000000000284e+01
7.429999999999999716e+01
3.379999999999999716e+01
2.289999999999999858e+01
2.430000000000000071e+01
2.060000000000000142e+01
3.080000000000000071e+01
5.410000000000000142e+01
2.280000000000000071e+01
3.119999999999999929e+01
3.870000000000000284e+01
2.250000000000000000e+01
3.160000000000000142e+01
3.639999999999999858e+01
3.460000000000000142e+01
2.400000000000000000e+01
4.520000000000000284e+01
7.429999999999999716e+01
3.379999999999999716e+01
2.289999999999999858e+01
2.430000000000000071e+01
2.060000000000000142e+01
