1.610000000000000142e+01
3.529999999999999716e+01
3.539999999999999858e+01
2.339999999999999858e+01
3.119999999999999929e+01
4.060000000000000142e+01
7.200000000000000000e+01
3.720000000000000284e+01
2.369999999999999929e+01
3.439999999999999858e+01
3.750000000000000000e+01
4.120000000000000284e+01
3.739999999999999858e+01
2.089999999999999858e+01
1.000000000000000000e+01
1.960000000000000142e+01
2.060000000000000142e+01
4.039999999999999858e+01
2.510000000000000142e+01
3.960000000000000142e+01
4.039999999999999858e+01
2.510000000000000142e+01
3.960000000000000142e+01
3.479999999999999716e+01
2.200000000000000000e+01
6.720000000000000284e+01
2.719999999999999929e+01
2.230000000000000071e+01
3.639999999999999858e+01
2.230000000000000071e+01
6.720000000000000284e+01
2.539999999999999858e+01
4.070000000000000284e+01
2.580000000000000071e+01
4.070000000000000284e+01
2.339999999999999858e+01
6.720000000000000284e+01
6.720000000000000284e+01
4.670000000000000284e+01
6.720000000000000284e+01
3.089999999999999858e+01
6.720000000000000284e+01
2.139999999999999858e+01
3.979999999999999716e+01
3.650000000000000000e+01
4.589999999999999858e+01
4.239999999999999858e+01
3.689999999999999858e+01
2.060000000000000142e+01
6.720000000000000284e+01
3.879999999999999716e+01
5.720000000000000284e+01
5.950000000000000000e+01
3.420000000000000284e+01
6.720000000000000284e+01
3.039999999999999858e+01
3.389999999999999858e+01
6.720000000000000284e+01
2.189999999999999858e+01
2.269999999999999929e+01
6.720000000000000284e+01
3.479999999999999716e+01
3.089999999999999858e+01
6.720000000000000284e+01
3.979999999999999716e+01
3.650000000000000000e+01
4.589999999999999858e+01
4.239999999999999858e+01
3.689999999999999858e+01
6.720000000000000284e+01
