3.510000000000000142e+01
1.419999999999999929e+01
2.350000000000000000e+01
3.050000000000000000e+01
4.270000000000000284e+01
2.060000000000000142e+01
6.239999999999999858e+01
3.400000000000000000e+01
3.100000000000000000e+01
2.900000000000000000e+01
3.660000000000000142e+01
3.939999999999999858e+01
3.189999999999999858e+01
2.900000000000000000e+01
3.660000000000000142e+01
3.939999999999999858e+01
3.189999999999999858e+01
3.620000000000000284e+01
3.779999999999999716e+01
2.750000000000000000e+01
3.160000000000000142e+01
2.360000000000000142e+01
2.310000000000000142e+01
3.879999999999999716e+01
3.960000000000000142e+01
4.050000000000000000e+01
4.850000000000000000e+01
3.570000000000000284e+01
3.339999999999999858e+01
2.350000000000000000e+01
2.850000000000000000e+01
2.600000000000000000e+01
2.910000000000000142e+01
3.770000000000000284e+01
2.900000000000000000e+01
5.260000000000000142e+01
5.860000000000000142e+01
2.110000000000000142e+01
3.150000000000000000e+01
2.230000000000000071e+01
4.950000000000000000e+01
3.339999999999999858e+01
2.350000000000000000e+01
2.850000000000000000e+01
2.600000000000000000e+01
2.910000000000000142e+01
3.770000000000000284e+01
2.900000000000000000e+01
5.260000000000000142e+01
5.860000000000000142e+01
2.110000000000000142e+01
