2.810000000000000142e+01
4.889999999999999858e+01
2.950000000000000000e+01
3.370000000000000284e+01
4.810000000000000142e+01
1.019999999999999929e+01
2.930000000000000071e+01
2.110000000000000142e+01
2.200000000000000000e+01
5.279999999999999716e+01
5.689999999999999858e+01
7.320000000000000284e+01
2.939999999999999858e+01
3.910000000000000142e+01
4.520000000000000284e+01
3.979999999999999716e+01
7.840000000000000568e+01
4.670000000000000284e+01
7.429999999999999716e+01
6.329999999999999716e+01
5.029999999999999716e+01
2.800000000000000000e+01
7.120000000000000284e+01
1.290000000000000036e+01
7.340000000000000568e+01
2.600000000000000000e+01
9.170000000000000284e+01
2.869999999999999929e+01
7.329999999999999716e+01
4.300000000000000000e+01
7.129999999999999716e+01
8.320000000000000284e+01
8.640000000000000568e+01
3.270000000000000284e+01
4.629999999999999716e+01
9.220000000000000284e+01
8.140000000000000568e+01
8.050000000000000000e+01
7.570000000000000284e+01
7.279999999999999716e+01
5.770000000000000284e+01
5.720000000000000284e+01
6.740000000000000568e+01
7.520000000000000284e+01
7.190000000000000568e+01
3.050000000000000000e+01
2.269999999999999929e+01
7.629999999999999716e+01
7.650000000000000000e+01
7.579999999999999716e+01
8.220000000000000284e+01
4.629999999999999716e+01
9.220000000000000284e+01
8.140000000000000568e+01
8.050000000000000000e+01
7.570000000000000284e+01
7.279999999999999716e+01
5.770000000000000284e+01
5.720000000000000284e+01
6.740000000000000568e+01
7.520000000000000284e+01
3.050000000000000000e+01
2.269999999999999929e+01
7.629999999999999716e+01
7.650000000000000000e+01
7.579999999999999716e+01
2.810000000000000142e+01
6.559999999999999432e+01
7.890000000000000568e+01
7.420000000000000284e+01
4.250000000000000000e+01
5.539999999999999858e+01
3.570000000000000284e+01
8.979999999999999716e+01
5.370000000000000284e+01
2.450000000000000000e+01
3.679999999999999716e+01
3.370000000000000284e+01
2.450000000000000000e+01
7.220000000000000284e+01
2.069999999999999929e+01
3.039999999999999858e+01
9.229999999999999716e+01
3.069999999999999929e+01
3.150000000000000000e+01
7.100000000000000000e+01
8.600000000000000000e+01
7.100000000000000000e+01
7.809999999999999432e+01
2.850000000000000000e+01
3.900000000000000000e+01
9.040000000000000568e+01
7.100000000000000000e+01
5.839999999999999858e+01
3.660000000000000142e+01
8.870000000000000284e+01
4.010000000000000142e+01
6.659999999999999432e+01
3.370000000000000284e+01
8.959999999999999432e+01
4.310000000000000142e+01
7.659999999999999432e+01
4.960000000000000142e+01
3.750000000000000000e+01
3.180000000000000071e+01
9.000000000000000000e+01
5.179999999999999716e+01
4.520000000000000284e+01
8.979999999999999716e+01
4.670000000000000284e+01
8.970000000000000284e+01
8.300000000000000000e+01
3.100000000000000000e+01
4.370000000000000284e+01
4.279999999999999716e+01
2.950000000000000000e+01
8.000000000000000000e+01
3.470000000000000284e+01
9.050000000000000000e+01
7.259999999999999432e+01
7.140000000000000568e+01
5.920000000000000284e+01
4.220000000000000284e+01
6.909999999999999432e+01
8.350000000000000000e+01
2.380000000000000071e+01
4.150000000000000000e+01
2.150000000000000000e+01
8.870000000000000284e+01
9.740000000000000568e+01
4.920000000000000284e+01
8.870000000000000284e+01
2.350000000000000000e+01
3.510000000000000142e+01
3.550000000000000000e+01
5.000000000000000000e+01
3.679999999999999716e+01
6.310000000000000142e+01
6.809999999999999432e+01
8.390000000000000568e+01
8.829999999999999716e+01
2.160000000000000142e+01
3.229999999999999716e+01
3.550000000000000000e+01
4.010000000000000142e+01
6.659999999999999432e+01
3.370000000000000284e+01
8.959999999999999432e+01
4.310000000000000142e+01
7.659999999999999432e+01
4.960000000000000142e+01
3.750000000000000000e+01
3.180000000000000071e+01
9.000000000000000000e+01
5.179999999999999716e+01
4.520000000000000284e+01
8.979999999999999716e+01
4.670000000000000284e+01
8.970000000000000284e+01
8.300000000000000000e+01
3.100000000000000000e+01
4.370000000000000284e+01
4.279999999999999716e+01
2.950000000000000000e+01
8.000000000000000000e+01
3.470000000000000284e+01
9.050000000000000000e+01
7.259999999999999432e+01
7.140000000000000568e+01
5.920000000000000284e+01
4.220000000000000284e+01
6.909999999999999432e+01
7.100000000000000000e+01
5.839999999999999858e+01
3.660000000000000142e+01
