1.300000000000000000e+01
2.119999999999999929e+01
1.900000000000000000e+01
4.370000000000000284e+01
3.360000000000000142e+01
1.980000000000000071e+01
4.979999999999999716e+01
4.010000000000000142e+01
3.500000000000000000e+01
4.470000000000000284e+01
2.410000000000000142e+01
3.169999999999999929e+01
1.760000000000000142e+01
1.459999999999999964e+01
2.539999999999999858e+01
3.610000000000000142e+01
3.810000000000000142e+01
2.539999999999999858e+01
3.610000000000000142e+01
3.810000000000000142e+01
2.189999999999999858e+01
2.710000000000000142e+01
2.930000000000000071e+01
3.450000000000000000e+01
2.169999999999999929e+01
3.870000000000000284e+01
2.369999999999999929e+01
2.419999999999999929e+01
2.419999999999999929e+01
2.980000000000000071e+01
3.529999999999999716e+01
3.870000000000000284e+01
3.520000000000000284e+01
3.570000000000000284e+01
3.670000000000000284e+01
2.360000000000000142e+01
3.720000000000000284e+01
6.540000000000000568e+01
5.660000000000000142e+01
2.089999999999999858e+01
2.810000000000000142e+01
2.550000000000000000e+01
3.200000000000000000e+01
7.279999999999999716e+01
2.260000000000000142e+01
4.620000000000000284e+01
3.439999999999999858e+01
2.719999999999999929e+01
3.720000000000000284e+01
6.540000000000000568e+01
5.660000000000000142e+01
2.089999999999999858e+01
2.810000000000000142e+01
2.550000000000000000e+01
