1.359999999999999964e+01
4.810000000000000142e+01
4.420000000000000284e+01
1.700000000000000000e+01
2.410000000000000142e+01
4.310000000000000142e+01
1.250000000000000000e+01
3.089999999999999858e+01
1.600000000000000000e+01
2.980000000000000071e+01
3.639999999999999858e+01
5.300000000000000000e+01
4.089999999999999858e+01
5.300000000000000000e+01
4.089999999999999858e+01
2.210000000000000142e+01
2.169999999999999929e+01
3.739999999999999858e+01
4.770000000000000284e+01
3.130000000000000071e+01
6.770000000000000284e+01
2.139999999999999858e+01
2.050000000000000000e+01
3.989999999999999858e+01
2.210000000000000142e+01
2.769999999999999929e+01
4.320000000000000284e+01
4.089999999999999858e+01
2.110000000000000142e+01
2.960000000000000142e+01
3.670000000000000284e+01
3.939999999999999858e+01
2.769999999999999929e+01
4.320000000000000284e+01
4.089999999999999858e+01
2.110000000000000142e+01
