2.319999999999999929e+01
3.370000000000000284e+01
1.180000000000000071e+01
3.729999999999999716e+01
1.960000000000000142e+01
1.119999999999999929e+01
1.730000000000000071e+01
3.160000000000000142e+01
1.600000000000000000e+01
3.810000000000000142e+01
1.710000000000000142e+01
1.380000000000000071e+01
3.810000000000000142e+01
4.970000000000000284e+01
2.080000000000000071e+01
3.479999999999999716e+01
3.539999999999999858e+01
3.720000000000000284e+01
3.850000000000000000e+01
2.050000000000000000e+01
4.250000000000000000e+01
2.430000000000000071e+01
3.850000000000000000e+01
4.629999999999999716e+01
3.119999999999999929e+01
3.450000000000000000e+01
2.600000000000000000e+01
3.760000000000000142e+01
2.539999999999999858e+01
2.139999999999999858e+01
3.220000000000000284e+01
2.980000000000000071e+01
3.929999999999999716e+01
3.810000000000000142e+01
4.489999999999999858e+01
2.510000000000000142e+01
7.529999999999999716e+01
3.750000000000000000e+01
2.539999999999999858e+01
2.139999999999999858e+01
3.220000000000000284e+01
2.980000000000000071e+01
3.929999999999999716e+01
3.810000000000000142e+01
