6.039999999999999858e+01
2.600000000000000000e+01
3.910000000000000142e+01
2.480000000000000071e+01
2.850000000000000000e+01
5.029999999999999716e+01
2.469999999999999929e+01
2.600000000000000000e+01
2.700000000000000000e+01
2.800000000000000000e+01
2.600000000000000000e+01
2.700000000000000000e+01
2.800000000000000000e+01
2.230000000000000071e+01
4.189999999999999858e+01
2.419999999999999929e+01
2.569999999999999929e+01
3.339999999999999858e+01
4.270000000000000284e+01
3.379999999999999716e+01
3.679999999999999716e+01
2.689999999999999858e+01
4.270000000000000284e+01
3.379999999999999716e+01
