1.519999999999999929e+01
2.850000000000000000e+01
2.750000000000000000e+01
1.900000000000000000e+01
2.460000000000000142e+01
1.390000000000000036e+01
2.210000000000000142e+01
3.470000000000000284e+01
5.599999999999999645e+00
8.400000000000000355e+00
6.700000000000000178e+00
5.900000000000000355e+00
7.500000000000000000e+00
5.599999999999999645e+00
2.210000000000000142e+01
6.299999999999999822e+00
3.470000000000000284e+01
4.560000000000000142e+01
2.169999999999999929e+01
5.599999999999999645e+00
0.000000000000000000e+00
0.000000000000000000e+00
0.000000000000000000e+00
0.000000000000000000e+00
0.000000000000000000e+00
0.000000000000000000e+00
0.000000000000000000e+00
0.000000000000000000e+00
0.000000000000000000e+00
0.000000000000000000e+00
0.000000000000000000e+00
0.000000000000000000e+00
0.000000000000000000e+00
0.000000000000000000e+00
0.000000000000000000e+00
0.000000000000000000e+00
0.000000000000000000e+00
0.000000000000000000e+00
0.000000000000000000e+00
0.000000000000000000e+00
0.000000000000000000e+00
0.000000000000000000e+00
0.000000000000000000e+00
1.730000000000000071e+01
3.529999999999999716e+01
1.319999999999999929e+01
4.070000000000000284e+01
4.860000000000000142e+01
2.250000000000000000e+01
2.069999999999999929e+01
5.089999999999999858e+01
3.589999999999999858e+01
1.009999999999999964e+01
2.180000000000000071e+01
2.780000000000000071e+01
1.419999999999999929e+01
2.250000000000000000e+01
5.089999999999999858e+01
