2.730000000000000071e+01
1.169999999999999929e+01
3.929999999999999716e+01
5.039999999999999858e+01
1.230000000000000071e+01
3.039999999999999858e+01
2.789999999999999858e+01
2.530000000000000071e+01
1.910000000000000142e+01
2.150000000000000000e+01
3.039999999999999858e+01
2.200000000000000000e+01
2.260000000000000142e+01
3.039999999999999858e+01
3.000000000000000000e+01
2.289999999999999858e+01
1.159999999999999964e+01
3.189999999999999858e+01
6.289999999999999858e+01
3.039999999999999858e+01
2.619999999999999929e+01
2.600000000000000000e+01
3.000000000000000000e+01
1.869999999999999929e+01
3.610000000000000142e+01
3.820000000000000284e+01
2.050000000000000000e+01
3.189999999999999858e+01
3.039999999999999858e+01
2.619999999999999929e+01
3.000000000000000000e+01
3.820000000000000284e+01
2.050000000000000000e+01
3.829999999999999716e+01
2.950000000000000000e+01
3.050000000000000000e+01
2.639999999999999858e+01
2.789999999999999858e+01
2.169999999999999929e+01
3.200000000000000000e+01
3.030000000000000071e+01
2.619999999999999929e+01
2.710000000000000142e+01
2.689999999999999858e+01
3.770000000000000284e+01
3.960000000000000142e+01
2.530000000000000071e+01
2.400000000000000000e+01
4.489999999999999858e+01
6.239999999999999858e+01
2.050000000000000000e+01
4.370000000000000284e+01
6.239999999999999858e+01
3.700000000000000000e+01
5.560000000000000142e+01
4.270000000000000284e+01
3.660000000000000142e+01
4.360000000000000142e+01
6.239999999999999858e+01
5.039999999999999858e+01
2.660000000000000142e+01
2.330000000000000071e+01
2.669999999999999929e+01
3.620000000000000284e+01
4.120000000000000284e+01
4.829999999999999716e+01
2.510000000000000142e+01
2.410000000000000142e+01
2.400000000000000000e+01
4.489999999999999858e+01
6.239999999999999858e+01
2.050000000000000000e+01
4.370000000000000284e+01
6.239999999999999858e+01
3.700000000000000000e+01
5.560000000000000142e+01
4.270000000000000284e+01
3.660000000000000142e+01
