1.469999999999999929e+01
1.480000000000000071e+01
3.160000000000000142e+01
6.010000000000000142e+01
1.369999999999999929e+01
2.719999999999999929e+01
3.289999999999999858e+01
1.760000000000000142e+01
2.030000000000000071e+01
1.369999999999999929e+01
5.500000000000000000e+01
1.780000000000000071e+01
3.030000000000000071e+01
3.239999999999999858e+01
4.239999999999999858e+01
3.800000000000000000e+01
1.540000000000000036e+01
2.289999999999999858e+01
6.039999999999999858e+01
2.030000000000000071e+01
4.629999999999999716e+01
5.470000000000000284e+01
1.789999999999999858e+01
6.010000000000000142e+01
3.489999999999999858e+01
1.830000000000000071e+01
7.390000000000000568e+01
6.260000000000000142e+01
1.230000000000000071e+01
2.760000000000000142e+01
3.729999999999999716e+01
3.210000000000000142e+01
4.239999999999999858e+01
1.509999999999999964e+01
4.020000000000000284e+01
1.889999999999999858e+01
3.410000000000000142e+01
4.389999999999999858e+01
4.210000000000000142e+01
3.360000000000000142e+01
2.310000000000000142e+01
1.569999999999999929e+01
7.670000000000000284e+01
1.450000000000000000e+01
3.589999999999999858e+01
4.879999999999999716e+01
1.240000000000000036e+01
2.250000000000000000e+01
4.460000000000000142e+01
6.700000000000000178e+00
5.900000000000000355e+00
8.000000000000000000e+00
6.599999999999999645e+00
6.500000000000000000e+00
5.400000000000000355e+00
4.879999999999999716e+01
1.240000000000000036e+01
2.250000000000000000e+01
4.460000000000000142e+01
6.299999999999999822e+00
8.699999999999999289e+00
3.350000000000000000e+01
2.860000000000000142e+01
2.719999999999999929e+01
3.479999999999999716e+01
0.000000000000000000e+00
0.000000000000000000e+00
0.000000000000000000e+00
0.000000000000000000e+00
0.000000000000000000e+00
0.000000000000000000e+00
0.000000000000000000e+00
0.000000000000000000e+00
0.000000000000000000e+00
0.000000000000000000e+00
0.000000000000000000e+00
0.000000000000000000e+00
0.000000000000000000e+00
0.000000000000000000e+00
0.000000000000000000e+00
0.000000000000000000e+00
0.000000000000000000e+00
0.000000000000000000e+00
0.000000000000000000e+00
0.000000000000000000e+00
0.000000000000000000e+00
0.000000000000000000e+00
0.000000000000000000e+00
0.000000000000000000e+00
0.000000000000000000e+00
1.789999999999999858e+01
1.660000000000000142e+01
4.729999999999999716e+01
5.179999999999999716e+01
2.469999999999999929e+01
2.719999999999999929e+01
6.909999999999999432e+01
2.069999999999999929e+01
4.420000000000000284e+01
5.250000000000000000e+01
3.239999999999999858e+01
2.239999999999999858e+01
2.980000000000000071e+01
5.879999999999999716e+01
3.539999999999999858e+01
