1.819999999999999929e+01
3.689999999999999858e+01
3.800000000000000000e+01
1.469999999999999929e+01
1.480000000000000071e+01
1.559999999999999964e+01
3.979999999999999716e+01
1.000000000000000000e+01
2.960000000000000142e+01
3.270000000000000284e+01
2.500000000000000000e+01
3.310000000000000142e+01
3.460000000000000142e+01
4.120000000000000284e+01
3.370000000000000284e+01
4.160000000000000142e+01
3.829999999999999716e+01
5.200000000000000178e+00
8.699999999999999289e+00
9.000000000000000000e+00
8.400000000000000355e+00
5.299999999999999822e+00
3.460000000000000142e+01
4.120000000000000284e+01
3.370000000000000284e+01
5.599999999999999645e+00
4.160000000000000142e+01
3.829999999999999716e+01
2.089999999999999858e+01
5.929999999999999716e+01
6.500000000000000000e+00
0.000000000000000000e+00
0.000000000000000000e+00
0.000000000000000000e+00
0.000000000000000000e+00
0.000000000000000000e+00
1.399999999999999911e+00
0.000000000000000000e+00
0.000000000000000000e+00
0.000000000000000000e+00
0.000000000000000000e+00
0.000000000000000000e+00
0.000000000000000000e+00
0.000000000000000000e+00
0.000000000000000000e+00
0.000000000000000000e+00
0.000000000000000000e+00
0.000000000000000000e+00
0.000000000000000000e+00
1.800000000000000044e+00
0.000000000000000000e+00
0.000000000000000000e+00
0.000000000000000000e+00
0.000000000000000000e+00
0.000000000000000000e+00
1.359999999999999964e+01
1.330000000000000071e+01
3.829999999999999716e+01
3.560000000000000142e+01
3.889999999999999858e+01
3.130000000000000071e+01
2.560000000000000142e+01
3.389999999999999858e+01
2.880000000000000071e+01
2.669999999999999929e+01
3.250000000000000000e+01
2.439999999999999858e+01
2.289999999999999858e+01
3.489999999999999858e+01
3.389999999999999858e+01
