1.550000000000000000e+01
3.650000000000000000e+01
6.239999999999999858e+01
3.689999999999999858e+01
1.950000000000000000e+01
1.750000000000000000e+01
3.229999999999999716e+01
2.139999999999999858e+01
2.289999999999999858e+01
2.960000000000000142e+01
1.810000000000000142e+01
2.969999999999999929e+01
2.950000000000000000e+01
1.159999999999999964e+01
1.830000000000000071e+01
2.400000000000000000e+01
3.589999999999999858e+01
2.350000000000000000e+01
3.000000000000000000e+01
2.950000000000000000e+01
2.400000000000000000e+01
3.589999999999999858e+01
2.350000000000000000e+01
3.000000000000000000e+01
2.610000000000000142e+01
3.579999999999999716e+01
6.709999999999999432e+01
2.460000000000000142e+01
2.680000000000000071e+01
2.980000000000000071e+01
2.380000000000000071e+01
2.860000000000000142e+01
3.810000000000000142e+01
3.370000000000000284e+01
3.110000000000000142e+01
6.239999999999999858e+01
2.589999999999999858e+01
2.030000000000000071e+01
4.270000000000000284e+01
2.469999999999999929e+01
4.189999999999999858e+01
2.019999999999999929e+01
3.679999999999999716e+01
2.850000000000000000e+01
2.650000000000000000e+01
2.260000000000000142e+01
3.929999999999999716e+01
3.300000000000000000e+01
6.050000000000000000e+01
3.210000000000000142e+01
3.080000000000000071e+01
2.910000000000000142e+01
4.139999999999999858e+01
2.110000000000000142e+01
4.189999999999999858e+01
2.019999999999999929e+01
3.679999999999999716e+01
2.850000000000000000e+01
2.650000000000000000e+01
2.260000000000000142e+01
3.929999999999999716e+01
3.300000000000000000e+01
2.469999999999999929e+01
