3.100000000000000000e+01
2.389999999999999858e+01
2.600000000000000000e+01
4.639999999999999858e+01
3.119999999999999929e+01
1.119999999999999929e+01
3.439999999999999858e+01
4.260000000000000142e+01
1.769999999999999929e+01
1.419999999999999929e+01
2.610000000000000142e+01
6.360000000000000142e+01
1.330000000000000071e+01
4.950000000000000000e+01
2.480000000000000071e+01
1.569999999999999929e+01
3.479999999999999716e+01
4.950000000000000000e+01
2.480000000000000071e+01
3.479999999999999716e+01
2.939999999999999858e+01
3.110000000000000142e+01
2.400000000000000000e+01
3.229999999999999716e+01
2.719999999999999929e+01
2.739999999999999858e+01
4.260000000000000142e+01
2.280000000000000071e+01
3.320000000000000284e+01
2.310000000000000142e+01
2.810000000000000142e+01
3.639999999999999858e+01
3.600000000000000000e+01
3.729999999999999716e+01
2.319999999999999929e+01
4.139999999999999858e+01
2.410000000000000142e+01
2.989999999999999858e+01
5.729999999999999716e+01
3.539999999999999858e+01
3.639999999999999858e+01
3.600000000000000000e+01
3.729999999999999716e+01
2.319999999999999929e+01
4.139999999999999858e+01
