3.929999999999999716e+01
1.960000000000000142e+01
1.960000000000000142e+01
2.189999999999999858e+01
4.189999999999999858e+01
3.479999999999999716e+01
2.960000000000000142e+01
2.310000000000000142e+01
3.169999999999999929e+01
3.520000000000000284e+01
2.150000000000000000e+01
2.819999999999999929e+01
6.500000000000000000e+00
9.599999999999999645e+00
3.939999999999999858e+01
1.500000000000000000e+01
1.869999999999999929e+01
3.110000000000000142e+01
3.080000000000000071e+01
1.109999999999999964e+01
4.389999999999999858e+01
6.000000000000000000e+00
3.729999999999999716e+01
5.900000000000000355e+00
1.580000000000000071e+01
2.589999999999999858e+01
4.210000000000000142e+01
3.689999999999999858e+01
3.820000000000000284e+01
7.099999999999999645e+00
3.139999999999999858e+01
3.939999999999999858e+01
3.110000000000000142e+01
3.080000000000000071e+01
4.389999999999999858e+01
2.589999999999999858e+01
4.210000000000000142e+01
3.689999999999999858e+01
3.820000000000000284e+01
3.139999999999999858e+01
3.629999999999999716e+01
2.589999999999999858e+01
5.050000000000000000e+01
3.450000000000000000e+01
5.539999999999999858e+01
3.900000000000000000e+01
3.429999999999999716e+01
3.939999999999999858e+01
3.110000000000000142e+01
3.080000000000000071e+01
4.389999999999999858e+01
2.589999999999999858e+01
3.820000000000000284e+01
3.139999999999999858e+01
3.629999999999999716e+01
2.589999999999999858e+01
5.050000000000000000e+01
3.450000000000000000e+01
5.539999999999999858e+01
3.939999999999999858e+01
3.110000000000000142e+01
3.080000000000000071e+01
4.389999999999999858e+01
2.589999999999999858e+01
3.820000000000000284e+01
3.139999999999999858e+01
