1.350000000000000000e+01
3.829999999999999716e+01
5.920000000000000284e+01
2.969999999999999929e+01
4.870000000000000284e+01
3.770000000000000284e+01
2.660000000000000142e+01
2.969999999999999929e+01
3.229999999999999716e+01
4.789999999999999858e+01
2.539999999999999858e+01
1.409999999999999964e+01
2.860000000000000142e+01
2.630000000000000071e+01
2.860000000000000142e+01
2.630000000000000071e+01
3.810000000000000142e+01
2.710000000000000142e+01
2.739999999999999858e+01
4.270000000000000284e+01
2.910000000000000142e+01
3.400000000000000000e+01
2.710000000000000142e+01
2.580000000000000071e+01
2.160000000000000142e+01
3.160000000000000142e+01
8.420000000000000284e+01
4.289999999999999858e+01
2.450000000000000000e+01
2.130000000000000071e+01
3.429999999999999716e+01
4.760000000000000142e+01
2.819999999999999929e+01
3.130000000000000071e+01
4.200000000000000000e+01
5.289999999999999858e+01
3.360000000000000142e+01
4.229999999999999716e+01
5.150000000000000000e+01
2.139999999999999858e+01
2.450000000000000000e+01
2.130000000000000071e+01
3.429999999999999716e+01
4.760000000000000142e+01
2.819999999999999929e+01
3.130000000000000071e+01
