1.300000000000000000e+01
2.439999999999999858e+01
4.820000000000000284e+01
1.359999999999999964e+01
2.939999999999999858e+01
2.939999999999999858e+01
2.889999999999999858e+01
4.460000000000000142e+01
2.739999999999999858e+01
2.739999999999999858e+01
3.510000000000000142e+01
4.229999999999999716e+01
6.470000000000000284e+01
3.510000000000000142e+01
4.229999999999999716e+01
6.470000000000000284e+01
3.339999999999999858e+01
3.169999999999999929e+01
2.119999999999999929e+01
3.060000000000000142e+01
2.030000000000000071e+01
4.029999999999999716e+01
2.989999999999999858e+01
2.089999999999999858e+01
3.879999999999999716e+01
5.189999999999999858e+01
2.330000000000000071e+01
2.439999999999999858e+01
4.300000000000000000e+01
3.850000000000000000e+01
2.339999999999999858e+01
3.139999999999999858e+01
2.669999999999999929e+01
5.789999999999999858e+01
3.339999999999999858e+01
3.600000000000000000e+01
3.080000000000000071e+01
2.589999999999999858e+01
7.270000000000000284e+01
4.300000000000000000e+01
3.850000000000000000e+01
2.339999999999999858e+01
3.139999999999999858e+01
2.669999999999999929e+01
5.789999999999999858e+01
3.339999999999999858e+01
3.600000000000000000e+01
