2.960000000000000142e+01
2.580000000000000071e+01
1.009999999999999964e+01
2.930000000000000071e+01
5.710000000000000142e+01
3.739999999999999858e+01
1.159999999999999964e+01
1.319999999999999929e+01
1.610000000000000142e+01
3.169999999999999929e+01
2.430000000000000071e+01
1.600000000000000000e+01
3.670000000000000284e+01
3.069999999999999929e+01
3.810000000000000142e+01
3.660000000000000142e+01
3.370000000000000284e+01
3.750000000000000000e+01
3.810000000000000142e+01
3.660000000000000142e+01
3.370000000000000284e+01
3.750000000000000000e+01
3.019999999999999929e+01
2.439999999999999858e+01
4.620000000000000284e+01
2.789999999999999858e+01
3.529999999999999716e+01
3.000000000000000000e+01
2.600000000000000000e+01
2.200000000000000000e+01
4.960000000000000142e+01
3.829999999999999716e+01
6.829999999999999716e+01
3.800000000000000000e+01
2.910000000000000142e+01
2.600000000000000000e+01
3.910000000000000142e+01
2.280000000000000071e+01
2.369999999999999929e+01
2.560000000000000142e+01
4.570000000000000284e+01
4.260000000000000142e+01
2.310000000000000142e+01
4.160000000000000142e+01
3.060000000000000142e+01
2.019999999999999929e+01
2.080000000000000071e+01
3.130000000000000071e+01
3.210000000000000142e+01
3.389999999999999858e+01
3.920000000000000284e+01
3.370000000000000284e+01
3.479999999999999716e+01
3.089999999999999858e+01
2.569999999999999929e+01
2.239999999999999858e+01
3.160000000000000142e+01
2.639999999999999858e+01
4.079999999999999716e+01
4.100000000000000000e+01
4.270000000000000284e+01
2.910000000000000142e+01
2.600000000000000000e+01
3.910000000000000142e+01
2.280000000000000071e+01
2.369999999999999929e+01
2.560000000000000142e+01
4.570000000000000284e+01
4.260000000000000142e+01
2.310000000000000142e+01
4.160000000000000142e+01
3.060000000000000142e+01
2.019999999999999929e+01
2.080000000000000071e+01
