2.039999999999999858e+01
4.720000000000000284e+01
2.460000000000000142e+01
3.119999999999999929e+01
4.210000000000000142e+01
2.910000000000000142e+01
3.350000000000000000e+01
6.250000000000000000e+01
1.980000000000000071e+01
2.580000000000000071e+01
1.259999999999999964e+01
2.950000000000000000e+01
1.930000000000000071e+01
3.039999999999999858e+01
3.789999999999999858e+01
1.130000000000000071e+01
3.629999999999999716e+01
2.350000000000000000e+01
1.830000000000000071e+01
3.760000000000000142e+01
2.380000000000000071e+01
3.679999999999999716e+01
3.629999999999999716e+01
2.350000000000000000e+01
3.760000000000000142e+01
2.380000000000000071e+01
3.679999999999999716e+01
2.139999999999999858e+01
3.010000000000000142e+01
2.410000000000000142e+01
3.389999999999999858e+01
2.610000000000000142e+01
2.489999999999999858e+01
2.069999999999999929e+01
4.100000000000000000e+01
3.889999999999999858e+01
4.360000000000000142e+01
2.330000000000000071e+01
3.130000000000000071e+01
4.329999999999999716e+01
3.889999999999999858e+01
2.369999999999999929e+01
2.930000000000000071e+01
2.930000000000000071e+01
3.629999999999999716e+01
4.220000000000000284e+01
4.120000000000000284e+01
2.069999999999999929e+01
4.450000000000000000e+01
4.100000000000000000e+01
3.889999999999999858e+01
4.360000000000000142e+01
2.330000000000000071e+01
3.130000000000000071e+01
4.329999999999999716e+01
3.889999999999999858e+01
2.369999999999999929e+01
2.930000000000000071e+01
