3.119999999999999929e+01
4.470000000000000284e+01
3.460000000000000142e+01
1.569999999999999929e+01
2.539999999999999858e+01
5.450000000000000000e+01
1.700000000000000000e+01
2.650000000000000000e+01
4.650000000000000000e+01
3.770000000000000284e+01
7.250000000000000000e+01
3.260000000000000142e+01
5.770000000000000284e+01
6.500000000000000000e+01
2.610000000000000142e+01
2.160000000000000142e+01
3.210000000000000142e+01
3.900000000000000000e+01
2.430000000000000071e+01
4.560000000000000142e+01
2.610000000000000142e+01
6.500000000000000000e+01
