1.180000000000000071e+01
4.279999999999999716e+01
2.560000000000000142e+01
3.989999999999999858e+01
5.039999999999999858e+01
3.770000000000000284e+01
2.389999999999999858e+01
2.480000000000000071e+01
2.680000000000000071e+01
5.979999999999999716e+01
2.710000000000000142e+01
2.360000000000000142e+01
5.860000000000000142e+01
3.130000000000000071e+01
2.860000000000000142e+01
2.810000000000000142e+01
2.360000000000000142e+01
5.860000000000000142e+01
3.130000000000000071e+01
2.860000000000000142e+01
2.810000000000000142e+01
3.720000000000000284e+01
2.360000000000000142e+01
4.029999999999999716e+01
2.800000000000000000e+01
2.660000000000000142e+01
6.540000000000000568e+01
3.460000000000000142e+01
2.430000000000000071e+01
2.819999999999999929e+01
2.519999999999999929e+01
2.839999999999999858e+01
5.320000000000000284e+01
2.430000000000000071e+01
7.440000000000000568e+01
6.629999999999999716e+01
2.680000000000000071e+01
4.739999999999999858e+01
5.360000000000000142e+01
2.600000000000000000e+01
3.860000000000000142e+01
2.489999999999999858e+01
3.460000000000000142e+01
2.430000000000000071e+01
2.819999999999999929e+01
2.519999999999999929e+01
2.839999999999999858e+01
5.320000000000000284e+01
2.430000000000000071e+01
6.540000000000000568e+01
