3.089999999999999858e+01
1.700000000000000000e+01
3.970000000000000284e+01
1.660000000000000142e+01
1.700000000000000000e+01
4.550000000000000000e+01
1.390000000000000036e+01
2.460000000000000142e+01
4.460000000000000142e+01
6.179999999999999716e+01
3.600000000000000000e+01
2.319999999999999929e+01
2.450000000000000000e+01
6.179999999999999716e+01
3.600000000000000000e+01
2.319999999999999929e+01
3.600000000000000000e+01
2.769999999999999929e+01
3.970000000000000284e+01
3.030000000000000071e+01
3.210000000000000142e+01
2.960000000000000142e+01
3.610000000000000142e+01
4.129999999999999716e+01
2.389999999999999858e+01
2.010000000000000142e+01
3.360000000000000142e+01
3.620000000000000284e+01
5.260000000000000142e+01
2.039999999999999858e+01
2.639999999999999858e+01
2.010000000000000142e+01
3.360000000000000142e+01
