6.070000000000000284e+01
4.039999999999999858e+01
4.989999999999999858e+01
3.310000000000000142e+01
3.689999999999999858e+01
2.160000000000000142e+01
3.169999999999999929e+01
2.819999999999999929e+01
1.419999999999999929e+01
3.920000000000000284e+01
4.010000000000000142e+01
2.160000000000000142e+01
2.819999999999999929e+01
3.920000000000000284e+01
4.010000000000000142e+01
2.550000000000000000e+01
2.730000000000000071e+01
4.300000000000000000e+01
2.310000000000000142e+01
3.700000000000000000e+01
3.450000000000000000e+01
2.789999999999999858e+01
2.180000000000000071e+01
4.560000000000000142e+01
3.470000000000000284e+01
4.029999999999999716e+01
2.189999999999999858e+01
4.829999999999999716e+01
3.950000000000000000e+01
2.789999999999999858e+01
3.910000000000000142e+01
3.080000000000000071e+01
3.539999999999999858e+01
3.900000000000000000e+01
2.569999999999999929e+01
3.800000000000000000e+01
6.279999999999999716e+01
2.989999999999999858e+01
4.560000000000000142e+01
3.470000000000000284e+01
4.029999999999999716e+01
2.189999999999999858e+01
2.180000000000000071e+01
