5.139999999999999858e+01
2.919999999999999929e+01
2.239999999999999858e+01
3.350000000000000000e+01
1.200000000000000000e+01
2.180000000000000071e+01
2.160000000000000142e+01
4.429999999999999716e+01
2.180000000000000071e+01
2.160000000000000142e+01
4.429999999999999716e+01
3.050000000000000000e+01
2.180000000000000071e+01
3.080000000000000071e+01
3.000000000000000000e+01
4.529999999999999716e+01
4.060000000000000142e+01
3.970000000000000284e+01
3.770000000000000284e+01
3.910000000000000142e+01
2.139999999999999858e+01
4.750000000000000000e+01
3.119999999999999929e+01
4.379999999999999716e+01
4.129999999999999716e+01
2.200000000000000000e+01
4.529999999999999716e+01
2.969999999999999929e+01
3.550000000000000000e+01
4.150000000000000000e+01
2.369999999999999929e+01
3.739999999999999858e+01
3.350000000000000000e+01
3.239999999999999858e+01
2.169999999999999929e+01
3.500000000000000000e+01
2.050000000000000000e+01
3.360000000000000142e+01
4.460000000000000142e+01
3.510000000000000142e+01
2.380000000000000071e+01
2.519999999999999929e+01
2.180000000000000071e+01
2.160000000000000142e+01
4.429999999999999716e+01
3.050000000000000000e+01
2.180000000000000071e+01
3.080000000000000071e+01
3.000000000000000000e+01
4.529999999999999716e+01
4.060000000000000142e+01
3.970000000000000284e+01
3.770000000000000284e+01
3.910000000000000142e+01
2.139999999999999858e+01
4.750000000000000000e+01
3.119999999999999929e+01
4.379999999999999716e+01
4.129999999999999716e+01
2.200000000000000000e+01
4.529999999999999716e+01
2.969999999999999929e+01
3.550000000000000000e+01
4.150000000000000000e+01
2.369999999999999929e+01
3.739999999999999858e+01
3.350000000000000000e+01
3.239999999999999858e+01
2.169999999999999929e+01
3.500000000000000000e+01
2.050000000000000000e+01
3.360000000000000142e+01
4.460000000000000142e+01
3.510000000000000142e+01
2.380000000000000071e+01
2.519999999999999929e+01
2.180000000000000071e+01
2.160000000000000142e+01
4.429999999999999716e+01
3.050000000000000000e+01
2.180000000000000071e+01
3.080000000000000071e+01
3.000000000000000000e+01
4.529999999999999716e+01
4.060000000000000142e+01
3.970000000000000284e+01
3.770000000000000284e+01
3.910000000000000142e+01
2.139999999999999858e+01
4.750000000000000000e+01
4.379999999999999716e+01
4.129999999999999716e+01
2.200000000000000000e+01
4.529999999999999716e+01
2.969999999999999929e+01
3.550000000000000000e+01
4.150000000000000000e+01
2.369999999999999929e+01
2.180000000000000071e+01
2.160000000000000142e+01
4.429999999999999716e+01
3.050000000000000000e+01
2.180000000000000071e+01
3.080000000000000071e+01
3.000000000000000000e+01
4.529999999999999716e+01
4.060000000000000142e+01
3.970000000000000284e+01
3.770000000000000284e+01
3.910000000000000142e+01
2.139999999999999858e+01
4.750000000000000000e+01
4.379999999999999716e+01
