1.989999999999999858e+01
2.030000000000000071e+01
3.839999999999999858e+01
2.260000000000000142e+01
2.069999999999999929e+01
4.179999999999999716e+01
1.769999999999999929e+01
2.910000000000000142e+01
2.450000000000000000e+01
2.369999999999999929e+01
3.300000000000000000e+01
6.160000000000000142e+01
1.309999999999999964e+01
3.679999999999999716e+01
4.300000000000000000e+01
2.039999999999999858e+01
3.250000000000000000e+01
1.919999999999999929e+01
4.179999999999999716e+01
2.450000000000000000e+01
3.300000000000000000e+01
6.160000000000000142e+01
3.679999999999999716e+01
2.039999999999999858e+01
2.100000000000000000e+01
3.489999999999999858e+01
3.019999999999999929e+01
4.479999999999999716e+01
4.200000000000000000e+01
2.660000000000000142e+01
2.260000000000000142e+01
2.630000000000000071e+01
2.069999999999999929e+01
2.400000000000000000e+01
3.100000000000000000e+01
2.300000000000000000e+01
2.589999999999999858e+01
3.169999999999999929e+01
2.350000000000000000e+01
2.769999999999999929e+01
3.579999999999999716e+01
3.910000000000000142e+01
4.110000000000000142e+01
3.639999999999999858e+01
3.700000000000000000e+01
5.000000000000000000e+01
2.980000000000000071e+01
3.080000000000000071e+01
3.629999999999999716e+01
7.920000000000000284e+01
4.210000000000000142e+01
3.180000000000000071e+01
3.169999999999999929e+01
2.350000000000000000e+01
2.769999999999999929e+01
3.579999999999999716e+01
3.910000000000000142e+01
4.110000000000000142e+01
3.639999999999999858e+01
3.700000000000000000e+01
5.000000000000000000e+01
