3.620000000000000284e+01
4.179999999999999716e+01
6.229999999999999716e+01
2.060000000000000142e+01
5.020000000000000284e+01
3.200000000000000000e+01
2.310000000000000142e+01
1.490000000000000036e+01
8.059999999999999432e+01
1.850000000000000000e+01
1.989999999999999858e+01
1.350000000000000000e+01
6.820000000000000284e+01
3.119999999999999929e+01
6.709999999999999432e+01
7.750000000000000000e+01
3.889999999999999858e+01
3.739999999999999858e+01
3.389999999999999858e+01
6.339999999999999858e+01
3.629999999999999716e+01
2.739999999999999858e+01
2.780000000000000071e+01
2.480000000000000071e+01
2.819999999999999929e+01
2.169999999999999929e+01
2.639999999999999858e+01
2.450000000000000000e+01
3.360000000000000142e+01
4.000000000000000000e+01
4.379999999999999716e+01
4.689999999999999858e+01
2.160000000000000142e+01
3.610000000000000142e+01
3.579999999999999716e+01
3.979999999999999716e+01
2.019999999999999929e+01
6.820000000000000284e+01
3.119999999999999929e+01
6.709999999999999432e+01
7.750000000000000000e+01
3.889999999999999858e+01
3.739999999999999858e+01
3.389999999999999858e+01
6.339999999999999858e+01
3.629999999999999716e+01
2.739999999999999858e+01
2.780000000000000071e+01
2.480000000000000071e+01
2.819999999999999929e+01
2.169999999999999929e+01
2.639999999999999858e+01
2.450000000000000000e+01
3.360000000000000142e+01
4.000000000000000000e+01
4.379999999999999716e+01
4.689999999999999858e+01
2.160000000000000142e+01
3.610000000000000142e+01
3.579999999999999716e+01
3.979999999999999716e+01
2.019999999999999929e+01
6.820000000000000284e+01
3.119999999999999929e+01
6.709999999999999432e+01
7.750000000000000000e+01
3.889999999999999858e+01
3.739999999999999858e+01
6.339999999999999858e+01
3.629999999999999716e+01
2.739999999999999858e+01
2.780000000000000071e+01
2.480000000000000071e+01
2.819999999999999929e+01
2.169999999999999929e+01
2.639999999999999858e+01
6.820000000000000284e+01
3.119999999999999929e+01
6.709999999999999432e+01
7.750000000000000000e+01
3.889999999999999858e+01
3.739999999999999858e+01
