1.200000000000000000e+01
4.389999999999999858e+01
2.839999999999999858e+01
2.410000000000000142e+01
1.669999999999999929e+01
3.320000000000000284e+01
4.710000000000000142e+01
3.770000000000000284e+01
4.660000000000000142e+01
4.660000000000000142e+01
2.089999999999999858e+01
4.139999999999999858e+01
3.689999999999999858e+01
3.110000000000000142e+01
2.300000000000000000e+01
3.479999999999999716e+01
3.460000000000000142e+01
2.200000000000000000e+01
2.800000000000000000e+01
3.860000000000000142e+01
4.060000000000000142e+01
2.719999999999999929e+01
4.570000000000000284e+01
4.039999999999999858e+01
2.250000000000000000e+01
3.810000000000000142e+01
4.850000000000000000e+01
3.879999999999999716e+01
3.600000000000000000e+01
3.870000000000000284e+01
2.650000000000000000e+01
3.050000000000000000e+01
3.520000000000000284e+01
4.060000000000000142e+01
4.660000000000000142e+01
2.089999999999999858e+01
4.139999999999999858e+01
3.689999999999999858e+01
3.110000000000000142e+01
2.300000000000000000e+01
3.479999999999999716e+01
3.460000000000000142e+01
2.200000000000000000e+01
2.800000000000000000e+01
3.860000000000000142e+01
4.060000000000000142e+01
4.570000000000000284e+01
4.039999999999999858e+01
2.250000000000000000e+01
3.810000000000000142e+01
4.850000000000000000e+01
3.879999999999999716e+01
3.600000000000000000e+01
3.870000000000000284e+01
2.650000000000000000e+01
3.050000000000000000e+01
3.520000000000000284e+01
4.060000000000000142e+01
4.660000000000000142e+01
3.689999999999999858e+01
3.110000000000000142e+01
2.300000000000000000e+01
3.479999999999999716e+01
3.460000000000000142e+01
2.200000000000000000e+01
2.800000000000000000e+01
3.860000000000000142e+01
4.060000000000000142e+01
4.660000000000000142e+01
3.689999999999999858e+01
3.110000000000000142e+01
2.300000000000000000e+01
3.479999999999999716e+01
3.460000000000000142e+01
