4.089999999999999858e+01
2.010000000000000142e+01
2.089999999999999858e+01
4.929999999999999716e+01
2.960000000000000142e+01
1.769999999999999929e+01
3.119999999999999929e+01
2.960000000000000142e+01
2.200000000000000000e+01
3.489999999999999858e+01
6.320000000000000284e+01
1.180000000000000071e+01
4.339999999999999858e+01
1.950000000000000000e+01
1.259999999999999964e+01
3.720000000000000284e+01
3.560000000000000142e+01
4.120000000000000284e+01
2.919999999999999929e+01
2.219999999999999929e+01
3.720000000000000284e+01
3.560000000000000142e+01
4.120000000000000284e+01
2.919999999999999929e+01
2.219999999999999929e+01
8.859999999999999432e+01
9.140000000000000568e+01
3.539999999999999858e+01
2.569999999999999929e+01
3.300000000000000000e+01
3.160000000000000142e+01
2.669999999999999929e+01
4.120000000000000284e+01
5.829999999999999716e+01
3.720000000000000284e+01
2.119999999999999929e+01
2.889999999999999858e+01
2.469999999999999929e+01
3.750000000000000000e+01
2.530000000000000071e+01
4.439999999999999858e+01
6.950000000000000000e+01
3.479999999999999716e+01
5.270000000000000284e+01
2.119999999999999929e+01
2.889999999999999858e+01
2.469999999999999929e+01
3.750000000000000000e+01
2.530000000000000071e+01
5.829999999999999716e+01
