4.100000000000000000e+01
1.550000000000000000e+01
2.300000000000000000e+01
2.580000000000000071e+01
3.060000000000000142e+01
1.710000000000000142e+01
3.160000000000000142e+01
4.560000000000000142e+01
6.060000000000000142e+01
2.619999999999999929e+01
1.080000000000000071e+01
3.350000000000000000e+01
2.850000000000000000e+01
4.129999999999999716e+01
2.939999999999999858e+01
2.380000000000000071e+01
1.889999999999999858e+01
3.820000000000000284e+01
2.060000000000000142e+01
3.169999999999999929e+01
2.939999999999999858e+01
2.380000000000000071e+01
3.820000000000000284e+01
2.060000000000000142e+01
3.169999999999999929e+01
3.420000000000000284e+01
5.250000000000000000e+01
3.729999999999999716e+01
2.910000000000000142e+01
5.279999999999999716e+01
3.160000000000000142e+01
5.679999999999999716e+01
3.620000000000000284e+01
4.920000000000000284e+01
4.379999999999999716e+01
6.129999999999999716e+01
5.570000000000000284e+01
2.350000000000000000e+01
2.010000000000000142e+01
3.119999999999999929e+01
2.550000000000000000e+01
3.670000000000000284e+01
4.070000000000000284e+01
2.300000000000000000e+01
4.920000000000000284e+01
4.379999999999999716e+01
6.129999999999999716e+01
3.620000000000000284e+01
