2.400000000000000000e+01
1.810000000000000142e+01
2.250000000000000000e+01
5.979999999999999716e+01
3.000000000000000000e+01
4.139999999999999858e+01
1.550000000000000000e+01
1.580000000000000071e+01
1.559999999999999964e+01
1.019999999999999929e+01
2.360000000000000142e+01
2.810000000000000142e+01
3.010000000000000142e+01
3.989999999999999858e+01
3.850000000000000000e+01
4.689999999999999858e+01
3.520000000000000284e+01
3.650000000000000000e+01
3.989999999999999858e+01
3.850000000000000000e+01
4.689999999999999858e+01
3.520000000000000284e+01
3.650000000000000000e+01
2.419999999999999929e+01
4.070000000000000284e+01
4.189999999999999858e+01
3.729999999999999716e+01
2.889999999999999858e+01
7.500000000000000000e+01
4.020000000000000284e+01
2.019999999999999929e+01
2.380000000000000071e+01
3.320000000000000284e+01
2.730000000000000071e+01
3.820000000000000284e+01
4.379999999999999716e+01
2.889999999999999858e+01
4.139999999999999858e+01
2.650000000000000000e+01
2.510000000000000142e+01
3.210000000000000142e+01
4.010000000000000142e+01
2.010000000000000142e+01
2.550000000000000000e+01
2.660000000000000142e+01
2.850000000000000000e+01
3.600000000000000000e+01
2.250000000000000000e+01
4.020000000000000284e+01
2.750000000000000000e+01
2.819999999999999929e+01
2.650000000000000000e+01
2.510000000000000142e+01
3.210000000000000142e+01
4.010000000000000142e+01
2.010000000000000142e+01
2.550000000000000000e+01
2.660000000000000142e+01
4.379999999999999716e+01
