7.109999999999999432e+01
3.729999999999999716e+01
1.209999999999999964e+01
6.709999999999999432e+01
4.460000000000000142e+01
5.820000000000000284e+01
3.460000000000000142e+01
1.269999999999999929e+01
1.810000000000000142e+01
4.070000000000000284e+01
2.139999999999999858e+01
2.469999999999999929e+01
1.130000000000000071e+01
3.150000000000000000e+01
2.469999999999999929e+01
3.150000000000000000e+01
3.150000000000000000e+01
4.360000000000000142e+01
3.729999999999999716e+01
3.910000000000000142e+01
4.729999999999999716e+01
3.620000000000000284e+01
4.539999999999999858e+01
3.489999999999999858e+01
2.889999999999999858e+01
2.880000000000000071e+01
2.150000000000000000e+01
3.639999999999999858e+01
3.579999999999999716e+01
5.200000000000000000e+01
5.000000000000000000e+01
2.550000000000000000e+01
3.080000000000000071e+01
2.739999999999999858e+01
2.889999999999999858e+01
2.880000000000000071e+01
2.150000000000000000e+01
3.639999999999999858e+01
