3.420000000000000284e+01
4.370000000000000284e+01
6.289999999999999858e+01
4.710000000000000142e+01
3.550000000000000000e+01
4.729999999999999716e+01
6.150000000000000000e+01
3.069999999999999929e+01
6.150000000000000000e+01
3.069999999999999929e+01
3.879999999999999716e+01
2.360000000000000142e+01
3.539999999999999858e+01
3.189999999999999858e+01
4.160000000000000142e+01
5.010000000000000142e+01
2.480000000000000071e+01
3.130000000000000071e+01
4.010000000000000142e+01
6.139999999999999858e+01
2.219999999999999929e+01
2.930000000000000071e+01
3.960000000000000142e+01
5.200000000000000000e+01
2.950000000000000000e+01
2.660000000000000142e+01
3.679999999999999716e+01
4.229999999999999716e+01
2.810000000000000142e+01
3.180000000000000071e+01
3.529999999999999716e+01
4.229999999999999716e+01
3.689999999999999858e+01
2.350000000000000000e+01
2.619999999999999929e+01
2.260000000000000142e+01
3.160000000000000142e+01
5.979999999999999716e+01
3.360000000000000142e+01
2.660000000000000142e+01
3.679999999999999716e+01
4.229999999999999716e+01
2.810000000000000142e+01
3.180000000000000071e+01
3.529999999999999716e+01
4.229999999999999716e+01
3.689999999999999858e+01
