1.810000000000000142e+01
3.239999999999999858e+01
1.869999999999999929e+01
1.630000000000000071e+01
5.560000000000000142e+01
3.439999999999999858e+01
5.920000000000000284e+01
3.770000000000000284e+01
1.390000000000000036e+01
2.900000000000000000e+01
4.039999999999999858e+01
2.900000000000000000e+01
4.039999999999999858e+01
3.350000000000000000e+01
2.669999999999999929e+01
4.550000000000000000e+01
2.350000000000000000e+01
4.770000000000000284e+01
3.779999999999999716e+01
4.050000000000000000e+01
2.880000000000000071e+01
2.910000000000000142e+01
3.710000000000000142e+01
3.320000000000000284e+01
2.550000000000000000e+01
6.279999999999999716e+01
2.900000000000000000e+01
2.260000000000000142e+01
3.610000000000000142e+01
2.160000000000000142e+01
3.019999999999999929e+01
5.660000000000000142e+01
3.539999999999999858e+01
2.319999999999999929e+01
3.250000000000000000e+01
2.919999999999999929e+01
3.510000000000000142e+01
1.290000000000000036e+01
1.140000000000000036e+01
1.240000000000000036e+01
0.000000000000000000e+00
1.100000000000000089e+00
7.299999999999999822e+00
0.000000000000000000e+00
0.000000000000000000e+00
0.000000000000000000e+00
5.099999999999999645e+00
9.000000000000000000e+00
0.000000000000000000e+00
0.000000000000000000e+00
2.930000000000000071e+01
3.679999999999999716e+01
0.000000000000000000e+00
0.000000000000000000e+00
0.000000000000000000e+00
0.000000000000000000e+00
0.000000000000000000e+00
0.000000000000000000e+00
0.000000000000000000e+00
2.119999999999999929e+01
0.000000000000000000e+00
0.000000000000000000e+00
2.469999999999999929e+01
0.000000000000000000e+00
0.000000000000000000e+00
2.900000000000000000e+01
4.039999999999999858e+01
3.350000000000000000e+01
2.669999999999999929e+01
4.550000000000000000e+01
2.350000000000000000e+01
3.779999999999999716e+01
4.050000000000000000e+01
2.880000000000000071e+01
2.910000000000000142e+01
3.710000000000000142e+01
3.320000000000000284e+01
2.550000000000000000e+01
6.279999999999999716e+01
2.900000000000000000e+01
2.260000000000000142e+01
3.610000000000000142e+01
2.160000000000000142e+01
3.019999999999999929e+01
5.660000000000000142e+01
3.539999999999999858e+01
3.250000000000000000e+01
2.900000000000000000e+01
4.039999999999999858e+01
3.350000000000000000e+01
2.669999999999999929e+01
4.550000000000000000e+01
2.350000000000000000e+01
3.779999999999999716e+01
4.050000000000000000e+01
2.880000000000000071e+01
2.910000000000000142e+01
3.710000000000000142e+01
3.320000000000000284e+01
2.550000000000000000e+01
6.279999999999999716e+01
2.900000000000000000e+01
2.260000000000000142e+01
3.610000000000000142e+01
2.160000000000000142e+01
