3.889999999999999858e+01
6.320000000000000284e+01
2.500000000000000000e+01
3.080000000000000071e+01
4.170000000000000284e+01
2.830000000000000071e+01
4.110000000000000142e+01
2.180000000000000071e+01
2.839999999999999858e+01
2.350000000000000000e+01
4.110000000000000142e+01
2.180000000000000071e+01
2.839999999999999858e+01
2.350000000000000000e+01
6.070000000000000284e+01
3.829999999999999716e+01
2.700000000000000000e+01
4.210000000000000142e+01
3.180000000000000071e+01
2.189999999999999858e+01
2.000000000000000000e+01
3.739999999999999858e+01
4.429999999999999716e+01
3.810000000000000142e+01
4.100000000000000000e+01
3.920000000000000284e+01
3.929999999999999716e+01
2.500000000000000000e+01
3.489999999999999858e+01
4.210000000000000142e+01
4.000000000000000000e+01
3.180000000000000071e+01
4.889999999999999858e+01
4.100000000000000000e+01
3.920000000000000284e+01
3.929999999999999716e+01
2.500000000000000000e+01
3.489999999999999858e+01
