2.830000000000000071e+01
5.200000000000000000e+01
3.250000000000000000e+01
5.979999999999999716e+01
1.390000000000000036e+01
3.610000000000000142e+01
1.830000000000000071e+01
4.410000000000000142e+01
1.450000000000000000e+01
5.360000000000000142e+01
2.010000000000000142e+01
6.150000000000000000e+01
2.880000000000000071e+01
2.430000000000000071e+01
3.389999999999999858e+01
2.880000000000000071e+01
2.430000000000000071e+01
3.389999999999999858e+01
2.600000000000000000e+01
7.320000000000000284e+01
3.130000000000000071e+01
6.809999999999999432e+01
3.119999999999999929e+01
2.800000000000000000e+01
2.239999999999999858e+01
5.579999999999999716e+01
4.020000000000000284e+01
3.239999999999999858e+01
4.300000000000000000e+01
4.039999999999999858e+01
3.600000000000000000e+01
2.010000000000000142e+01
2.969999999999999929e+01
2.239999999999999858e+01
5.579999999999999716e+01
4.020000000000000284e+01
3.239999999999999858e+01
4.300000000000000000e+01
4.039999999999999858e+01
