3.039999999999999858e+01
6.609999999999999432e+01
4.970000000000000284e+01
1.989999999999999858e+01
1.180000000000000071e+01
1.989999999999999858e+01
3.360000000000000142e+01
4.389999999999999858e+01
2.830000000000000071e+01
2.919999999999999929e+01
3.410000000000000142e+01
2.919999999999999929e+01
3.410000000000000142e+01
3.320000000000000284e+01
4.100000000000000000e+01
5.160000000000000142e+01
2.689999999999999858e+01
5.229999999999999716e+01
2.539999999999999858e+01
2.569999999999999929e+01
3.620000000000000284e+01
2.300000000000000000e+01
2.180000000000000071e+01
2.900000000000000000e+01
4.129999999999999716e+01
2.319999999999999929e+01
3.470000000000000284e+01
2.450000000000000000e+01
2.019999999999999929e+01
2.169999999999999929e+01
2.839999999999999858e+01
2.919999999999999929e+01
3.410000000000000142e+01
3.320000000000000284e+01
4.100000000000000000e+01
5.160000000000000142e+01
2.689999999999999858e+01
5.229999999999999716e+01
2.539999999999999858e+01
2.569999999999999929e+01
3.620000000000000284e+01
2.300000000000000000e+01
2.180000000000000071e+01
2.900000000000000000e+01
4.129999999999999716e+01
2.319999999999999929e+01
3.470000000000000284e+01
2.450000000000000000e+01
2.019999999999999929e+01
2.169999999999999929e+01
2.839999999999999858e+01
2.060000000000000142e+01
2.919999999999999929e+01
3.410000000000000142e+01
3.320000000000000284e+01
4.100000000000000000e+01
5.160000000000000142e+01
2.689999999999999858e+01
5.229999999999999716e+01
2.539999999999999858e+01
2.569999999999999929e+01
3.620000000000000284e+01
2.919999999999999929e+01
3.410000000000000142e+01
3.320000000000000284e+01
4.100000000000000000e+01
5.160000000000000142e+01
2.689999999999999858e+01
5.229999999999999716e+01
2.539999999999999858e+01
2.569999999999999929e+01
