1.919999999999999929e+01
4.610000000000000142e+01
3.239999999999999858e+01
3.239999999999999858e+01
2.319999999999999929e+01
1.069999999999999929e+01
2.819999999999999929e+01
4.450000000000000000e+01
2.569999999999999929e+01
3.410000000000000142e+01
3.030000000000000071e+01
2.019999999999999929e+01
2.569999999999999929e+01
3.839999999999999858e+01
4.120000000000000284e+01
2.030000000000000071e+01
5.599999999999999645e+00
7.400000000000000355e+00
8.599999999999999645e+00
8.599999999999999645e+00
9.099999999999999645e+00
7.700000000000000178e+00
2.019999999999999929e+01
2.569999999999999929e+01
3.839999999999999858e+01
8.900000000000000355e+00
4.120000000000000284e+01
2.030000000000000071e+01
7.299999999999999822e+00
1.900000000000000000e+01
8.000000000000000000e+00
2.030000000000000071e+01
4.160000000000000142e+01
2.719999999999999929e+01
1.880000000000000071e+01
2.400000000000000000e+01
8.599999999999999645e+00
6.200000000000000178e+00
9.199999999999999289e+00
9.300000000000000711e+00
9.199999999999999289e+00
1.240000000000000036e+01
6.000000000000000000e+00
2.119999999999999929e+01
1.769999999999999929e+01
3.239999999999999858e+01
2.789999999999999858e+01
1.119999999999999929e+01
9.800000000000000711e+00
2.450000000000000000e+01
2.489999999999999858e+01
7.229999999999999716e+01
2.389999999999999858e+01
2.719999999999999929e+01
2.119999999999999929e+01
2.400000000000000000e+01
3.239999999999999858e+01
2.789999999999999858e+01
2.680000000000000071e+01
2.789999999999999858e+01
2.450000000000000000e+01
2.439999999999999858e+01
3.929999999999999716e+01
3.970000000000000284e+01
2.489999999999999858e+01
7.229999999999999716e+01
2.389999999999999858e+01
2.180000000000000071e+01
4.270000000000000284e+01
3.329999999999999716e+01
4.220000000000000284e+01
2.010000000000000142e+01
3.060000000000000142e+01
3.589999999999999858e+01
3.889999999999999858e+01
3.470000000000000284e+01
2.260000000000000142e+01
2.219999999999999929e+01
2.769999999999999929e+01
2.789999999999999858e+01
3.470000000000000284e+01
2.500000000000000000e+01
3.019999999999999929e+01
3.679999999999999716e+01
2.380000000000000071e+01
6.289999999999999858e+01
3.960000000000000142e+01
7.659999999999999432e+01
5.300000000000000000e+01
2.519999999999999929e+01
3.189999999999999858e+01
2.460000000000000142e+01
1.240000000000000036e+01
1.769999999999999929e+01
1.880000000000000071e+01
1.930000000000000071e+01
1.639999999999999858e+01
1.119999999999999929e+01
1.409999999999999964e+01
1.319999999999999929e+01
3.889999999999999858e+01
3.470000000000000284e+01
2.260000000000000142e+01
2.219999999999999929e+01
2.769999999999999929e+01
2.789999999999999858e+01
3.470000000000000284e+01
2.500000000000000000e+01
3.019999999999999929e+01
3.679999999999999716e+01
2.380000000000000071e+01
6.289999999999999858e+01
3.960000000000000142e+01
7.659999999999999432e+01
5.300000000000000000e+01
2.519999999999999929e+01
3.189999999999999858e+01
2.460000000000000142e+01
2.630000000000000071e+01
1.240000000000000036e+01
3.000000000000000000e+01
4.039999999999999858e+01
2.930000000000000071e+01
1.680000000000000071e+01
3.169999999999999929e+01
3.479999999999999716e+01
2.439999999999999858e+01
3.750000000000000000e+01
2.680000000000000071e+01
4.039999999999999858e+01
3.550000000000000000e+01
2.589999999999999858e+01
