1.180000000000000071e+01
1.490000000000000036e+01
2.260000000000000142e+01
3.119999999999999929e+01
2.319999999999999929e+01
4.060000000000000142e+01
1.490000000000000036e+01
1.390000000000000036e+01
7.500000000000000000e+00
5.700000000000000178e+00
8.000000000000000000e+00
4.060000000000000142e+01
1.490000000000000036e+01
1.390000000000000036e+01
9.000000000000000000e+00
3.660000000000000142e+01
3.119999999999999929e+01
2.360000000000000142e+01
3.329999999999999716e+01
8.900000000000000355e+00
1.290000000000000036e+01
3.000000000000000000e+01
4.439999999999999858e+01
1.650000000000000000e+01
3.200000000000000000e+01
5.850000000000000000e+01
4.289999999999999858e+01
2.360000000000000142e+01
4.060000000000000142e+01
3.660000000000000142e+01
3.119999999999999929e+01
2.360000000000000142e+01
3.329999999999999716e+01
3.000000000000000000e+01
4.439999999999999858e+01
3.200000000000000000e+01
5.850000000000000000e+01
4.289999999999999858e+01
2.360000000000000142e+01
2.939999999999999858e+01
2.289999999999999858e+01
3.610000000000000142e+01
2.100000000000000000e+01
3.189999999999999858e+01
6.289999999999999858e+01
1.490000000000000036e+01
1.390000000000000036e+01
1.290000000000000036e+01
1.119999999999999929e+01
2.289999999999999858e+01
3.610000000000000142e+01
2.100000000000000000e+01
1.530000000000000071e+01
3.189999999999999858e+01
1.359999999999999964e+01
6.289999999999999858e+01
3.410000000000000142e+01
3.169999999999999929e+01
2.210000000000000142e+01
1.469999999999999929e+01
2.389999999999999858e+01
2.839999999999999858e+01
