4.479999999999999716e+01
3.050000000000000000e+01
2.330000000000000071e+01
3.200000000000000000e+01
3.989999999999999858e+01
1.359999999999999964e+01
4.460000000000000142e+01
3.989999999999999858e+01
2.360000000000000142e+01
3.489999999999999858e+01
3.600000000000000000e+01
2.119999999999999929e+01
3.739999999999999858e+01
2.400000000000000000e+01
4.860000000000000142e+01
6.840000000000000568e+01
3.130000000000000071e+01
2.589999999999999858e+01
1.700000000000000000e+01
2.180000000000000071e+01
1.219999999999999929e+01
4.129999999999999716e+01
1.739999999999999858e+01
1.730000000000000071e+01
3.939999999999999858e+01
2.600000000000000000e+01
1.610000000000000142e+01
4.129999999999999716e+01
3.939999999999999858e+01
2.600000000000000000e+01
4.239999999999999858e+01
3.670000000000000284e+01
2.010000000000000142e+01
3.200000000000000000e+01
4.960000000000000142e+01
2.560000000000000142e+01
2.180000000000000071e+01
3.150000000000000000e+01
2.619999999999999929e+01
3.220000000000000284e+01
3.860000000000000142e+01
2.900000000000000000e+01
3.010000000000000142e+01
3.110000000000000142e+01
3.610000000000000142e+01
2.700000000000000000e+01
4.270000000000000284e+01
4.750000000000000000e+01
2.300000000000000000e+01
5.910000000000000142e+01
4.239999999999999858e+01
4.329999999999999716e+01
3.670000000000000284e+01
3.739999999999999858e+01
2.880000000000000071e+01
2.910000000000000142e+01
2.780000000000000071e+01
2.900000000000000000e+01
3.500000000000000000e+01
6.020000000000000284e+01
3.360000000000000142e+01
3.220000000000000284e+01
3.860000000000000142e+01
2.900000000000000000e+01
3.010000000000000142e+01
3.110000000000000142e+01
3.610000000000000142e+01
2.700000000000000000e+01
4.270000000000000284e+01
4.750000000000000000e+01
2.300000000000000000e+01
5.910000000000000142e+01
4.239999999999999858e+01
