2.989999999999999858e+01
1.300000000000000000e+01
1.719999999999999929e+01
2.160000000000000142e+01
3.839999999999999858e+01
3.760000000000000142e+01
3.110000000000000142e+01
1.450000000000000000e+01
1.760000000000000142e+01
1.459999999999999964e+01
6.039999999999999858e+01
3.439999999999999858e+01
2.969999999999999929e+01
4.789999999999999858e+01
1.209999999999999964e+01
1.240000000000000036e+01
4.760000000000000142e+01
5.689999999999999858e+01
4.229999999999999716e+01
4.789999999999999858e+01
4.760000000000000142e+01
5.689999999999999858e+01
4.229999999999999716e+01
2.630000000000000071e+01
2.169999999999999929e+01
3.889999999999999858e+01
3.889999999999999858e+01
3.169999999999999929e+01
4.650000000000000000e+01
2.250000000000000000e+01
2.230000000000000071e+01
4.800000000000000000e+01
2.110000000000000142e+01
2.569999999999999929e+01
2.819999999999999929e+01
4.450000000000000000e+01
2.400000000000000000e+01
4.079999999999999716e+01
3.600000000000000000e+01
2.789999999999999858e+01
3.060000000000000142e+01
2.780000000000000071e+01
3.039999999999999858e+01
3.180000000000000071e+01
2.189999999999999858e+01
2.300000000000000000e+01
3.489999999999999858e+01
5.320000000000000284e+01
2.000000000000000000e+01
2.950000000000000000e+01
2.400000000000000000e+01
4.079999999999999716e+01
3.600000000000000000e+01
2.789999999999999858e+01
3.060000000000000142e+01
2.780000000000000071e+01
