3.150000000000000000e+01
1.910000000000000142e+01
2.960000000000000142e+01
2.189999999999999858e+01
1.930000000000000071e+01
3.050000000000000000e+01
2.519999999999999929e+01
1.619999999999999929e+01
2.300000000000000000e+01
3.900000000000000000e+01
6.790000000000000568e+01
4.850000000000000000e+01
3.610000000000000142e+01
3.589999999999999858e+01
4.079999999999999716e+01
2.350000000000000000e+01
3.589999999999999858e+01
4.079999999999999716e+01
2.350000000000000000e+01
3.739999999999999858e+01
3.200000000000000000e+01
2.300000000000000000e+01
3.570000000000000284e+01
4.100000000000000000e+01
4.839999999999999858e+01
2.380000000000000071e+01
2.650000000000000000e+01
3.110000000000000142e+01
3.779999999999999716e+01
2.600000000000000000e+01
3.989999999999999858e+01
3.160000000000000142e+01
2.989999999999999858e+01
2.039999999999999858e+01
3.460000000000000142e+01
2.789999999999999858e+01
8.870000000000000284e+01
3.889999999999999858e+01
3.829999999999999716e+01
2.010000000000000142e+01
5.879999999999999716e+01
2.919999999999999929e+01
3.700000000000000000e+01
4.420000000000000284e+01
3.689999999999999858e+01
3.620000000000000284e+01
3.160000000000000142e+01
2.989999999999999858e+01
2.039999999999999858e+01
3.460000000000000142e+01
2.789999999999999858e+01
8.870000000000000284e+01
3.889999999999999858e+01
3.829999999999999716e+01
