1.730000000000000071e+01
2.269999999999999929e+01
2.600000000000000000e+01
2.130000000000000071e+01
1.950000000000000000e+01
3.739999999999999858e+01
5.350000000000000000e+01
2.100000000000000000e+01
4.960000000000000142e+01
2.530000000000000071e+01
2.330000000000000071e+01
9.109999999999999432e+01
2.880000000000000071e+01
2.110000000000000142e+01
3.450000000000000000e+01
3.150000000000000000e+01
2.150000000000000000e+01
3.069999999999999929e+01
2.600000000000000000e+01
3.579999999999999716e+01
5.160000000000000142e+01
2.680000000000000071e+01
3.450000000000000000e+01
3.150000000000000000e+01
2.150000000000000000e+01
3.069999999999999929e+01
2.600000000000000000e+01
