2.260000000000000142e+01
2.669999999999999929e+01
2.810000000000000142e+01
4.279999999999999716e+01
2.289999999999999858e+01
2.519999999999999929e+01
4.989999999999999858e+01
2.300000000000000000e+01
2.569999999999999929e+01
4.989999999999999858e+01
2.300000000000000000e+01
2.569999999999999929e+01
2.250000000000000000e+01
2.380000000000000071e+01
3.670000000000000284e+01
2.689999999999999858e+01
2.880000000000000071e+01
2.489999999999999858e+01
3.779999999999999716e+01
3.689999999999999858e+01
2.560000000000000142e+01
4.229999999999999716e+01
6.150000000000000000e+01
2.360000000000000142e+01
3.429999999999999716e+01
2.000000000000000000e+01
4.320000000000000284e+01
2.210000000000000142e+01
3.529999999999999716e+01
3.850000000000000000e+01
2.310000000000000142e+01
2.560000000000000142e+01
4.229999999999999716e+01
6.150000000000000000e+01
3.689999999999999858e+01
