1.710000000000000142e+01
2.680000000000000071e+01
1.550000000000000000e+01
1.969999999999999929e+01
5.020000000000000284e+01
3.039999999999999858e+01
1.369999999999999929e+01
5.979999999999999716e+01
2.350000000000000000e+01
3.889999999999999858e+01
3.060000000000000142e+01
3.450000000000000000e+01
2.119999999999999929e+01
1.500000000000000000e+01
6.070000000000000284e+01
2.980000000000000071e+01
3.450000000000000000e+01
2.119999999999999929e+01
6.070000000000000284e+01
2.980000000000000071e+01
5.279999999999999716e+01
2.980000000000000071e+01
3.810000000000000142e+01
2.589999999999999858e+01
4.179999999999999716e+01
3.879999999999999716e+01
2.089999999999999858e+01
2.289999999999999858e+01
4.150000000000000000e+01
4.510000000000000142e+01
3.379999999999999716e+01
3.050000000000000000e+01
2.400000000000000000e+01
4.250000000000000000e+01
2.519999999999999929e+01
3.679999999999999716e+01
2.889999999999999858e+01
2.430000000000000071e+01
2.830000000000000071e+01
5.139999999999999858e+01
7.000000000000000000e+01
4.170000000000000284e+01
3.119999999999999929e+01
5.110000000000000142e+01
2.630000000000000071e+01
3.939999999999999858e+01
2.919999999999999929e+01
6.529999999999999716e+01
2.639999999999999858e+01
3.370000000000000284e+01
2.160000000000000142e+01
4.250000000000000000e+01
2.519999999999999929e+01
3.679999999999999716e+01
2.889999999999999858e+01
2.430000000000000071e+01
2.830000000000000071e+01
5.139999999999999858e+01
7.000000000000000000e+01
4.170000000000000284e+01
3.119999999999999929e+01
5.110000000000000142e+01
2.630000000000000071e+01
3.939999999999999858e+01
2.400000000000000000e+01
