2.230000000000000071e+01
4.210000000000000142e+01
3.560000000000000142e+01
5.179999999999999716e+01
6.250000000000000000e+01
3.220000000000000284e+01
5.960000000000000142e+01
3.329999999999999716e+01
1.030000000000000071e+01
3.800000000000000000e+01
2.069999999999999929e+01
7.929999999999999716e+01
1.019999999999999929e+01
3.370000000000000284e+01
2.310000000000000142e+01
2.169999999999999929e+01
3.720000000000000284e+01
4.210000000000000142e+01
2.150000000000000000e+01
1.810000000000000142e+01
3.660000000000000142e+01
3.270000000000000284e+01
3.370000000000000284e+01
2.310000000000000142e+01
2.169999999999999929e+01
3.720000000000000284e+01
4.210000000000000142e+01
2.150000000000000000e+01
3.660000000000000142e+01
3.270000000000000284e+01
2.530000000000000071e+01
2.030000000000000071e+01
3.300000000000000000e+01
4.260000000000000142e+01
4.410000000000000142e+01
2.869999999999999929e+01
5.250000000000000000e+01
3.320000000000000284e+01
4.170000000000000284e+01
4.789999999999999858e+01
2.660000000000000142e+01
2.650000000000000000e+01
3.829999999999999716e+01
3.810000000000000142e+01
3.629999999999999716e+01
3.579999999999999716e+01
2.080000000000000071e+01
3.960000000000000142e+01
3.119999999999999929e+01
3.779999999999999716e+01
3.950000000000000000e+01
2.219999999999999929e+01
3.139999999999999858e+01
2.650000000000000000e+01
3.829999999999999716e+01
3.810000000000000142e+01
3.629999999999999716e+01
3.579999999999999716e+01
2.660000000000000142e+01
