4.879999999999999716e+01
3.929999999999999716e+01
7.340000000000000568e+01
3.629999999999999716e+01
4.070000000000000284e+01
1.989999999999999858e+01
4.120000000000000284e+01
5.370000000000000284e+01
1.200000000000000000e+01
2.900000000000000000e+01
2.689999999999999858e+01
2.539999999999999858e+01
2.800000000000000000e+01
5.320000000000000284e+01
3.310000000000000142e+01
2.200000000000000000e+01
1.960000000000000142e+01
6.210000000000000142e+01
1.619999999999999929e+01
4.589999999999999858e+01
2.650000000000000000e+01
2.780000000000000071e+01
3.400000000000000000e+01
2.580000000000000071e+01
5.320000000000000284e+01
3.310000000000000142e+01
2.200000000000000000e+01
6.210000000000000142e+01
4.589999999999999858e+01
2.650000000000000000e+01
2.780000000000000071e+01
2.580000000000000071e+01
6.429999999999999716e+01
2.660000000000000142e+01
7.309999999999999432e+01
2.060000000000000142e+01
3.550000000000000000e+01
2.550000000000000000e+01
2.439999999999999858e+01
2.600000000000000000e+01
3.119999999999999929e+01
4.479999999999999716e+01
3.019999999999999929e+01
2.200000000000000000e+01
3.420000000000000284e+01
4.660000000000000142e+01
2.030000000000000071e+01
4.400000000000000000e+01
2.060000000000000142e+01
3.060000000000000142e+01
2.719999999999999929e+01
3.100000000000000000e+01
4.779999999999999716e+01
3.279999999999999716e+01
3.279999999999999716e+01
4.050000000000000000e+01
2.200000000000000000e+01
3.420000000000000284e+01
4.660000000000000142e+01
2.030000000000000071e+01
4.400000000000000000e+01
2.060000000000000142e+01
3.060000000000000142e+01
2.719999999999999929e+01
