1.090000000000000036e+01
3.700000000000000000e+01
2.910000000000000142e+01
2.919999999999999929e+01
6.740000000000000568e+01
2.760000000000000142e+01
3.169999999999999929e+01
8.199999999999999289e+00
6.500000000000000000e+00
5.799999999999999822e+00
3.169999999999999929e+01
3.239999999999999858e+01
3.239999999999999858e+01
3.460000000000000142e+01
3.829999999999999716e+01
3.460000000000000142e+01
2.860000000000000142e+01
3.639999999999999858e+01
3.060000000000000142e+01
2.650000000000000000e+01
6.270000000000000284e+01
3.979999999999999716e+01
5.570000000000000284e+01
3.500000000000000000e+01
3.100000000000000000e+01
3.169999999999999929e+01
3.239999999999999858e+01
3.239999999999999858e+01
3.460000000000000142e+01
3.829999999999999716e+01
3.460000000000000142e+01
2.860000000000000142e+01
3.639999999999999858e+01
3.060000000000000142e+01
2.650000000000000000e+01
6.270000000000000284e+01
3.979999999999999716e+01
5.570000000000000284e+01
3.500000000000000000e+01
3.100000000000000000e+01
2.850000000000000000e+01
3.710000000000000142e+01
3.150000000000000000e+01
2.250000000000000000e+01
5.479999999999999716e+01
3.479999999999999716e+01
1.700000000000000000e+01
3.710000000000000142e+01
3.150000000000000000e+01
2.250000000000000000e+01
1.750000000000000000e+01
5.479999999999999716e+01
3.479999999999999716e+01
3.789999999999999858e+01
5.439999999999999858e+01
4.139999999999999858e+01
