1.169999999999999929e+01
1.240000000000000036e+01
3.729999999999999716e+01
1.969999999999999929e+01
3.080000000000000071e+01
3.410000000000000142e+01
1.880000000000000071e+01
6.470000000000000284e+01
1.350000000000000000e+01
2.960000000000000142e+01
4.810000000000000142e+01
1.610000000000000142e+01
2.000000000000000000e+01
6.470000000000000284e+01
2.960000000000000142e+01
2.000000000000000000e+01
2.230000000000000071e+01
2.980000000000000071e+01
5.139999999999999858e+01
2.289999999999999858e+01
4.000000000000000000e+01
3.239999999999999858e+01
4.020000000000000284e+01
4.010000000000000142e+01
3.660000000000000142e+01
3.550000000000000000e+01
4.229999999999999716e+01
2.800000000000000000e+01
2.000000000000000000e+01
2.130000000000000071e+01
2.489999999999999858e+01
3.800000000000000000e+01
3.700000000000000000e+01
3.660000000000000142e+01
3.550000000000000000e+01
4.229999999999999716e+01
2.800000000000000000e+01
2.000000000000000000e+01
2.130000000000000071e+01
