3.900000000000000000e+01
2.969999999999999929e+01
1.960000000000000142e+01
4.320000000000000284e+01
3.000000000000000000e+01
3.679999999999999716e+01
5.870000000000000284e+01
4.729999999999999716e+01
2.319999999999999929e+01
1.100000000000000000e+01
6.900000000000000000e+01
1.219999999999999929e+01
3.460000000000000142e+01
3.100000000000000000e+01
1.650000000000000000e+01
2.860000000000000142e+01
2.319999999999999929e+01
6.900000000000000000e+01
3.460000000000000142e+01
3.100000000000000000e+01
2.860000000000000142e+01
3.689999999999999858e+01
3.229999999999999716e+01
3.339999999999999858e+01
3.279999999999999716e+01
2.760000000000000142e+01
7.770000000000000284e+01
2.269999999999999929e+01
5.089999999999999858e+01
3.889999999999999858e+01
2.660000000000000142e+01
3.950000000000000000e+01
2.400000000000000000e+01
3.520000000000000284e+01
4.179999999999999716e+01
2.260000000000000142e+01
2.710000000000000142e+01
2.160000000000000142e+01
2.739999999999999858e+01
3.320000000000000284e+01
4.679999999999999716e+01
2.210000000000000142e+01
3.450000000000000000e+01
2.319999999999999929e+01
6.900000000000000000e+01
3.460000000000000142e+01
3.100000000000000000e+01
2.860000000000000142e+01
3.689999999999999858e+01
3.229999999999999716e+01
3.339999999999999858e+01
3.279999999999999716e+01
2.760000000000000142e+01
7.770000000000000284e+01
2.269999999999999929e+01
5.089999999999999858e+01
3.889999999999999858e+01
2.660000000000000142e+01
3.950000000000000000e+01
2.400000000000000000e+01
3.520000000000000284e+01
4.179999999999999716e+01
2.260000000000000142e+01
2.710000000000000142e+01
2.160000000000000142e+01
2.739999999999999858e+01
3.320000000000000284e+01
4.679999999999999716e+01
2.210000000000000142e+01
3.450000000000000000e+01
2.319999999999999929e+01
6.900000000000000000e+01
3.460000000000000142e+01
2.860000000000000142e+01
3.689999999999999858e+01
3.229999999999999716e+01
3.339999999999999858e+01
3.279999999999999716e+01
2.760000000000000142e+01
7.770000000000000284e+01
2.269999999999999929e+01
5.089999999999999858e+01
3.889999999999999858e+01
2.660000000000000142e+01
3.950000000000000000e+01
2.400000000000000000e+01
2.319999999999999929e+01
6.900000000000000000e+01
3.460000000000000142e+01
2.860000000000000142e+01
3.689999999999999858e+01
3.229999999999999716e+01
3.339999999999999858e+01
3.279999999999999716e+01
2.760000000000000142e+01
7.770000000000000284e+01
2.269999999999999929e+01
5.089999999999999858e+01
3.889999999999999858e+01
