1.819999999999999929e+01
1.450000000000000000e+01
4.020000000000000284e+01
3.629999999999999716e+01
5.889999999999999858e+01
3.479999999999999716e+01
1.250000000000000000e+01
2.100000000000000000e+01
2.350000000000000000e+01
6.250000000000000000e+01
3.550000000000000000e+01
3.770000000000000284e+01
1.359999999999999964e+01
2.080000000000000071e+01
2.050000000000000000e+01
2.039999999999999858e+01
4.110000000000000142e+01
4.439999999999999858e+01
1.869999999999999929e+01
2.239999999999999858e+01
3.000000000000000000e+01
1.380000000000000071e+01
3.770000000000000284e+01
2.039999999999999858e+01
4.110000000000000142e+01
4.439999999999999858e+01
2.239999999999999858e+01
3.000000000000000000e+01
3.300000000000000000e+01
2.410000000000000142e+01
4.050000000000000000e+01
2.610000000000000142e+01
2.730000000000000071e+01
2.400000000000000000e+01
4.010000000000000142e+01
5.579999999999999716e+01
5.539999999999999858e+01
5.839999999999999858e+01
2.769999999999999929e+01
2.280000000000000071e+01
2.339999999999999858e+01
2.350000000000000000e+01
2.769999999999999929e+01
3.629999999999999716e+01
3.889999999999999858e+01
4.029999999999999716e+01
3.189999999999999858e+01
2.139999999999999858e+01
5.070000000000000284e+01
3.539999999999999858e+01
5.520000000000000284e+01
5.579999999999999716e+01
2.669999999999999929e+01
2.319999999999999929e+01
2.910000000000000142e+01
3.389999999999999858e+01
3.810000000000000142e+01
2.030000000000000071e+01
2.800000000000000000e+01
2.719999999999999929e+01
4.529999999999999716e+01
2.280000000000000071e+01
2.339999999999999858e+01
2.350000000000000000e+01
2.769999999999999929e+01
3.629999999999999716e+01
3.889999999999999858e+01
4.029999999999999716e+01
3.189999999999999858e+01
2.139999999999999858e+01
5.070000000000000284e+01
