5.300000000000000000e+01
3.760000000000000142e+01
6.010000000000000142e+01
2.410000000000000142e+01
4.310000000000000142e+01
1.430000000000000071e+01
4.060000000000000142e+01
3.510000000000000142e+01
3.110000000000000142e+01
1.459999999999999964e+01
4.770000000000000284e+01
3.979999999999999716e+01
8.129999999999999716e+01
3.169999999999999929e+01
3.650000000000000000e+01
8.129999999999999716e+01
3.169999999999999929e+01
3.650000000000000000e+01
3.110000000000000142e+01
3.889999999999999858e+01
6.559999999999999432e+01
3.629999999999999716e+01
2.910000000000000142e+01
2.000000000000000000e+01
2.669999999999999929e+01
2.469999999999999929e+01
6.540000000000000568e+01
2.300000000000000000e+01
2.069999999999999929e+01
2.239999999999999858e+01
2.260000000000000142e+01
5.060000000000000142e+01
3.750000000000000000e+01
2.830000000000000071e+01
4.210000000000000142e+01
5.489999999999999858e+01
2.469999999999999929e+01
6.540000000000000568e+01
2.300000000000000000e+01
2.069999999999999929e+01
2.239999999999999858e+01
2.260000000000000142e+01
5.060000000000000142e+01
3.750000000000000000e+01
