3.250000000000000000e+01
3.320000000000000284e+01
2.750000000000000000e+01
6.039999999999999858e+01
1.989999999999999858e+01
1.710000000000000142e+01
3.439999999999999858e+01
1.430000000000000071e+01
2.369999999999999929e+01
2.280000000000000071e+01
2.450000000000000000e+01
2.010000000000000142e+01
1.900000000000000000e+01
2.600000000000000000e+01
4.079999999999999716e+01
1.810000000000000142e+01
3.389999999999999858e+01
4.600000000000000000e+01
3.689999999999999858e+01
2.600000000000000000e+01
4.079999999999999716e+01
3.389999999999999858e+01
4.600000000000000000e+01
3.689999999999999858e+01
3.889999999999999858e+01
3.570000000000000284e+01
3.169999999999999929e+01
4.210000000000000142e+01
2.810000000000000142e+01
7.779999999999999716e+01
2.239999999999999858e+01
4.210000000000000142e+01
8.129999999999999716e+01
3.789999999999999858e+01
2.089999999999999858e+01
2.169999999999999929e+01
3.450000000000000000e+01
3.810000000000000142e+01
3.939999999999999858e+01
2.380000000000000071e+01
3.879999999999999716e+01
2.889999999999999858e+01
2.360000000000000142e+01
2.169999999999999929e+01
3.450000000000000000e+01
