3.570000000000000284e+01
5.179999999999999716e+01
2.639999999999999858e+01
1.300000000000000000e+01
1.910000000000000142e+01
2.239999999999999858e+01
1.219999999999999929e+01
3.820000000000000284e+01
2.650000000000000000e+01
3.200000000000000000e+01
4.300000000000000000e+01
2.239999999999999858e+01
3.820000000000000284e+01
3.200000000000000000e+01
4.300000000000000000e+01
2.460000000000000142e+01
2.589999999999999858e+01
3.600000000000000000e+01
4.039999999999999858e+01
2.389999999999999858e+01
3.119999999999999929e+01
3.150000000000000000e+01
4.729999999999999716e+01
4.300000000000000000e+01
2.550000000000000000e+01
2.619999999999999929e+01
3.650000000000000000e+01
2.760000000000000142e+01
3.700000000000000000e+01
5.029999999999999716e+01
2.389999999999999858e+01
2.930000000000000071e+01
6.089999999999999858e+01
2.200000000000000000e+01
6.590000000000000568e+01
3.650000000000000000e+01
2.760000000000000142e+01
3.700000000000000000e+01
5.029999999999999716e+01
2.389999999999999858e+01
2.930000000000000071e+01
