2.389999999999999858e+01
2.030000000000000071e+01
2.510000000000000142e+01
3.239999999999999858e+01
1.000000000000000000e+01
2.410000000000000142e+01
1.530000000000000071e+01
4.560000000000000142e+01
3.420000000000000284e+01
5.299999999999999822e+00
6.400000000000000355e+00
1.530000000000000071e+01
4.560000000000000142e+01
3.420000000000000284e+01
1.730000000000000071e+01
7.629999999999999716e+01
0.000000000000000000e+00
0.000000000000000000e+00
0.000000000000000000e+00
0.000000000000000000e+00
0.000000000000000000e+00
0.000000000000000000e+00
0.000000000000000000e+00
0.000000000000000000e+00
3.299999999999999822e+00
0.000000000000000000e+00
0.000000000000000000e+00
0.000000000000000000e+00
0.000000000000000000e+00
0.000000000000000000e+00
4.599999999999999645e+00
1.100000000000000089e+00
3.400000000000000000e+01
2.119999999999999929e+01
2.910000000000000142e+01
2.439999999999999858e+01
2.710000000000000142e+01
2.680000000000000071e+01
3.039999999999999858e+01
1.130000000000000071e+01
3.920000000000000284e+01
2.430000000000000071e+01
1.169999999999999929e+01
3.410000000000000142e+01
