1.960000000000000142e+01
1.730000000000000071e+01
2.969999999999999929e+01
2.210000000000000142e+01
3.160000000000000142e+01
1.319999999999999929e+01
2.210000000000000142e+01
3.160000000000000142e+01
4.139999999999999858e+01
2.580000000000000071e+01
2.289999999999999858e+01
2.219999999999999929e+01
3.189999999999999858e+01
2.239999999999999858e+01
2.380000000000000071e+01
2.780000000000000071e+01
3.550000000000000000e+01
3.229999999999999716e+01
2.489999999999999858e+01
2.569999999999999929e+01
2.589999999999999858e+01
3.069999999999999929e+01
3.510000000000000142e+01
2.239999999999999858e+01
2.380000000000000071e+01
3.189999999999999858e+01
