4.589999999999999858e+01
4.179999999999999716e+01
3.389999999999999858e+01
1.900000000000000000e+01
1.230000000000000071e+01
6.320000000000000284e+01
2.839999999999999858e+01
3.839999999999999858e+01
3.750000000000000000e+01
2.739999999999999858e+01
3.850000000000000000e+01
2.089999999999999858e+01
1.780000000000000071e+01
2.089999999999999858e+01
2.039999999999999858e+01
5.600000000000000000e+01
3.050000000000000000e+01
5.679999999999999716e+01
3.510000000000000142e+01
4.989999999999999858e+01
4.550000000000000000e+01
2.300000000000000000e+01
0.000000000000000000e+00
0.000000000000000000e+00
0.000000000000000000e+00
0.000000000000000000e+00
1.789999999999999858e+01
9.800000000000000711e+00
0.000000000000000000e+00
0.000000000000000000e+00
0.000000000000000000e+00
2.000000000000000000e+00
0.000000000000000000e+00
0.000000000000000000e+00
7.200000000000000178e+00
0.000000000000000000e+00
5.700000000000000178e+00
0.000000000000000000e+00
4.000000000000000222e-01
0.000000000000000000e+00
2.510000000000000142e+01
0.000000000000000000e+00
0.000000000000000000e+00
3.510000000000000142e+01
0.000000000000000000e+00
0.000000000000000000e+00
0.000000000000000000e+00
0.000000000000000000e+00
2.089999999999999858e+01
2.039999999999999858e+01
5.600000000000000000e+01
3.050000000000000000e+01
5.679999999999999716e+01
3.510000000000000142e+01
4.989999999999999858e+01
4.550000000000000000e+01
2.300000000000000000e+01
2.089999999999999858e+01
2.039999999999999858e+01
5.600000000000000000e+01
3.050000000000000000e+01
5.679999999999999716e+01
