1.250000000000000000e+01
4.020000000000000284e+01
2.710000000000000142e+01
1.860000000000000142e+01
4.070000000000000284e+01
2.819999999999999929e+01
2.919999999999999929e+01
4.189999999999999858e+01
2.319999999999999929e+01
2.269999999999999929e+01
1.190000000000000036e+01
4.460000000000000142e+01
1.190000000000000036e+01
1.669999999999999929e+01
1.330000000000000071e+01
4.170000000000000284e+01
4.170000000000000284e+01
2.450000000000000000e+01
4.200000000000000000e+01
4.750000000000000000e+01
2.650000000000000000e+01
2.430000000000000071e+01
2.850000000000000000e+01
3.239999999999999858e+01
2.589999999999999858e+01
2.050000000000000000e+01
2.610000000000000142e+01
2.210000000000000142e+01
2.469999999999999929e+01
3.389999999999999858e+01
3.410000000000000142e+01
2.960000000000000142e+01
3.650000000000000000e+01
2.610000000000000142e+01
2.210000000000000142e+01
2.469999999999999929e+01
2.589999999999999858e+01
