2.519999999999999929e+01
2.000000000000000000e+01
2.119999999999999929e+01
3.220000000000000284e+01
1.450000000000000000e+01
3.970000000000000284e+01
3.030000000000000071e+01
1.430000000000000071e+01
3.030000000000000071e+01
3.210000000000000142e+01
3.200000000000000000e+01
6.000000000000000000e+01
3.610000000000000142e+01
2.769999999999999929e+01
2.580000000000000071e+01
3.860000000000000142e+01
2.450000000000000000e+01
3.019999999999999929e+01
2.860000000000000142e+01
2.630000000000000071e+01
2.539999999999999858e+01
6.029999999999999716e+01
3.810000000000000142e+01
4.050000000000000000e+01
6.370000000000000284e+01
0.000000000000000000e+00
0.000000000000000000e+00
3.110000000000000142e+01
3.130000000000000071e+01
0.000000000000000000e+00
1.319999999999999929e+01
3.200000000000000178e+00
0.000000000000000000e+00
0.000000000000000000e+00
0.000000000000000000e+00
0.000000000000000000e+00
0.000000000000000000e+00
0.000000000000000000e+00
0.000000000000000000e+00
0.000000000000000000e+00
0.000000000000000000e+00
4.000000000000000000e+00
0.000000000000000000e+00
0.000000000000000000e+00
2.089999999999999858e+01
1.880000000000000071e+01
0.000000000000000000e+00
0.000000000000000000e+00
0.000000000000000000e+00
0.000000000000000000e+00
0.000000000000000000e+00
0.000000000000000000e+00
0.000000000000000000e+00
0.000000000000000000e+00
0.000000000000000000e+00
0.000000000000000000e+00
0.000000000000000000e+00
0.000000000000000000e+00
0.000000000000000000e+00
0.000000000000000000e+00
6.599999999999999645e+00
0.000000000000000000e+00
1.150000000000000000e+01
0.000000000000000000e+00
0.000000000000000000e+00
0.000000000000000000e+00
0.000000000000000000e+00
3.030000000000000071e+01
3.210000000000000142e+01
3.200000000000000000e+01
6.000000000000000000e+01
2.769999999999999929e+01
2.580000000000000071e+01
3.860000000000000142e+01
2.450000000000000000e+01
3.019999999999999929e+01
2.539999999999999858e+01
6.029999999999999716e+01
3.810000000000000142e+01
3.030000000000000071e+01
3.210000000000000142e+01
3.200000000000000000e+01
6.000000000000000000e+01
2.769999999999999929e+01
2.580000000000000071e+01
3.860000000000000142e+01
2.450000000000000000e+01
