2.330000000000000071e+01
2.150000000000000000e+01
1.290000000000000036e+01
3.889999999999999858e+01
2.660000000000000142e+01
1.600000000000000000e+01
2.339999999999999858e+01
4.470000000000000284e+01
2.580000000000000071e+01
3.670000000000000284e+01
5.189999999999999858e+01
6.900000000000000355e+00
9.300000000000000711e+00
6.299999999999999822e+00
4.470000000000000284e+01
2.580000000000000071e+01
3.670000000000000284e+01
5.189999999999999858e+01
2.039999999999999858e+01
2.219999999999999929e+01
1.269999999999999929e+01
0.000000000000000000e+00
0.000000000000000000e+00
0.000000000000000000e+00
0.000000000000000000e+00
3.000000000000000000e+00
0.000000000000000000e+00
0.000000000000000000e+00
0.000000000000000000e+00
0.000000000000000000e+00
0.000000000000000000e+00
0.000000000000000000e+00
3.299999999999999822e+00
0.000000000000000000e+00
0.000000000000000000e+00
0.000000000000000000e+00
0.000000000000000000e+00
0.000000000000000000e+00
0.000000000000000000e+00
0.000000000000000000e+00
0.000000000000000000e+00
0.000000000000000000e+00
0.000000000000000000e+00
0.000000000000000000e+00
1.180000000000000071e+01
1.509999999999999964e+01
1.440000000000000036e+01
3.589999999999999858e+01
3.550000000000000000e+01
2.950000000000000000e+01
1.639999999999999858e+01
1.769999999999999929e+01
2.130000000000000071e+01
2.450000000000000000e+01
