1.409999999999999964e+01
6.189999999999999858e+01
1.290000000000000036e+01
1.309999999999999964e+01
3.639999999999999858e+01
1.490000000000000036e+01
1.459999999999999964e+01
3.729999999999999716e+01
1.989999999999999858e+01
3.329999999999999716e+01
2.739999999999999858e+01
2.600000000000000000e+01
4.689999999999999858e+01
2.739999999999999858e+01
2.600000000000000000e+01
4.689999999999999858e+01
2.080000000000000071e+01
4.289999999999999858e+01
2.550000000000000000e+01
2.680000000000000071e+01
3.610000000000000142e+01
2.269999999999999929e+01
7.420000000000000284e+01
2.380000000000000071e+01
2.200000000000000000e+01
3.650000000000000000e+01
3.689999999999999858e+01
3.629999999999999716e+01
3.439999999999999858e+01
2.950000000000000000e+01
3.010000000000000142e+01
3.180000000000000071e+01
3.779999999999999716e+01
3.189999999999999858e+01
3.019999999999999929e+01
3.550000000000000000e+01
4.010000000000000142e+01
2.969999999999999929e+01
2.239999999999999858e+01
6.920000000000000284e+01
6.389999999999999858e+01
2.780000000000000071e+01
2.669999999999999929e+01
3.550000000000000000e+01
2.489999999999999858e+01
3.800000000000000000e+01
3.650000000000000000e+01
3.539999999999999858e+01
9.859999999999999432e+01
3.779999999999999716e+01
3.189999999999999858e+01
3.019999999999999929e+01
3.550000000000000000e+01
4.010000000000000142e+01
2.969999999999999929e+01
2.239999999999999858e+01
6.920000000000000284e+01
6.389999999999999858e+01
