2.250000000000000000e+01
1.069999999999999929e+01
1.180000000000000071e+01
1.380000000000000071e+01
5.810000000000000142e+01
3.929999999999999716e+01
7.170000000000000284e+01
1.230000000000000071e+01
4.010000000000000142e+01
1.509999999999999964e+01
1.450000000000000000e+01
2.789999999999999858e+01
4.960000000000000142e+01
2.989999999999999858e+01
2.950000000000000000e+01
2.610000000000000142e+01
4.050000000000000000e+01
3.420000000000000284e+01
2.460000000000000142e+01
2.289999999999999858e+01
1.650000000000000000e+01
2.289999999999999858e+01
7.829999999999999716e+01
2.980000000000000071e+01
2.419999999999999929e+01
2.700000000000000000e+01
4.850000000000000000e+01
2.610000000000000142e+01
2.580000000000000071e+01
2.310000000000000142e+01
2.780000000000000071e+01
4.489999999999999858e+01
3.279999999999999716e+01
2.569999999999999929e+01
3.139999999999999858e+01
6.950000000000000000e+01
5.570000000000000284e+01
4.510000000000000142e+01
2.300000000000000000e+01
5.739999999999999858e+01
3.139999999999999858e+01
6.950000000000000000e+01
5.570000000000000284e+01
3.279999999999999716e+01
