3.180000000000000071e+01
5.520000000000000284e+01
2.330000000000000071e+01
3.139999999999999858e+01
1.300000000000000000e+01
3.289999999999999858e+01
3.229999999999999716e+01
4.120000000000000284e+01
2.260000000000000142e+01
4.520000000000000284e+01
2.819999999999999929e+01
5.050000000000000000e+01
3.670000000000000284e+01
3.610000000000000142e+01
2.510000000000000142e+01
3.339999999999999858e+01
2.819999999999999929e+01
5.050000000000000000e+01
3.670000000000000284e+01
3.610000000000000142e+01
2.510000000000000142e+01
3.339999999999999858e+01
3.739999999999999858e+01
3.750000000000000000e+01
2.119999999999999929e+01
3.300000000000000000e+01
3.379999999999999716e+01
3.239999999999999858e+01
3.189999999999999858e+01
2.230000000000000071e+01
2.060000000000000142e+01
2.230000000000000071e+01
3.539999999999999858e+01
4.739999999999999858e+01
2.039999999999999858e+01
2.769999999999999929e+01
3.750000000000000000e+01
3.500000000000000000e+01
3.069999999999999929e+01
4.270000000000000284e+01
5.039999999999999858e+01
5.170000000000000284e+01
2.360000000000000142e+01
3.410000000000000142e+01
3.270000000000000284e+01
2.350000000000000000e+01
2.819999999999999929e+01
5.050000000000000000e+01
3.670000000000000284e+01
3.610000000000000142e+01
2.510000000000000142e+01
3.339999999999999858e+01
3.739999999999999858e+01
3.750000000000000000e+01
2.119999999999999929e+01
3.300000000000000000e+01
3.379999999999999716e+01
3.239999999999999858e+01
3.189999999999999858e+01
2.230000000000000071e+01
2.060000000000000142e+01
2.230000000000000071e+01
3.539999999999999858e+01
4.739999999999999858e+01
2.039999999999999858e+01
2.769999999999999929e+01
3.750000000000000000e+01
3.500000000000000000e+01
3.069999999999999929e+01
4.270000000000000284e+01
5.039999999999999858e+01
5.170000000000000284e+01
2.360000000000000142e+01
3.410000000000000142e+01
3.270000000000000284e+01
2.350000000000000000e+01
2.819999999999999929e+01
5.050000000000000000e+01
3.670000000000000284e+01
3.610000000000000142e+01
2.510000000000000142e+01
3.339999999999999858e+01
3.750000000000000000e+01
2.119999999999999929e+01
3.300000000000000000e+01
3.239999999999999858e+01
2.230000000000000071e+01
2.060000000000000142e+01
2.230000000000000071e+01
3.539999999999999858e+01
4.739999999999999858e+01
2.039999999999999858e+01
2.769999999999999929e+01
3.750000000000000000e+01
2.819999999999999929e+01
5.050000000000000000e+01
3.670000000000000284e+01
3.610000000000000142e+01
2.510000000000000142e+01
3.339999999999999858e+01
3.750000000000000000e+01
3.300000000000000000e+01
3.239999999999999858e+01
2.230000000000000071e+01
