3.150000000000000000e+01
5.089999999999999858e+01
4.429999999999999716e+01
2.400000000000000000e+01
2.230000000000000071e+01
4.139999999999999858e+01
3.239999999999999858e+01
3.760000000000000142e+01
2.389999999999999858e+01
1.409999999999999964e+01
1.180000000000000071e+01
2.850000000000000000e+01
5.160000000000000142e+01
3.900000000000000000e+01
4.739999999999999858e+01
2.860000000000000142e+01
8.850000000000000000e+01
3.310000000000000142e+01
3.639999999999999858e+01
4.510000000000000142e+01
6.239999999999999858e+01
3.200000000000000000e+01
2.700000000000000000e+01
5.550000000000000000e+01
4.500000000000000000e+01
2.200000000000000000e+01
2.400000000000000000e+01
5.039999999999999858e+01
6.239999999999999858e+01
3.200000000000000000e+01
2.700000000000000000e+01
5.550000000000000000e+01
