3.920000000000000284e+01
1.380000000000000071e+01
3.200000000000000000e+01
2.600000000000000000e+01
3.450000000000000000e+01
4.229999999999999716e+01
2.600000000000000000e+01
3.450000000000000000e+01
4.229999999999999716e+01
3.200000000000000000e+01
3.460000000000000142e+01
2.480000000000000071e+01
2.689999999999999858e+01
2.180000000000000071e+01
2.060000000000000142e+01
4.510000000000000142e+01
5.539999999999999858e+01
3.810000000000000142e+01
4.010000000000000142e+01
3.579999999999999716e+01
3.650000000000000000e+01
2.800000000000000000e+01
2.480000000000000071e+01
2.180000000000000071e+01
3.579999999999999716e+01
3.650000000000000000e+01
2.800000000000000000e+01
2.480000000000000071e+01
