4.720000000000000284e+01
2.780000000000000071e+01
2.360000000000000142e+01
6.750000000000000000e+01
1.730000000000000071e+01
3.080000000000000071e+01
1.319999999999999929e+01
2.669999999999999929e+01
2.350000000000000000e+01
4.170000000000000284e+01
5.500000000000000000e+00
8.500000000000000000e+00
9.300000000000000711e+00
7.500000000000000000e+00
7.700000000000000178e+00
5.099999999999999645e+00
4.170000000000000284e+01
7.200000000000000178e+00
1.660000000000000142e+01
3.570000000000000284e+01
2.039999999999999858e+01
2.950000000000000000e+01
2.869999999999999929e+01
4.160000000000000142e+01
4.010000000000000142e+01
1.860000000000000142e+01
4.050000000000000000e+01
2.619999999999999929e+01
5.000000000000000000e+01
3.169999999999999929e+01
2.700000000000000000e+01
3.169999999999999929e+01
1.080000000000000071e+01
6.200000000000000000e+01
4.170000000000000284e+01
3.570000000000000284e+01
2.039999999999999858e+01
2.950000000000000000e+01
2.869999999999999929e+01
4.160000000000000142e+01
4.010000000000000142e+01
4.050000000000000000e+01
2.619999999999999929e+01
5.000000000000000000e+01
3.169999999999999929e+01
2.700000000000000000e+01
3.169999999999999929e+01
6.200000000000000000e+01
2.280000000000000071e+01
4.150000000000000000e+01
2.600000000000000000e+01
3.760000000000000142e+01
4.170000000000000284e+01
3.570000000000000284e+01
2.039999999999999858e+01
2.869999999999999929e+01
4.160000000000000142e+01
4.010000000000000142e+01
2.619999999999999929e+01
5.000000000000000000e+01
3.169999999999999929e+01
2.700000000000000000e+01
3.169999999999999929e+01
6.200000000000000000e+01
2.280000000000000071e+01
4.150000000000000000e+01
3.760000000000000142e+01
4.170000000000000284e+01
3.570000000000000284e+01
2.039999999999999858e+01
2.869999999999999929e+01
4.160000000000000142e+01
4.010000000000000142e+01
2.619999999999999929e+01
5.000000000000000000e+01
3.169999999999999929e+01
2.700000000000000000e+01
3.169999999999999929e+01
6.200000000000000000e+01
2.280000000000000071e+01
4.150000000000000000e+01
