2.880000000000000071e+01
2.889999999999999858e+01
3.470000000000000284e+01
1.869999999999999929e+01
2.969999999999999929e+01
1.380000000000000071e+01
2.030000000000000071e+01
3.610000000000000142e+01
1.109999999999999964e+01
3.710000000000000142e+01
2.280000000000000071e+01
2.280000000000000071e+01
5.160000000000000142e+01
3.550000000000000000e+01
2.450000000000000000e+01
2.739999999999999858e+01
3.030000000000000071e+01
2.350000000000000000e+01
3.239999999999999858e+01
2.180000000000000071e+01
2.519999999999999929e+01
6.740000000000000568e+01
2.350000000000000000e+01
3.239999999999999858e+01
