3.550000000000000000e+01
4.120000000000000284e+01
2.139999999999999858e+01
9.099999999999999645e+00
7.299999999999999822e+00
7.000000000000000000e+00
6.799999999999999822e+00
2.139999999999999858e+01
1.700000000000000000e+01
2.710000000000000142e+01
6.000000000000000000e+00
0.000000000000000000e+00
0.000000000000000000e+00
0.000000000000000000e+00
0.000000000000000000e+00
0.000000000000000000e+00
0.000000000000000000e+00
0.000000000000000000e+00
0.000000000000000000e+00
0.000000000000000000e+00
0.000000000000000000e+00
0.000000000000000000e+00
0.000000000000000000e+00
0.000000000000000000e+00
0.000000000000000000e+00
0.000000000000000000e+00
0.000000000000000000e+00
0.000000000000000000e+00
0.000000000000000000e+00
0.000000000000000000e+00
0.000000000000000000e+00
0.000000000000000000e+00
0.000000000000000000e+00
0.000000000000000000e+00
0.000000000000000000e+00
1.500000000000000000e+00
0.000000000000000000e+00
1.619999999999999929e+01
1.869999999999999929e+01
2.480000000000000071e+01
1.860000000000000142e+01
3.500000000000000000e+01
2.569999999999999929e+01
1.789999999999999858e+01
2.469999999999999929e+01
5.000000000000000000e+01
2.450000000000000000e+01
3.479999999999999716e+01
