3.520000000000000284e+01
3.570000000000000284e+01
3.260000000000000142e+01
3.389999999999999858e+01
1.910000000000000142e+01
1.939999999999999858e+01
3.670000000000000284e+01
4.300000000000000000e+01
5.770000000000000284e+01
4.089999999999999858e+01
3.060000000000000142e+01
2.130000000000000071e+01
3.139999999999999858e+01
3.589999999999999858e+01
2.489999999999999858e+01
1.559999999999999964e+01
3.620000000000000284e+01
3.720000000000000284e+01
4.910000000000000142e+01
5.179999999999999716e+01
2.610000000000000142e+01
3.250000000000000000e+01
2.330000000000000071e+01
2.960000000000000142e+01
2.639999999999999858e+01
2.069999999999999929e+01
4.910000000000000142e+01
5.179999999999999716e+01
2.610000000000000142e+01
3.250000000000000000e+01
2.330000000000000071e+01
2.960000000000000142e+01
2.639999999999999858e+01
2.069999999999999929e+01
2.639999999999999858e+01
2.069999999999999929e+01
4.239999999999999858e+01
2.419999999999999929e+01
2.189999999999999858e+01
6.979999999999999716e+01
8.740000000000000568e+01
3.000000000000000000e+01
4.470000000000000284e+01
2.389999999999999858e+01
3.039999999999999858e+01
6.089999999999999858e+01
5.539999999999999858e+01
2.280000000000000071e+01
3.300000000000000000e+01
2.860000000000000142e+01
2.010000000000000142e+01
2.119999999999999929e+01
9.450000000000000000e+01
4.060000000000000142e+01
3.000000000000000000e+01
2.730000000000000071e+01
0.000000000000000000e+00
5.360000000000000142e+01
0.000000000000000000e+00
0.000000000000000000e+00
0.000000000000000000e+00
0.000000000000000000e+00
0.000000000000000000e+00
0.000000000000000000e+00
2.200000000000000178e+00
4.400000000000000355e+00
0.000000000000000000e+00
6.570000000000000284e+01
0.000000000000000000e+00
0.000000000000000000e+00
0.000000000000000000e+00
0.000000000000000000e+00
0.000000000000000000e+00
5.000000000000000000e+00
0.000000000000000000e+00
0.000000000000000000e+00
1.119999999999999929e+01
0.000000000000000000e+00
0.000000000000000000e+00
0.000000000000000000e+00
3.970000000000000284e+01
0.000000000000000000e+00
1.650000000000000000e+01
2.380000000000000071e+01
0.000000000000000000e+00
0.000000000000000000e+00
0.000000000000000000e+00
0.000000000000000000e+00
0.000000000000000000e+00
0.000000000000000000e+00
0.000000000000000000e+00
0.000000000000000000e+00
0.000000000000000000e+00
0.000000000000000000e+00
0.000000000000000000e+00
0.000000000000000000e+00
4.910000000000000142e+01
5.179999999999999716e+01
2.610000000000000142e+01
3.250000000000000000e+01
2.330000000000000071e+01
2.960000000000000142e+01
2.639999999999999858e+01
2.069999999999999929e+01
2.639999999999999858e+01
2.069999999999999929e+01
4.239999999999999858e+01
2.419999999999999929e+01
2.189999999999999858e+01
6.979999999999999716e+01
8.740000000000000568e+01
3.000000000000000000e+01
4.470000000000000284e+01
2.389999999999999858e+01
3.039999999999999858e+01
6.089999999999999858e+01
5.539999999999999858e+01
2.280000000000000071e+01
3.300000000000000000e+01
2.860000000000000142e+01
2.010000000000000142e+01
2.119999999999999929e+01
9.450000000000000000e+01
4.060000000000000142e+01
4.910000000000000142e+01
5.179999999999999716e+01
2.610000000000000142e+01
3.250000000000000000e+01
2.330000000000000071e+01
2.960000000000000142e+01
2.639999999999999858e+01
2.069999999999999929e+01
2.639999999999999858e+01
2.069999999999999929e+01
4.239999999999999858e+01
2.419999999999999929e+01
2.189999999999999858e+01
6.979999999999999716e+01
8.740000000000000568e+01
3.000000000000000000e+01
4.470000000000000284e+01
2.389999999999999858e+01
3.039999999999999858e+01
6.089999999999999858e+01
