2.110000000000000142e+01
3.069999999999999929e+01
6.020000000000000284e+01
3.779999999999999716e+01
3.080000000000000071e+01
4.900000000000000000e+01
2.410000000000000142e+01
3.239999999999999858e+01
2.789999999999999858e+01
2.800000000000000000e+01
3.579999999999999716e+01
1.780000000000000071e+01
1.180000000000000071e+01
4.239999999999999858e+01
3.779999999999999716e+01
2.489999999999999858e+01
4.510000000000000142e+01
2.200000000000000000e+01
4.770000000000000284e+01
3.689999999999999858e+01
3.989999999999999858e+01
2.810000000000000142e+01
2.960000000000000142e+01
2.080000000000000071e+01
3.639999999999999858e+01
3.720000000000000284e+01
4.729999999999999716e+01
2.760000000000000142e+01
4.379999999999999716e+01
3.629999999999999716e+01
3.729999999999999716e+01
3.220000000000000284e+01
3.289999999999999858e+01
3.150000000000000000e+01
2.960000000000000142e+01
2.080000000000000071e+01
3.639999999999999858e+01
3.720000000000000284e+01
4.729999999999999716e+01
2.760000000000000142e+01
4.379999999999999716e+01
3.629999999999999716e+01
