2.600000000000000000e+01
3.169999999999999929e+01
5.770000000000000284e+01
2.989999999999999858e+01
3.550000000000000000e+01
2.939999999999999858e+01
2.039999999999999858e+01
2.039999999999999858e+01
3.520000000000000284e+01
3.510000000000000142e+01
0.000000000000000000e+00
0.000000000000000000e+00
0.000000000000000000e+00
0.000000000000000000e+00
2.960000000000000142e+01
0.000000000000000000e+00
0.000000000000000000e+00
5.360000000000000142e+01
2.039999999999999858e+01
3.520000000000000284e+01
2.039999999999999858e+01
3.520000000000000284e+01
