3.770000000000000284e+01
3.770000000000000284e+01
4.179999999999999716e+01
3.420000000000000284e+01
2.119999999999999929e+01
3.130000000000000071e+01
2.119999999999999929e+01
3.770000000000000284e+01
0.000000000000000000e+00
0.000000000000000000e+00
2.539999999999999858e+01
1.639999999999999858e+01
3.000000000000000000e+00
3.000000000000000000e+00
0.000000000000000000e+00
0.000000000000000000e+00
0.000000000000000000e+00
0.000000000000000000e+00
3.770000000000000284e+01
4.179999999999999716e+01
3.420000000000000284e+01
2.119999999999999929e+01
3.130000000000000071e+01
2.119999999999999929e+01
3.770000000000000284e+01
4.179999999999999716e+01
3.420000000000000284e+01
2.119999999999999929e+01
3.130000000000000071e+01
