5.739999999999999858e+01
2.889999999999999858e+01
1.109999999999999964e+01
5.389999999999999858e+01
9.800000000000000711e+00
5.389999999999999858e+01
3.320000000000000284e+01
8.500000000000000000e+00
1.380000000000000071e+01
5.200000000000000178e+00
1.209999999999999964e+01
5.389999999999999858e+01
3.320000000000000284e+01
3.100000000000000000e+01
2.250000000000000000e+01
4.739999999999999858e+01
3.270000000000000284e+01
2.189999999999999858e+01
4.250000000000000000e+01
1.380000000000000071e+01
1.209999999999999964e+01
3.100000000000000000e+01
1.080000000000000071e+01
2.250000000000000000e+01
4.739999999999999858e+01
3.270000000000000284e+01
2.189999999999999858e+01
4.250000000000000000e+01
2.010000000000000142e+01
