1.739999999999999858e+01
3.060000000000000142e+01
7.190000000000000568e+01
1.889999999999999858e+01
4.960000000000000142e+01
2.819999999999999929e+01
6.120000000000000284e+01
3.589999999999999858e+01
1.409999999999999964e+01
4.470000000000000284e+01
2.780000000000000071e+01
6.000000000000000000e+01
3.839999999999999858e+01
4.320000000000000284e+01
6.490000000000000568e+01
2.719999999999999929e+01
6.089999999999999858e+01
2.819999999999999929e+01
5.039999999999999858e+01
2.839999999999999858e+01
3.900000000000000000e+01
3.839999999999999858e+01
4.320000000000000284e+01
6.490000000000000568e+01
