3.689999999999999858e+01
2.389999999999999858e+01
2.480000000000000071e+01
3.550000000000000000e+01
1.419999999999999929e+01
3.579999999999999716e+01
1.130000000000000071e+01
3.579999999999999716e+01
3.250000000000000000e+01
2.539999999999999858e+01
3.700000000000000000e+01
2.330000000000000071e+01
3.539999999999999858e+01
3.939999999999999858e+01
1.119999999999999929e+01
0.000000000000000000e+00
4.000000000000000000e+01
1.459999999999999964e+01
0.000000000000000000e+00
2.739999999999999858e+01
3.579999999999999716e+01
3.250000000000000000e+01
2.539999999999999858e+01
3.700000000000000000e+01
2.330000000000000071e+01
3.539999999999999858e+01
3.579999999999999716e+01
3.250000000000000000e+01
2.539999999999999858e+01
3.700000000000000000e+01
