3.639999999999999858e+01
2.280000000000000071e+01
2.610000000000000142e+01
1.040000000000000036e+01
4.579999999999999716e+01
3.239999999999999858e+01
3.239999999999999858e+01
2.000000000000000000e+01
2.339999999999999858e+01
3.979999999999999716e+01
3.300000000000000000e+01
3.229999999999999716e+01
3.870000000000000284e+01
3.570000000000000284e+01
3.160000000000000142e+01
5.579999999999999716e+01
3.160000000000000142e+01
5.610000000000000142e+01
5.039999999999999858e+01
2.039999999999999858e+01
2.460000000000000142e+01
2.919999999999999929e+01
2.230000000000000071e+01
3.130000000000000071e+01
4.179999999999999716e+01
2.200000000000000000e+01
3.189999999999999858e+01
3.270000000000000284e+01
3.350000000000000000e+01
4.439999999999999858e+01
2.180000000000000071e+01
7.800000000000000000e+01
4.089999999999999858e+01
3.470000000000000284e+01
2.369999999999999929e+01
3.989999999999999858e+01
3.460000000000000142e+01
3.920000000000000284e+01
3.639999999999999858e+01
3.770000000000000284e+01
3.510000000000000142e+01
3.239999999999999858e+01
2.000000000000000000e+01
2.339999999999999858e+01
3.979999999999999716e+01
3.300000000000000000e+01
3.229999999999999716e+01
3.870000000000000284e+01
3.570000000000000284e+01
3.160000000000000142e+01
5.579999999999999716e+01
3.160000000000000142e+01
5.610000000000000142e+01
5.039999999999999858e+01
2.039999999999999858e+01
2.460000000000000142e+01
2.919999999999999929e+01
2.230000000000000071e+01
3.130000000000000071e+01
4.179999999999999716e+01
2.200000000000000000e+01
3.189999999999999858e+01
3.270000000000000284e+01
3.350000000000000000e+01
4.439999999999999858e+01
2.180000000000000071e+01
7.800000000000000000e+01
4.089999999999999858e+01
3.470000000000000284e+01
2.369999999999999929e+01
3.989999999999999858e+01
3.460000000000000142e+01
3.920000000000000284e+01
3.639999999999999858e+01
3.770000000000000284e+01
3.510000000000000142e+01
3.560000000000000142e+01
3.239999999999999858e+01
2.000000000000000000e+01
2.339999999999999858e+01
3.979999999999999716e+01
3.300000000000000000e+01
3.229999999999999716e+01
3.870000000000000284e+01
3.570000000000000284e+01
3.160000000000000142e+01
5.579999999999999716e+01
5.610000000000000142e+01
2.039999999999999858e+01
2.460000000000000142e+01
2.919999999999999929e+01
2.230000000000000071e+01
3.130000000000000071e+01
4.179999999999999716e+01
2.200000000000000000e+01
3.189999999999999858e+01
3.270000000000000284e+01
3.239999999999999858e+01
2.000000000000000000e+01
2.339999999999999858e+01
3.979999999999999716e+01
3.300000000000000000e+01
3.229999999999999716e+01
3.870000000000000284e+01
3.570000000000000284e+01
3.160000000000000142e+01
5.579999999999999716e+01
5.610000000000000142e+01
