1.340000000000000036e+01
7.050000000000000000e+01
7.050000000000000000e+01
4.720000000000000284e+01
3.620000000000000284e+01
3.050000000000000000e+01
3.110000000000000142e+01
3.270000000000000284e+01
7.050000000000000000e+01
4.720000000000000284e+01
3.620000000000000284e+01
3.050000000000000000e+01
3.110000000000000142e+01
3.270000000000000284e+01
7.050000000000000000e+01
4.720000000000000284e+01
3.620000000000000284e+01
3.050000000000000000e+01
3.110000000000000142e+01
7.050000000000000000e+01
4.720000000000000284e+01
3.620000000000000284e+01
