1.590000000000000036e+01
1.269999999999999929e+01
1.419999999999999929e+01
1.419999999999999929e+01
2.469999999999999929e+01
8.800000000000000711e+00
8.699999999999999289e+00
9.500000000000000000e+00
2.469999999999999929e+01
3.620000000000000284e+01
3.239999999999999858e+01
2.560000000000000142e+01
2.539999999999999858e+01
2.680000000000000071e+01
5.220000000000000284e+01
5.060000000000000142e+01
1.130000000000000071e+01
1.050000000000000000e+01
2.539999999999999858e+01
2.680000000000000071e+01
5.220000000000000284e+01
5.060000000000000142e+01
1.669999999999999929e+01
2.280000000000000071e+01
5.220000000000000284e+01
