5.310000000000000142e+01
3.300000000000000000e+01
1.630000000000000071e+01
4.110000000000000142e+01
4.239999999999999858e+01
1.119999999999999929e+01
1.409999999999999964e+01
4.120000000000000284e+01
3.139999999999999858e+01
4.120000000000000284e+01
8.199999999999999289e+00
3.139999999999999858e+01
1.780000000000000071e+01
3.920000000000000284e+01
0.000000000000000000e+00
0.000000000000000000e+00
0.000000000000000000e+00
0.000000000000000000e+00
0.000000000000000000e+00
1.150000000000000000e+01
1.869999999999999929e+01
1.450000000000000000e+01
1.009999999999999964e+01
3.750000000000000000e+01
3.770000000000000284e+01
3.750000000000000000e+01
3.130000000000000071e+01
1.209999999999999964e+01
2.069999999999999929e+01
2.319999999999999929e+01
1.369999999999999929e+01
2.169999999999999929e+01
2.139999999999999858e+01
