1.269999999999999929e+01
4.370000000000000284e+01
2.050000000000000000e+01
6.120000000000000284e+01
2.530000000000000071e+01
2.260000000000000142e+01
2.589999999999999858e+01
2.369999999999999929e+01
3.789999999999999858e+01
3.689999999999999858e+01
2.010000000000000142e+01
2.010000000000000142e+01
4.120000000000000284e+01
4.370000000000000284e+01
2.050000000000000000e+01
6.120000000000000284e+01
2.530000000000000071e+01
2.260000000000000142e+01
2.589999999999999858e+01
2.369999999999999929e+01
3.789999999999999858e+01
3.689999999999999858e+01
2.010000000000000142e+01
2.010000000000000142e+01
4.120000000000000284e+01
4.370000000000000284e+01
2.050000000000000000e+01
6.120000000000000284e+01
2.530000000000000071e+01
2.260000000000000142e+01
4.370000000000000284e+01
2.050000000000000000e+01
6.120000000000000284e+01
