1.989999999999999858e+01
1.910000000000000142e+01
1.939999999999999858e+01
4.150000000000000000e+01
1.739999999999999858e+01
3.729999999999999716e+01
1.319999999999999929e+01
3.229999999999999716e+01
3.010000000000000142e+01
2.169999999999999929e+01
2.450000000000000000e+01
1.250000000000000000e+01
4.770000000000000284e+01
1.739999999999999858e+01
1.650000000000000000e+01
2.169999999999999929e+01
2.450000000000000000e+01
4.770000000000000284e+01
3.589999999999999858e+01
2.080000000000000071e+01
3.239999999999999858e+01
3.139999999999999858e+01
2.230000000000000071e+01
3.370000000000000284e+01
3.779999999999999716e+01
3.069999999999999929e+01
0.000000000000000000e+00
1.509999999999999964e+01
3.100000000000000089e+00
0.000000000000000000e+00
0.000000000000000000e+00
0.000000000000000000e+00
0.000000000000000000e+00
0.000000000000000000e+00
0.000000000000000000e+00
0.000000000000000000e+00
0.000000000000000000e+00
0.000000000000000000e+00
0.000000000000000000e+00
2.169999999999999929e+01
2.450000000000000000e+01
4.770000000000000284e+01
3.589999999999999858e+01
2.080000000000000071e+01
3.239999999999999858e+01
3.139999999999999858e+01
2.230000000000000071e+01
3.370000000000000284e+01
2.169999999999999929e+01
2.450000000000000000e+01
4.770000000000000284e+01
3.589999999999999858e+01
2.080000000000000071e+01
3.239999999999999858e+01
3.139999999999999858e+01
