1.069999999999999929e+01
3.250000000000000000e+01
3.850000000000000000e+01
2.189999999999999858e+01
1.090000000000000036e+01
8.500000000000000000e+00
1.369999999999999929e+01
9.690000000000000568e+01
2.069999999999999929e+01
1.730000000000000071e+01
4.239999999999999858e+01
1.319999999999999929e+01
2.369999999999999929e+01
3.620000000000000284e+01
9.690000000000000568e+01
2.069999999999999929e+01
4.239999999999999858e+01
2.369999999999999929e+01
3.620000000000000284e+01
2.019999999999999929e+01
4.489999999999999858e+01
2.610000000000000142e+01
1.369999999999999929e+01
1.730000000000000071e+01
1.319999999999999929e+01
1.300000000000000000e+01
2.019999999999999929e+01
4.489999999999999858e+01
2.610000000000000142e+01
2.400000000000000000e+01
2.319999999999999929e+01
