4.539999999999999858e+01
3.100000000000000000e+01
2.460000000000000142e+01
3.200000000000000000e+01
7.359999999999999432e+01
2.960000000000000142e+01
3.760000000000000142e+01
3.000000000000000000e+01
3.439999999999999858e+01
2.960000000000000142e+01
3.750000000000000000e+01
3.150000000000000000e+01
3.839999999999999858e+01
3.529999999999999716e+01
3.110000000000000142e+01
3.000000000000000000e+01
3.439999999999999858e+01
2.960000000000000142e+01
3.750000000000000000e+01
3.150000000000000000e+01
