2.239999999999999858e+01
3.839999999999999858e+01
2.600000000000000000e+01
2.600000000000000000e+01
2.010000000000000142e+01
3.260000000000000142e+01
3.239999999999999858e+01
3.970000000000000284e+01
3.589999999999999858e+01
3.670000000000000284e+01
2.600000000000000000e+01
2.010000000000000142e+01
3.260000000000000142e+01
3.239999999999999858e+01
3.970000000000000284e+01
3.589999999999999858e+01
3.670000000000000284e+01
2.600000000000000000e+01
2.010000000000000142e+01
3.260000000000000142e+01
3.239999999999999858e+01
2.600000000000000000e+01
2.010000000000000142e+01
3.260000000000000142e+01
