3.270000000000000284e+01
2.119999999999999929e+01
5.520000000000000284e+01
4.660000000000000142e+01
3.539999999999999858e+01
5.020000000000000284e+01
3.879999999999999716e+01
3.229999999999999716e+01
4.100000000000000000e+01
3.460000000000000142e+01
2.139999999999999858e+01
2.119999999999999929e+01
5.520000000000000284e+01
4.660000000000000142e+01
3.539999999999999858e+01
5.020000000000000284e+01
3.879999999999999716e+01
3.229999999999999716e+01
4.100000000000000000e+01
3.460000000000000142e+01
2.139999999999999858e+01
2.119999999999999929e+01
5.520000000000000284e+01
4.660000000000000142e+01
3.539999999999999858e+01
5.020000000000000284e+01
3.879999999999999716e+01
3.229999999999999716e+01
4.100000000000000000e+01
2.119999999999999929e+01
5.520000000000000284e+01
4.660000000000000142e+01
3.539999999999999858e+01
