2.000000000000000000e+01
3.150000000000000000e+01
4.039999999999999858e+01
2.580000000000000071e+01
2.460000000000000142e+01
4.039999999999999858e+01
3.539999999999999858e+01
4.460000000000000142e+01
2.689999999999999858e+01
4.460000000000000142e+01
2.689999999999999858e+01
6.690000000000000568e+01
5.679999999999999716e+01
4.479999999999999716e+01
5.550000000000000000e+01
6.650000000000000000e+01
3.450000000000000000e+01
4.479999999999999716e+01
5.550000000000000000e+01
6.650000000000000000e+01
