4.070000000000000284e+01
2.160000000000000142e+01
1.209999999999999964e+01
1.380000000000000071e+01
3.150000000000000000e+01
4.110000000000000142e+01
2.830000000000000071e+01
1.750000000000000000e+01
3.239999999999999858e+01
1.939999999999999858e+01
3.030000000000000071e+01
3.310000000000000142e+01
2.830000000000000071e+01
3.239999999999999858e+01
3.030000000000000071e+01
3.310000000000000142e+01
3.610000000000000142e+01
3.750000000000000000e+01
3.829999999999999716e+01
2.460000000000000142e+01
2.480000000000000071e+01
3.789999999999999858e+01
3.650000000000000000e+01
2.119999999999999929e+01
2.300000000000000000e+01
3.010000000000000142e+01
4.179999999999999716e+01
4.179999999999999716e+01
3.620000000000000284e+01
2.600000000000000000e+01
2.539999999999999858e+01
2.300000000000000000e+01
3.010000000000000142e+01
4.179999999999999716e+01
3.650000000000000000e+01
