1.180000000000000071e+01
1.930000000000000071e+01
1.590000000000000036e+01
2.369999999999999929e+01
2.369999999999999929e+01
4.550000000000000000e+01
3.520000000000000284e+01
4.660000000000000142e+01
2.460000000000000142e+01
2.269999999999999929e+01
2.630000000000000071e+01
2.100000000000000000e+01
2.100000000000000000e+01
3.080000000000000071e+01
2.119999999999999929e+01
3.650000000000000000e+01
3.539999999999999858e+01
3.080000000000000071e+01
2.730000000000000071e+01
3.080000000000000071e+01
2.100000000000000000e+01
