1.140000000000000036e+01
2.380000000000000071e+01
3.250000000000000000e+01
3.360000000000000142e+01
4.979999999999999716e+01
2.030000000000000071e+01
3.279999999999999716e+01
2.339999999999999858e+01
3.489999999999999858e+01
2.369999999999999929e+01
4.220000000000000284e+01
2.380000000000000071e+01
3.250000000000000000e+01
3.360000000000000142e+01
4.979999999999999716e+01
2.030000000000000071e+01
3.279999999999999716e+01
2.339999999999999858e+01
3.489999999999999858e+01
2.369999999999999929e+01
4.220000000000000284e+01
2.380000000000000071e+01
3.250000000000000000e+01
3.360000000000000142e+01
4.979999999999999716e+01
2.380000000000000071e+01
3.250000000000000000e+01
3.360000000000000142e+01
