4.150000000000000000e+01
3.489999999999999858e+01
1.910000000000000142e+01
1.019999999999999929e+01
3.300000000000000000e+01
3.300000000000000000e+01
3.119999999999999929e+01
3.200000000000000000e+01
3.879999999999999716e+01
3.610000000000000142e+01
4.960000000000000142e+01
4.029999999999999716e+01
2.360000000000000142e+01
2.869999999999999929e+01
3.500000000000000000e+01
4.560000000000000142e+01
2.650000000000000000e+01
2.180000000000000071e+01
4.029999999999999716e+01
2.360000000000000142e+01
2.869999999999999929e+01
