2.280000000000000071e+01
2.750000000000000000e+01
3.270000000000000284e+01
3.570000000000000284e+01
1.400000000000000000e+01
2.689999999999999858e+01
4.700000000000000000e+01
2.519999999999999929e+01
5.729999999999999716e+01
3.019999999999999929e+01
3.130000000000000071e+01
2.689999999999999858e+01
4.700000000000000000e+01
2.519999999999999929e+01
5.729999999999999716e+01
3.019999999999999929e+01
3.130000000000000071e+01
2.689999999999999858e+01
4.700000000000000000e+01
2.689999999999999858e+01
4.700000000000000000e+01
